DEPTH;CAL;NPHI;DT;GR;RHOB;RLLD;RT;BS
28.540.000;117.301;0.1689;661.330;629.330;24.639;73.194;47.113;92.500
28.545.000;128.258;0.2028;661.171;646.600;24.792;14.814;0.7520;92.500
28.550.000;116.805;0.1879;643.786;669.060;25.137;33.782;19.726;92.500
28.555.000;106.683;0.1669;627.153;700.470;25.864;136.513;91.723;92.500
28.560.000;106.684;0.1056;624.420;719.610;26.516;355.276;269.653;92.500
28.565.000;106.922;0.0860;623.495;736.440;26.676;298.216;221.619;92.500
28.570.000;107.204;0.0892;623.074;755.620;26.452;483.881;375.433;92.500
28.575.000;107.479;0.0951;614.710;773.360;26.294;399.167;305.910;92.500
28.580.000;107.754;0.1011;601.381;785.500;26.193;346.865;262.960;92.500
28.585.000;108.029;0.1036;601.464;782.600;26.173;347.825;263.795;92.500
28.590.000;108.296;0.0943;599.872;767.600;26.269;349.642;265.331;92.500
28.595.000;108.405;0.0855;583.503;744.060;26.440;393.957;301.783;92.500
28.600.000;108.487;0.0767;570.593;736.810;26.581;460.596;356.544;92.500
28.605.000;108.875;0.0749;558.715;758.080;26.432;575.706;451.752;92.500
28.610.000;109.247;0.0843;548.390;780.550;26.614;615.399;484.861;92.500
28.615.000;109.617;0.0968;565.829;795.320;26.730;434.964;335.731;92.500
28.620.000;110.600;0.1241;569.722;797.540;26.774;339.618;257.472;92.500
28.625.000;111.675;0.1516;566.949;790.850;26.428;255.641;186.795;92.500
28.630.000;112.757;0.1505;578.122;779.330;26.388;265.274;194.996;92.500
28.635.000;112.659;0.1412;585.532;753.420;26.434;290.842;216.420;92.500
28.640.000;112.777;0.1412;593.233;718.450;26.474;317.138;238.700;92.500
28.645.000;114.015;0.1559;587.912;693.610;26.188;331.192;250.908;92.500
28.650.000;115.207;0.1665;569.815;666.390;26.214;276.941;205.176;92.500
28.655.000;116.316;0.1634;568.305;627.400;26.364;255.641;187.563;92.500
28.660.000;114.624;0.1306;567.450;606.230;26.635;300.361;224.806;92.500
28.665.000;112.530;0.0804;553.827;566.400;27.045;389.498;298.878;92.500
28.670.000;112.765;0.0483;540.252;538.600;26.944;515.135;402.421;92.500
28.675.000;113.026;0.0333;528.605;518.680;26.846;680.533;540.219;92.500
28.680.000;113.279;0.0338;529.670;507.660;27.007;827.544;663.950;92.500
28.685.000;113.523;0.0371;528.627;511.620;27.150;853.292;685.776;92.500
28.690.000;113.651;0.0434;525.640;533.500;26.993;858.489;690.207;92.500
28.695.000;113.785;0.0497;520.795;568.790;26.845;842.883;677.050;92.500
28.700.000;113.919;0.0602;515.840;595.200;26.895;802.635;643.104;92.500
28.705.000;114.052;0.0755;511.673;614.910;26.619;701.780;558.292;92.500
28.710.000;114.187;0.0929;508.648;627.360;26.571;578.149;455.023;92.500
28.715.000;114.393;0.1106;511.878;634.830;26.510;476.299;370.686;92.500
28.720.000;114.500;0.1316;518.219;639.180;26.646;377.294;289.182;92.500
28.725.000;114.487;0.1477;524.753;634.620;26.758;267.083;196.795;92.500
28.730.000;114.130;0.1579;529.382;614.830;26.705;267.168;196.805;92.500
28.735.000;114.600;0.1673;533.809;573.180;26.922;269.784;199.071;92.500
28.740.000;114.616;0.1435;537.998;543.190;27.185;293.678;219.152;92.500
28.745.000;114.513;0.1199;541.130;517.330;27.465;330.320;250.250;92.500
28.750.000;114.405;0.0920;539.328;499.270;27.415;384.423;295.039;92.500
28.755.000;114.302;0.0775;535.389;493.180;27.365;447.039;346.566;92.500
28.760.000;114.361;0.0614;531.994;495.440;27.324;541.139;424.308;92.500
28.765.000;114.462;0.0466;531.399;502.920;27.283;681.313;541.226;92.500
28.770.000;114.562;0.0377;530.106;511.370;27.233;757.679;605.386;92.500
28.775.000;114.666;0.0355;526.644;530.470;27.129;839.076;674.064;92.500
28.780.000;114.562;0.0379;522.263;545.440;26.785;959.241;778.132;92.500
28.785.000;114.348;0.0454;518.726;563.670;26.614;916.020;739.880;92.500
28.790.000;114.133;0.0540;521.072;602.490;26.547;851.689;684.567;92.500
28.795.000;113.916;0.0720;538.921;639.070;26.501;772.863;617.984;92.500
28.800.000;113.699;0.0910;559.174;701.840;26.525;561.028;440.659;92.500
28.805.000;113.504;0.1106;580.437;768.240;26.695;305.325;228.797;92.500
28.810.000;113.625;0.1312;603.150;807.900;26.210;177.472;123.338;92.500
28.815.000;114.187;0.1609;606.737;821.260;26.282;184.450;128.996;92.500
28.820.000;114.740;0.1561;604.879;804.060;26.400;195.791;138.199;92.500
28.825.000;114.756;0.1341;595.971;759.350;26.341;202.875;143.934;92.500
28.830.000;114.551;0.1103;571.199;707.040;26.454;141.450;96.171;92.500
28.835.000;114.290;0.0998;547.549;663.140;26.574;77.417;49.925;92.500
28.840.000;114.672;0.0908;524.513;638.240;26.711;27.598;15.531;92.500
28.845.000;115.100;0.0986;505.407;636.700;26.923;15.805;0.8013;92.500
28.850.000;115.028;0.1037;504.270;651.670;26.878;84.510;83.325;92.500
28.855.000;114.398;0.0760;505.163;669.160;27.031;239.617;226.925;92.500
28.860.000;114.638;0.0655;506.155;662.920;27.088;609.511;554.061;92.500
28.865.000;114.910;0.0673;507.517;653.840;26.820;572.071;521.783;92.500
28.870.000;114.978;0.0687;510.308;635.870;26.885;525.654;481.537;92.500
28.875.000;115.043;0.0531;513.922;604.590;26.943;625.202;567.684;92.500
28.880.000;114.923;0.0350;518.076;577.900;26.955;852.984;762.099;92.500
28.885.000;114.755;0.0252;521.527;551.290;26.828;1.164.660;1.023.582;92.500
28.890.000;114.816;0.0256;522.988;541.400;26.826;1.350.585;1.177.675;92.500
28.895.000;114.890;0.0287;523.264;541.380;26.614;1.256.470;1.099.864;92.500
28.900.000;114.768;0.0363;522.339;553.520;26.694;1.106.928;975.466;92.500
28.905.000;114.773;0.0410;519.808;573.890;26.813;930.017;827.118;92.500
28.910.000;114.891;0.0485;516.308;594.230;26.935;781.381;701.305;92.500
28.915.000;115.012;0.0569;527.296;609.190;26.933;548.917;501.737;92.500
28.920.000;115.132;0.0653;526.677;626.410;26.767;425.122;393.679;92.500
28.925.000;115.257;0.0768;526.097;626.400;26.436;452.504;417.743;92.500
28.930.000;115.091;0.0733;527.891;622.980;26.406;477.269;439.379;92.500
28.935.000;114.767;0.0641;525.797;607.980;26.583;612.673;556.803;92.500
28.940.000;114.449;0.0473;525.424;592.980;26.754;1.023.890;905.900;92.500
28.945.000;114.131;0.0363;522.977;595.940;26.855;1.247.982;1.092.561;92.500
28.950.000;113.811;0.0423;507.246;619.270;26.765;1.060.393;936.264;92.500
28.955.000;113.701;0.0541;505.963;646.540;26.652;762.269;684.688;92.500
28.960.000;113.700;0.0707;503.854;669.000;26.679;503.057;461.558;92.500
28.965.000;113.703;0.0916;519.112;687.070;26.680;517.127;473.806;92.500
28.970.000;113.679;0.1064;519.707;687.050;26.669;535.693;489.933;92.500
28.975.000;113.200;0.0998;518.997;687.040;26.471;598.561;544.227;92.500
28.980.000;112.725;0.0799;521.367;687.020;26.274;615.399;558.625;92.500
28.985.000;112.232;0.0772;519.641;680.930;26.574;500.246;458.769;92.500
28.990.000;112.898;0.0996;519.971;673.980;26.598;398.475;369.619;92.500
28.995.000;113.890;0.1170;518.529;658.980;26.705;446.270;411.972;92.500
29.000.000;113.505;0.1192;501.800;653.740;26.883;484.404;445.243;92.500
29.005.000;111.241;0.0843;502.635;662.630;26.763;1.143.492;1.004.790;92.500
29.010.000;110.986;0.0543;503.521;662.610;26.814;979.939;867.934;92.500
29.015.000;110.721;0.0577;504.097;659.770;26.646;722.295;649.760;92.500
29.020.000;110.461;0.0746;504.465;644.770;26.546;532.391;486.296;92.500
29.025.000;110.254;0.0970;504.988;629.770;26.447;466.310;428.714;92.500
29.030.000;110.111;0.1120;504.744;626.080;26.507;497.408;455.805;92.500
29.035.000;109.838;0.1016;505.865;628.040;26.567;590.408;536.340;92.500
29.040.000;109.649;0.0865;524.277;645.410;26.778;700.796;631.094;92.500
29.045.000;109.297;0.0840;550.978;671.680;26.652;754.241;676.601;92.500
29.050.000;108.900;0.0888;580.076;717.200;26.428;656.354;592.832;92.500
29.055.000;108.508;0.0990;609.505;756.460;26.200;543.592;495.536;92.500
29.060.000;108.119;0.1114;637.844;803.810;25.964;440.703;405.846;92.500
29.065.000;107.990;0.1379;666.144;878.700;25.716;404.621;374.082;92.500
29.070.000;107.892;0.1641;690.508;954.220;25.468;402.177;371.884;92.500
29.075.000;107.693;0.1937;696.984;1.003.680;25.222;342.720;318.720;92.500
29.080.000;106.904;0.1877;696.832;1.048.610;24.980;165.403;157.769;92.500
29.085.000;105.179;0.1665;695.417;1.090.580;24.192;104.669;101.240;92.500
29.090.000;103.465;0.1661;722.671;1.106.140;23.305;86.127;83.680;92.500
29.095.000;102.221;0.1784;749.781;1.087.890;23.136;80.468;78.235;92.500
29.100.000;101.722;0.1809;773.944;1.001.900;22.959;99.034;95.586;92.500
29.105.000;101.736;0.1753;799.728;856.720;22.813;127.840;122.374;92.500
29.110.000;101.759;0.1701;821.304;740.130;22.869;149.520;142.400;92.500
29.115.000;101.784;0.1771;842.793;680.530;22.922;94.898;91.726;92.500
29.120.000;101.807;0.1848;861.859;655.500;22.974;66.308;64.835;92.500
29.125.000;101.830;0.1749;855.675;647.990;23.026;41.185;40.883;92.500
29.130.000;101.853;0.1848;854.043;644.010;23.078;32.158;32.131;92.500
29.135.000;101.875;0.1927;856.070;650.070;23.103;29.113;29.165;92.500
29.140.000;101.910;0.2005;860.027;656.410;23.014;28.564;28.631;92.500
29.145.000;102.211;0.2081;864.221;663.890;22.953;36.970;36.824;92.500
29.150.000;102.520;0.2105;868.088;668.270;22.981;48.376;47.826;92.500
29.155.000;102.702;0.2165;870.247;668.250;22.995;63.388;62.142;92.500
29.160.000;102.698;0.2161;870.659;662.160;22.910;74.042;72.223;92.500
29.165.000;102.697;0.1894;869.884;653.540;22.826;56.075;55.190;92.500
29.170.000;102.747;0.1796;869.694;641.210;22.908;43.009;42.693;92.500
29.175.000;103.163;0.1796;868.004;633.710;23.003;32.988;33.003;92.500
29.180.000;103.512;0.1902;863.256;631.700;23.078;31.623;31.689;92.500
29.185.000;103.547;0.2021;857.959;650.760;23.154;36.992;36.920;92.500
29.190.000;103.750;0.2061;852.150;658.240;23.281;44.114;43.820;92.500
29.195.000;103.951;0.2008;845.277;658.390;23.454;49.749;49.240;92.500
29.200.000;104.152;0.1913;836.351;649.880;23.497;47.228;46.837;92.500
29.205.000;104.373;0.1806;821.346;636.890;23.521;44.447;44.180;92.500
29.210.000;104.690;0.1685;803.110;623.710;23.543;42.512;42.338;92.500
29.215.000;104.999;0.1666;780.270;622.670;23.556;45.094;44.843;92.500
29.220.000;105.308;0.1533;752.107;643.740;24.105;48.571;48.205;92.500
29.225.000;105.617;0.1238;729.663;655.880;24.728;68.937;67.655;92.500
29.230.000;105.926;0.0941;709.137;668.030;25.158;107.182;103.671;92.500
29.235.000;106.235;0.0644;690.425;668.010;25.573;279.757;261.799;92.500
29.240.000;106.543;0.0255;676.951;663.770;25.855;678.069;610.774;92.500
29.245.000;106.698;0.0143;668.198;661.900;25.971;1.265.930;1.104.894;92.500
29.250.000;106.773;0.0207;661.731;647.790;25.879;621.116;561.974;92.500
29.255.000;106.863;0.0375;660.213;635.170;25.763;470.120;431.254;92.500
29.260.000;107.051;0.0611;641.258;635.260;25.919;346.865;322.290;92.500
29.265.000;107.376;0.0952;622.742;661.840;26.237;385.429;356.828;92.500
29.270.000;107.675;0.1267;608.436;703.230;26.305;432.858;398.848;92.500
29.275.000;107.975;0.1432;593.962;762.780;26.432;486.124;445.451;92.500
29.280.000;108.334;0.1230;580.909;790.120;26.658;538.275;490.846;92.500
29.285.000;108.545;0.1080;584.514;807.670;26.820;598.561;542.997;92.500
29.290.000;108.617;0.1021;576.751;813.740;26.659;591.244;536.705;92.500
29.295.000;108.682;0.1004;591.373;806.110;26.504;530.565;484.240;92.500
29.300.000;108.848;0.1133;610.963;798.600;26.412;497.493;455.544;92.500
29.305.000;109.049;0.1295;620.792;791.090;26.516;503.789;461.067;92.500
29.310.000;109.250;0.1456;637.345;777.200;26.286;515.577;471.360;92.500
29.315.000;109.451;0.1508;657.040;770.000;26.141;530.801;484.623;92.500
29.320.000;109.663;0.1375;668.162;759.970;26.166;522.451;477.425;92.500
29.325.000;109.481;0.1213;694.615;748.910;26.168;506.997;463.953;92.500
29.330.000;109.192;0.1249;708.664;728.510;25.877;479.317;439.781;92.500
29.335.000;108.927;0.1275;719.210;706.150;25.577;433.459;399.629;92.500
29.340.000;109.449;0.1251;736.860;663.290;25.218;309.145;288.889;92.500
29.345.000;109.846;0.1338;752.154;632.830;24.838;194.861;185.260;92.500
29.350.000;107.517;0.1480;766.550;606.870;24.448;122.803;118.425;92.500
29.355.000;105.577;0.1688;777.641;594.440;24.150;77.157;75.430;92.500
29.360.000;106.384;0.1913;783.022;586.930;23.842;60.862;60.039;92.500
29.365.000;107.163;0.1891;784.755;582.510;23.487;53.106;52.685;92.500
29.370.000;107.110;0.1890;782.509;582.490;23.574;51.624;51.260;92.500
29.375.000;107.269;0.1916;777.333;582.480;23.709;60.559;59.821;92.500
29.380.000;107.702;0.1688;770.665;582.460;23.846;73.993;72.634;92.500
29.385.000;108.133;0.1537;764.352;590.430;23.983;90.407;88.180;92.500
29.390.000;108.562;0.1475;764.482;612.890;24.110;110.197;106.793;92.500
29.395.000;108.883;0.1461;771.232;637.130;24.169;100.062;97.336;92.500
29.400.000;108.742;0.1477;783.381;656.990;24.101;86.802;84.845;92.500
29.405.000;108.610;0.1587;799.105;669.720;24.018;75.245;73.904;92.500
29.410.000;108.477;0.1705;815.254;673.560;23.931;69.446;68.387;92.500
29.415.000;108.360;0.1823;828.854;673.540;23.840;65.596;64.713;92.500
29.420.000;108.108;0.1928;837.916;673.530;23.703;61.540;60.825;92.500
29.425.000;108.225;0.1967;841.515;671.700;23.622;63.859;63.046;92.500
29.430.000;108.324;0.2073;841.137;664.190;23.675;62.452;61.712;92.500
29.435.000;108.420;0.2059;836.823;655.240;23.720;61.128;60.456;92.500
29.440.000;108.549;0.2114;828.515;649.150;23.662;60.412;59.783;92.500
29.445.000;108.790;0.2076;815.543;641.670;23.773;66.265;65.386;92.500
29.450.000;108.897;0.2034;798.995;634.160;23.992;61.540;60.888;92.500
29.455.000;108.979;0.1959;777.919;622.450;24.211;63.859;63.109;92.500
29.460.000;109.142;0.1873;764.496;612.610;24.336;80.144;78.594;92.500
29.465.000;110.092;0.1697;750.789;599.480;24.295;99.223;96.680;92.500
29.470.000;111.033;0.1522;736.983;591.980;24.650;120.873;117.063;92.500
29.475.000;111.665;0.1353;732.069;580.680;24.893;125.428;121.391;92.500
29.480.000;110.626;0.1191;728.672;570.000;24.924;116.484;112.914;92.500
29.485.000;109.611;0.1153;727.253;562.840;24.571;96.458;94.028;92.500
29.490.000;108.594;0.1299;717.905;549.790;24.300;81.047;79.394;92.500
29.495.000;108.169;0.1411;699.072;542.280;24.407;74.042;72.721;92.500
29.500.000;108.722;0.1509;683.222;539.540;24.541;84.257;82.439;92.500
29.505.000;110.394;0.1569;664.224;533.340;25.587;126.593;122.313;92.500
29.510.000;111.983;0.1379;644.382;525.840;25.784;259.490;244.503;92.500
29.515.000;113.236;0.0885;626.427;518.330;26.008;569.532;519.044;92.500
29.520.000;113.248;0.0435;611.359;506.480;26.272;1.301.541;1.136.353;92.500
29.525.000;113.186;0.0323;609.541;496.910;26.162;1.593.416;1.376.232;92.500
29.530.000;113.117;0.0203;610.853;489.730;25.984;1.832.535;1.570.872;92.500
29.535.000;113.038;0.0203;616.507;484.730;25.829;1.717.670;1.477.525;92.500
29.540.000;112.956;0.0302;629.359;484.710;25.588;956.028;848.255;92.500
29.545.000;112.902;0.0466;644.883;484.690;25.323;407.359;377.474;92.500
29.550.000;112.891;0.0657;666.988;491.430;25.058;266.720;251.217;92.500
29.555.000;112.442;0.0847;694.974;500.990;24.797;171.624;164.305;92.500
29.560.000;111.961;0.1038;724.565;515.960;24.634;99.539;97.182;92.500
29.565.000;111.479;0.1212;748.643;533.270;24.474;102.172;99.603;92.500
29.570.000;110.980;0.1339;763.700;551.980;24.316;107.688;104.722;92.500
29.575.000;111.392;0.1456;773.054;566.940;24.247;116.542;113.058;92.500
29.580.000;112.003;0.1432;782.761;578.850;24.368;116.517;113.109;92.500
29.585.000;112.219;0.1240;790.687;586.320;24.188;120.927;117.257;92.500
29.590.000;110.555;0.1084;795.505;593.980;23.964;98.503;96.051;92.500
29.595.000;108.909;0.1265;799.811;593.970;23.877;73.761;72.520;92.500
29.600.000;108.316;0.1392;802.085;591.310;23.872;59.552;58.940;92.500
29.605.000;108.545;0.1449;802.963;583.800;23.973;54.067;53.706;92.500
29.610.000;108.742;0.1505;797.278;575.680;23.937;61.581;60.912;92.500
29.615.000;109.888;0.1403;782.337;574.860;24.063;76.974;75.659;92.500
29.620.000;110.344;0.1296;768.957;565.130;24.312;125.544;121.326;92.500
29.625.000;110.426;0.1064;758.938;553.770;24.622;206.662;196.138;92.500
29.630.000;110.489;0.0924;753.194;545.230;24.662;164.551;157.490;92.500
29.635.000;111.231;0.1034;756.968;539.130;24.534;112.892;109.623;92.500
29.640.000;109.897;0.1314;768.286;540.910;23.972;77.428;76.090;92.500
29.645.000;108.285;0.1637;787.031;554.810;23.419;53.070;52.730;92.500
29.650.000;107.198;0.1938;807.199;575.560;23.302;47.090;46.906;92.500
29.655.000;107.692;0.2161;817.452;587.710;23.242;43.718;43.687;92.500
29.660.000;107.697;0.2133;819.090;617.480;23.389;43.306;43.290;92.500
29.665.000;107.724;0.1989;808.848;644.650;24.155;58.319;57.713;92.500
29.670.000;108.425;0.1673;786.604;662.920;24.591;81.945;80.222;92.500
29.675.000;109.553;0.1463;757.151;684.910;25.096;118.105;114.290;92.500
29.680.000;110.674;0.1233;708.621;690.970;25.852;191.485;182.280;92.500
29.685.000;111.835;0.1088;658.847;688.600;25.978;312.353;292.207;92.500
29.690.000;112.098;0.1119;614.027;677.330;26.172;373.991;347.528;92.500
29.695.000;112.103;0.0840;574.081;660.530;26.561;415.330;384.323;92.500
29.700.000;112.100;0.0724;546.175;646.280;26.421;588.136;534.803;92.500
29.705.000;112.100;0.0608;527.665;618.240;26.518;745.973;670.158;92.500
29.710.000;112.100;0.0446;524.650;592.390;26.628;866.465;772.427;92.500
29.715.000;112.100;0.0399;539.010;569.280;26.720;804.619;720.036;92.500
29.720.000;112.100;0.0445;545.338;550.760;26.545;712.451;641.548;92.500
29.725.000;112.100;0.0427;551.007;531.280;26.395;669.303;604.619;92.500
29.730.000;112.050;0.0352;561.854;526.690;26.284;662.651;598.900;92.500
29.735.000;111.962;0.0277;571.264;522.340;26.473;793.741;710.755;92.500
29.740.000;111.875;0.0202;572.036;514.500;26.586;972.310;861.545;92.500
29.745.000;111.788;0.0127;564.401;507.330;26.346;1.228.898;1.075.632;92.500
29.750.000;111.700;0.0111;557.359;499.820;26.321;1.090.489;960.448;92.500
29.755.000;111.613;0.0183;557.078;496.220;26.474;950.757;843.344;92.500
29.760.000;111.525;0.0256;555.645;496.200;26.718;908.493;807.726;92.500
29.765.000;111.438;0.0356;545.858;502.270;26.922;935.804;830.706;92.500
29.770.000;111.350;0.0390;536.833;506.380;26.943;975.638;864.171;92.500
29.775.000;111.282;0.0366;534.364;517.870;27.036;1.041.366;919.251;92.500
29.780.000;111.241;0.0399;531.156;532.610;27.197;891.205;793.052;92.500
29.785.000;111.200;0.0430;527.541;551.520;27.356;846.055;754.878;92.500
29.790.000;111.158;0.0468;523.877;570.700;27.436;793.447;710.263;92.500
29.795.000;111.117;0.0490;521.014;578.180;27.277;706.964;636.575;92.500
29.800.000;111.076;0.0518;519.070;585.650;27.159;720.161;647.835;92.500
29.805.000;111.034;0.0603;517.059;587.250;26.890;679.614;613.153;92.500
29.810.000;110.993;0.0684;515.467;593.320;26.836;650.509;588.187;92.500
29.815.000;110.952;0.0659;514.409;595.930;26.771;681.292;614.566;92.500
29.820.000;110.910;0.0644;513.710;599.360;26.623;590.879;536.850;92.500
29.825.000;110.869;0.0792;513.737;599.350;26.734;535.693;489.105;92.500
29.830.000;110.828;0.0930;514.492;598.540;26.830;575.972;523.958;92.500
29.835.000;110.786;0.1000;515.245;593.240;26.760;706.964;636.476;92.500
29.840.000;110.744;0.0801;515.701;589.600;26.615;953.761;845.580;92.500
29.845.000;110.702;0.0517;529.548;587.130;26.499;1.291.757;1.127.291;92.500
29.850.000;110.684;0.0442;545.302;587.480;26.562;1.240.339;1.084.717;92.500
29.855.000;110.662;0.0510;565.960;598.510;26.536;1.111.930;977.970;92.500
29.860.000;110.639;0.0592;590.323;624.160;26.366;742.352;666.629;92.500
29.865.000;110.617;0.0762;613.302;660.010;26.007;495.573;454.177;92.500
29.870.000;110.595;0.1144;637.399;696.470;25.650;343.439;319.867;92.500
29.875.000;110.572;0.1526;661.275;751.860;25.361;280.408;263.148;92.500
29.880.000;110.550;0.1836;672.070;789.310;24.853;304.131;284.542;92.500
29.885.000;110.527;0.1957;682.985;814.210;24.504;362.775;337.166;92.500
29.890.000;110.503;0.1731;689.106;817.990;25.188;433.165;399.621;92.500
29.895.000;110.560;0.1495;693.338;805.820;25.704;530.515;484.528;92.500
29.900.000;110.636;0.1230;696.738;816.560;26.154;530.762;484.759;92.500
29.905.000;110.705;0.1037;698.956;831.540;25.934;485.998;445.848;92.500
29.910.000;110.844;0.1049;698.600;842.250;25.739;355.536;330.749;92.500
29.915.000;110.718;0.1074;694.508;842.230;25.536;236.389;223.274;92.500
29.920.000;110.419;0.0943;687.534;838.390;25.255;191.831;182.545;92.500
29.925.000;110.116;0.0762;683.067;810.080;25.139;188.409;179.359;92.500
29.930.000;109.817;0.0713;677.878;726.680;25.266;210.888;199.881;92.500
29.935.000;109.168;0.0605;670.365;695.980;25.141;247.887;233.444;92.500
29.940.000;108.614;0.0523;665.973;668.970;24.913;275.270;258.138;92.500
29.945.000;107.864;0.0611;665.060;656.870;24.553;226.065;213.386;92.500
29.950.000;106.861;0.0766;670.635;649.360;24.453;183.253;174.121;92.500
29.955.000;105.934;0.0921;680.753;647.580;24.487;188.409;178.699;92.500
29.960.000;105.347;0.1077;691.323;657.900;24.537;152.373;145.504;92.500
29.965.000;104.705;0.1232;706.042;687.860;24.338;120.856;116.244;92.500
29.970.000;104.495;0.1357;725.345;713.920;24.130;95.858;92.898;92.500
29.975.000;104.911;0.1373;743.091;726.550;23.946;76.031;74.292;92.500
29.980.000;105.020;0.1436;759.489;725.900;23.749;65.841;64.652;92.500
29.985.000;105.133;0.1507;771.507;718.390;23.584;65.051;63.912;92.500
29.990.000;105.248;0.1573;778.908;707.420;23.784;71.483;70.021;92.500
29.995.000;105.525;0.1561;780.869;696.090;23.916;74.639;73.033;92.500
30.000.000;105.743;0.1576;777.027;690.000;24.069;78.266;76.481;92.500
30.005.000;105.962;0.1598;766.748;693.230;24.014;76.449;74.785;92.500
30.010.000;106.183;0.1577;756.160;715.180;23.989;72.968;71.512;92.500
30.015.000;106.404;0.1526;755.038;747.330;24.088;71.353;70.002;92.500
30.020.000;106.625;0.1485;768.968;779.490;24.250;96.458;93.690;92.500
30.025.000;106.849;0.1371;760.605;814.750;24.610;153.726;146.962;92.500
30.030.000;107.039;0.1276;752.718;865.950;25.045;244.995;230.438;92.500
30.035.000;107.229;0.1204;748.362;925.910;25.182;402.177;371.648;92.500
30.040.000;107.511;0.1546;743.096;1.001.070;25.237;329.218;306.493;92.500
30.045.000;107.622;0.1969;738.732;1.056.080;25.032;285.643;267.311;92.500
30.050.000;107.822;0.2169;722.219;1.060.790;24.710;285.643;267.348;92.500
30.055.000;107.896;0.2093;738.496;1.045.450;24.167;319.505;297.845;92.500
30.060.000;108.219;0.1973;779.663;1.018.240;24.010;340.509;316.755;92.500
30.065.000;108.712;0.1927;810.301;976.830;23.508;318.657;297.241;92.500
30.070.000;108.889;0.1889;841.290;932.210;22.977;285.267;267.207;92.500
30.075.000;109.808;0.2308;863.421;893.020;22.751;255.375;240.340;92.500
30.080.000;109.511;0.2483;894.063;857.290;23.032;239.617;225.987;92.500
30.085.000;108.691;0.2565;928.297;828.840;23.097;243.356;229.238;92.500
30.090.000;108.813;0.2608;932.800;798.160;22.919;250.956;236.155;92.500
30.095.000;109.909;0.2596;955.342;792.020;23.404;244.090;230.119;92.500
30.100.000;110.903;0.2532;992.647;791.950;24.049;215.590;204.345;92.500
30.105.000;118.002;0.2397;1.031.892;798.100;23.541;191.567;183.496;92.500
30.110.000;127.658;0.2607;1.049.507;808.510;23.427;171.604;165.520;92.500
30.115.000;137.599;0.2889;1.040.759;822.110;24.014;166.730;161.171;92.500
30.120.000;126.595;0.2940;1.010.226;830.850;24.465;196.220;188.196;92.500
30.125.000;114.296;0.2958;956.143;840.200;25.709;252.898;238.894;92.500
30.130.000;108.582;0.2349;892.756;844.380;25.982;346.050;321.786;92.500
30.135.000;108.654;0.1607;824.086;852.200;26.073;485.675;445.068;92.500
30.140.000;108.861;0.0995;759.781;843.920;26.088;576.825;524.151;92.500
30.145.000;109.082;0.0931;718.449;818.780;25.600;464.814;426.968;92.500
30.150.000;109.294;0.0944;690.852;777.500;25.426;405.860;375.336;92.500
30.155.000;109.491;0.0977;675.595;742.470;25.317;376.969;349.616;92.500
30.160.000;109.382;0.1012;669.831;715.040;25.259;394.808;365.508;92.500
30.165.000;109.262;0.1028;665.619;693.690;25.399;457.524;420.635;92.500
30.170.000;109.137;0.1015;662.788;700.910;25.532;533.783;486.976;92.500
30.175.000;109.395;0.1008;664.056;723.930;25.610;587.593;533.568;92.500
30.180.000;109.840;0.1026;679.576;729.940;25.445;352.640;327.931;92.500
30.185.000;110.009;0.1058;701.174;726.060;24.904;214.025;202.763;92.500
30.190.000;108.146;0.1138;722.406;704.250;24.399;130.154;125.313;92.500
30.195.000;106.290;0.1237;742.439;668.910;24.104;109.561;105.908;92.500
30.200.000;104.368;0.1341;760.412;637.990;23.940;102.203;98.815;92.500
30.205.000;103.762;0.1390;777.888;613.760;23.968;102.335;98.870;92.500
30.210.000;103.550;0.1366;792.910;589.670;24.029;107.182;103.369;92.500
30.215.000;103.347;0.1369;793.760;574.550;24.086;100.653;97.252;92.500
30.220.000;103.428;0.1379;793.812;565.200;24.083;92.554;89.682;92.500
30.225.000;103.825;0.1205;793.831;557.750;23.985;85.106;82.733;92.500
30.230.000;104.218;0.1028;790.987;552.890;24.034;78.257;76.322;92.500
30.235.000;104.621;0.1044;782.955;556.990;23.880;71.960;70.412;92.500
30.240.000;104.592;0.1119;766.792;570.970;23.968;66.170;64.924;92.500
30.245.000;104.269;0.1229;749.945;587.010;24.180;64.452;63.266;92.500
30.250.000;105.102;0.1299;730.945;619.450;24.518;73.233;71.660;92.500
30.255.000;106.108;0.1224;710.464;653.110;24.845;88.739;86.380;92.500
30.260.000;107.121;0.1025;694.887;686.160;25.178;125.980;121.301;92.500
30.265.000;108.129;0.0855;680.190;713.140;25.544;178.858;170.270;92.500
30.270.000;108.854;0.0812;673.270;743.170;25.841;253.968;238.881;92.500
30.275.000;109.313;0.0873;677.774;773.170;26.120;361.572;335.810;92.500
30.280.000;109.373;0.0936;680.861;813.520;26.390;457.401;420.534;92.500
30.285.000;109.445;0.0957;681.858;832.070;26.200;467.034;428.963;92.500
30.290.000;109.515;0.0979;680.957;839.510;25.900;441.877;406.983;92.500
30.295.000;109.585;0.1000;665.162;843.690;26.007;421.209;388.879;92.500
30.300.000;109.656;0.0888;648.232;837.520;26.199;462.766;425.280;92.500
30.305.000;109.726;0.0778;630.359;831.090;26.395;538.449;491.134;92.500
30.310.000;109.797;0.0668;619.776;800.910;26.486;626.886;567.476;92.500
30.315.000;109.867;0.0604;617.858;773.710;26.527;632.710;572.498;92.500
30.320.000;110.035;0.0698;621.683;768.690;26.538;587.593;533.696;92.500
30.325.000;110.288;0.0896;628.438;782.440;26.338;445.770;410.551;92.500
30.330.000;110.539;0.1066;639.834;789.670;26.122;387.842;359.513;92.500
30.335.000;110.754;0.1088;651.463;791.790;25.921;370.135;343.747;92.500
30.340.000;110.897;0.0821;644.967;775.990;26.039;390.662;362.100;92.500
30.345.000;111.041;0.0624;622.180;690.950;26.184;426.210;393.564;92.500
30.350.000;111.186;0.0570;599.512;667.580;26.328;462.018;424.952;92.500
30.355.000;111.378;0.0606;578.414;665.810;26.467;458.464;421.887;92.500
30.360.000;111.750;0.0652;563.118;708.970;26.443;409.685;379.190;92.500
30.365.000;111.974;0.0772;556.050;760.260;26.490;434.827;401.316;92.500
30.370.000;112.198;0.0914;550.583;790.270;26.621;461.970;425.128;92.500
30.375.000;112.423;0.1064;560.485;812.070;26.535;490.771;450.314;92.500
30.380.000;112.566;0.1045;567.789;811.550;26.559;530.762;485.123;92.500
30.385.000;112.667;0.0935;570.694;802.050;26.636;525.876;480.905;92.500
30.390.000;112.767;0.0957;569.435;790.270;26.712;556.461;507.444;92.500
30.395.000;112.873;0.0909;563.351;787.450;26.634;638.588;578.302;92.500
30.400.000;112.806;0.0864;553.592;787.230;26.898;614.475;557.540;92.500
30.405.000;112.909;0.0892;543.506;776.450;26.706;587.593;534.388;92.500
30.410.000;113.035;0.0836;534.890;744.680;26.532;650.472;588.548;92.500
30.415.000;113.214;0.0844;527.494;699.470;26.648;726.852;653.971;92.500
30.420.000;113.332;0.0488;520.733;647.260;26.669;888.083;790.831;92.500
30.425.000;113.397;0.0329;515.642;617.700;26.808;1.112.205;978.834;92.500
30.430.000;113.460;0.0306;513.611;586.320;27.033;1.071.817;945.144;92.500
30.435.000;113.523;0.0300;514.608;572.950;27.095;1.277.862;1.116.440;92.500
30.440.000;113.586;0.0252;515.567;567.930;26.959;1.580.502;1.365.292;92.500
30.445.000;113.649;0.0227;514.916;571.880;26.828;1.467.799;1.272.989;92.500
30.450.000;113.757;0.0303;512.198;586.010;26.718;1.030.510;910.680;92.500
30.455.000;114.072;0.0508;526.935;606.680;26.741;726.516;653.907;92.500
30.460.000;114.383;0.0711;544.863;631.460;26.642;561.043;511.786;92.500
30.465.000;114.695;0.0873;564.147;665.190;26.411;566.255;516.372;92.500
30.470.000;115.010;0.0945;603.309;701.210;26.225;530.762;485.680;92.500
30.475.000;115.243;0.0872;645.338;727.590;26.267;600.746;546.303;92.500
30.480.000;115.189;0.1019;689.914;761.540;26.230;634.837;575.652;92.500
30.485.000;115.280;0.1180;736.727;799.770;25.570;438.583;405.292;92.500
30.490.000;115.066;0.1333;764.555;828.560;24.835;226.999;215.436;92.500
30.495.000;114.452;0.1465;789.217;828.270;24.168;128.291;124.381;92.500
30.500.000;113.938;0.1666;808.026;819.000;23.609;93.744;91.911;92.500
30.505.000;114.574;0.1917;809.420;791.420;23.318;71.353;70.725;92.500
30.510.000;115.209;0.1905;808.224;705.140;23.371;74.592;73.872;92.500
30.515.000;115.567;0.1898;804.204;615.420;23.418;77.916;77.072;92.500
30.520.000;115.800;0.1902;795.222;601.820;23.476;79.727;78.818;92.500
30.525.000;116.025;0.1933;783.215;594.220;23.402;73.360;72.771;92.500
30.530.000;116.250;0.1888;772.584;586.630;23.328;93.300;91.737;92.500
30.535.000;116.476;0.1830;765.648;572.560;23.406;89.709;88.361;92.500
30.540.000;116.693;0.1757;761.385;565.350;23.502;87.451;86.243;92.500
30.545.000;116.702;0.1884;757.888;557.750;23.537;93.300;91.784;92.500
30.550.000;116.699;0.1908;757.051;554.100;23.476;84.418;83.364;92.500
30.555.000;116.765;0.1889;762.128;560.100;23.599;79.727;78.910;92.500
30.560.000;116.860;0.1773;771.246;580.550;23.756;99.908;98.045;92.500
30.565.000;117.319;0.1825;781.954;603.040;23.698;112.254;109.721;92.500
30.570.000;117.903;0.1896;788.477;621.880;23.597;94.119;92.687;92.500
30.575.000;117.564;0.1935;790.330;626.670;23.464;80.351;79.580;92.500
30.580.000;117.298;0.1967;791.659;619.140;23.436;68.897;68.616;92.500
30.585.000;117.585;0.1999;794.360;598.410;23.485;65.655;65.531;92.500
30.590.000;117.904;0.1957;797.931;589.970;23.478;69.733;69.470;92.500
30.595.000;118.225;0.2010;800.801;602.040;23.542;76.263;75.745;92.500
30.600.000;118.544;0.2085;803.357;614.290;23.603;81.256;80.537;92.500
30.605.000;118.864;0.2099;806.659;621.730;23.795;79.734;79.117;92.500
30.610.000;119.184;0.2110;808.673;623.100;23.667;82.720;81.994;92.500
30.615.000;119.502;0.2047;808.622;615.500;23.664;78.179;77.694;92.500
30.620.000;119.772;0.1985;805.651;607.750;23.747;73.360;73.111;92.500
30.625.000;119.954;0.1920;800.923;592.930;23.652;74.932;74.632;92.500
30.630.000;120.104;0.1863;797.783;580.550;23.836;76.817;76.441;92.500
30.635.000;120.126;0.1873;798.496;581.310;23.936;79.051;78.576;92.500
30.640.000;120.187;0.2018;805.322;589.210;23.829;80.450;79.912;92.500
30.645.000;120.248;0.2120;816.885;604.260;24.012;73.360;73.134;92.500
30.650.000;120.310;0.2148;828.740;629.180;24.018;73.871;73.625;92.500
30.655.000;120.371;0.2167;838.259;666.940;23.837;74.730;74.448;92.500
30.660.000;120.432;0.2162;842.992;710.480;23.929;72.033;71.865;92.500
30.665.000;120.489;0.2135;834.733;730.010;24.193;75.259;74.955;92.500
30.670.000;120.643;0.2027;818.262;742.860;24.389;78.027;77.604;92.500
30.675.000;121.044;0.1881;793.519;746.730;24.851;89.122;88.181;92.500
30.680.000;122.240;0.1577;765.838;746.650;25.345;117.234;114.754;92.500
30.685.000;125.161;0.1605;734.946;745.820;25.818;203.591;194.909;92.500
30.690.000;125.711;0.1540;711.026;732.520;26.023;351.217;328.650;92.500
30.695.000;125.927;0.1500;692.864;721.660;26.081;582.387;531.575;92.500
30.700.000;125.981;0.1519;684.291;715.940;26.133;536.333;491.649;92.500
30.705.000;126.030;0.1542;680.586;728.120;26.106;492.989;453.900;92.500
30.710.000;126.082;0.1505;678.745;734.040;26.007;540.669;495.414;92.500
30.715.000;126.001;0.1389;675.655;733.970;25.936;477.044;439.967;92.500
30.720.000;125.843;0.1266;677.425;733.890;25.800;410.401;381.453;92.500
30.725.000;125.679;0.1215;670.585;715.580;25.344;260.413;246.770;92.500
30.730.000;125.508;0.1294;661.514;668.090;25.317;220.482;210.386;92.500
30.735.000;125.745;0.1350;657.783;605.620;25.457;190.687;183.057;92.500
30.740.000;125.827;0.1417;658.151;556.980;25.511;173.684;167.380;92.500
30.745.000;125.913;0.1510;657.940;526.820;25.285;151.678;146.990;92.500
30.750.000;125.647;0.1524;657.100;486.630;24.941;123.891;121.053;92.500
30.755.000;124.872;0.1646;655.994;456.450;24.668;101.194;99.677;92.500
30.760.000;124.580;0.1717;660.442;437.690;24.862;89.911;88.980;92.500
30.765.000;125.304;0.1666;673.045;429.250;25.097;108.290;106.382;92.500
30.770.000;126.515;0.1653;690.168;430.390;25.050;140.148;136.265;92.500
30.775.000;127.511;0.1688;709.195;443.310;24.824;123.700;120.903;92.500
30.780.000;126.498;0.1900;737.794;457.750;24.374;100.882;99.406;92.500
30.785.000;123.624;0.2073;769.540;477.570;23.880;85.631;84.895;92.500
30.790.000;123.200;0.2301;796.407;490.870;23.713;72.736;72.574;92.500
30.795.000;123.315;0.2265;815.485;519.150;23.507;65.965;66.073;92.500
30.800.000;123.470;0.2136;819.050;538.450;23.576;63.892;64.079;92.500
30.805.000;123.436;0.2113;805.339;556.290;23.748;60.973;61.264;92.500
30.810.000;123.518;0.2082;786.047;562.310;23.931;65.568;65.694;92.500
30.815.000;124.238;0.2021;764.756;562.230;24.261;80.097;79.628;92.500
30.820.000;125.894;0.1894;743.872;562.160;24.643;97.844;96.521;92.500
30.825.000;127.523;0.1717;726.046;557.750;24.662;119.523;116.983;92.500
30.830.000;128.536;0.1691;712.536;549.840;24.454;141.094;137.177;92.500
30.835.000;127.746;0.1772;717.325;542.550;24.522;135.068;131.541;92.500
30.840.000;127.898;0.1821;728.475;534.950;24.599;112.589;110.470;92.500
30.845.000;127.865;0.1901;736.303;527.360;24.634;91.067;90.124;92.500
30.850.000;125.921;0.2046;739.828;513.060;23.967;74.592;74.387;92.500
30.855.000;124.179;0.2277;740.726;512.160;24.079;66.265;66.372;92.500
30.860.000;125.104;0.2365;742.288;506.840;24.246;77.751;77.398;92.500
30.865.000;124.980;0.2280;740.901;503.040;24.357;90.747;89.777;92.500
30.870.000;123.738;0.2240;730.776;494.520;24.471;88.509;87.632;92.500
30.875.000;123.344;0.2244;730.273;494.630;24.492;83.500;82.859;92.500
30.880.000;123.275;0.2277;736.990;497.060;24.633;103.768;102.081;92.500
30.885.000;124.675;0.2125;748.772;499.490;24.452;115.092;112.772;92.500
30.890.000;126.268;0.2103;768.120;506.370;24.072;123.129;120.344;92.500
30.895.000;125.749;0.2240;786.763;512.840;23.902;97.181;95.889;92.500
30.900.000;121.966;0.2506;804.099;526.140;23.826;76.668;76.318;92.500
30.905.000;119.921;0.2400;815.038;536.700;23.602;60.973;61.213;92.500
30.910.000;119.697;0.2303;815.855;551.670;23.694;63.271;63.410;92.500
30.915.000;119.861;0.2205;810.978;560.710;23.834;70.806;70.665;92.500
30.920.000;120.055;0.2269;803.293;575.530;23.976;82.732;82.079;92.500
30.925.000;120.097;0.2233;788.619;593.310;24.074;92.252;91.132;92.500
30.930.000;119.839;0.2117;764.569;615.800;24.153;93.888;92.665;92.500
30.935.000;119.776;0.2126;741.785;633.350;24.150;94.794;93.516;92.500
30.940.000;120.106;0.2071;723.948;660.790;24.238;99.723;98.208;92.500
30.945.000;118.677;0.1961;704.718;683.290;24.476;106.195;104.167;92.500
30.950.000;117.503;0.1850;679.319;705.770;24.911;121.996;118.868;92.500
30.955.000;117.532;0.1755;664.717;736.390;25.544;159.085;153.405;92.500
30.960.000;118.635;0.1737;655.409;770.520;26.182;225.222;214.392;92.500
30.965.000;119.362;0.1697;648.465;805.850;26.493;300.377;282.740;92.500
30.970.000;118.490;0.1669;641.821;832.220;26.245;391.255;364.093;92.500
30.975.000;117.650;0.1661;630.166;851.590;26.333;404.041;375.321;92.500
30.980.000;116.814;0.1576;630.496;850.610;26.438;437.441;404.537;92.500
30.985.000;115.961;0.1495;644.008;837.380;26.482;457.505;421.940;92.500
30.990.000;115.318;0.1488;649.992;823.100;26.496;477.657;439.417;92.500
30.995.000;114.490;0.1517;659.765;808.730;26.362;488.377;448.585;92.500
31.000.000;113.651;0.1490;671.659;936.170;26.431;466.310;429.136;92.500
31.005.000;112.582;0.1468;690.786;936.090;26.049;506.780;464.178;92.500
31.010.000;111.377;0.1520;717.458;911.700;25.342;421.599;389.488;92.500
31.015.000;110.202;0.1565;735.122;809.330;24.660;271.356;254.814;92.500
31.020.000;107.454;0.1448;749.505;712.150;24.081;106.195;102.876;92.500
31.025.000;104.729;0.1472;757.770;681.990;23.591;79.125;77.174;92.500
31.030.000;102.203;0.1709;762.727;650.000;23.415;60.412;59.249;92.500
31.035.000;100.898;0.1960;771.702;627.730;23.238;60.859;59.569;92.500
31.040.000;100.234;0.2041;773.799;602.430;23.143;64.478;62.941;92.500
31.045.000;99.999;0.1999;770.623;587.310;23.263;70.325;68.441;92.500
31.050.000;99.898;0.1938;768.117;576.740;23.354;72.016;70.024;92.500
31.055.000;99.900;0.1885;767.915;576.670;23.204;70.928;69.000;92.500
31.060.000;99.900;0.1901;771.087;578.720;23.104;64.652;63.076;92.500
31.065.000;99.900;0.1917;775.301;586.170;23.139;60.037;58.709;92.500
31.070.000;99.920;0.1949;779.677;594.670;23.076;58.296;57.060;92.500
31.075.000;99.960;0.1945;783.483;601.070;23.199;55.051;53.983;92.500
31.080.000;100.001;0.1965;786.285;608.510;23.140;53.432;52.446;92.500
31.085.000;100.042;0.1911;788.155;612.690;23.285;50.914;50.052;92.500
31.090.000;100.082;0.1864;789.572;618.680;23.425;48.483;47.737;92.500
31.095.000;100.123;0.1857;791.194;624.770;23.473;46.183;45.544;92.500
31.100.000;100.163;0.2008;793.694;630.700;23.377;44.114;43.568;92.500
31.105.000;100.204;0.2020;797.603;633.590;23.497;46.354;45.712;92.500
31.110.000;100.244;0.2076;802.343;636.630;23.229;50.257;49.440;92.500
31.115.000;100.285;0.2149;807.264;636.550;23.119;49.283;48.514;92.500
31.120.000;100.325;0.2090;811.100;643.770;23.028;54.055;53.063;92.500
31.125.000;100.366;0.2019;811.022;653.870;23.125;52.799;51.870;92.500
31.130.000;100.407;0.1957;809.596;668.840;23.229;51.025;50.184;92.500
31.135.000;100.447;0.1882;808.246;690.950;23.455;48.838;48.101;92.500
31.140.000;100.488;0.1854;809.211;711.850;23.763;53.594;52.636;92.500
31.145.000;100.528;0.1864;811.219;734.350;23.962;62.957;61.524;92.500
31.150.000;100.569;0.1837;812.448;756.840;24.036;73.955;71.911;92.500
31.155.000;100.609;0.1701;814.017;769.670;24.070;86.874;84.048;92.500
31.160.000;100.650;0.1777;815.198;755.630;24.096;99.539;95.890;92.500
31.165.000;100.693;0.1811;813.436;728.880;24.090;88.264;85.358;92.500
31.170.000;100.648;0.1802;806.762;691.190;23.912;89.876;86.863;92.500
31.175.000;100.581;0.1777;792.871;659.940;23.647;82.925;80.343;92.500
31.180.000;100.513;0.1977;776.721;647.420;23.662;76.274;74.088;92.500
31.185.000;100.445;0.1954;761.229;639.820;23.599;70.179;68.341;92.500
31.190.000;100.378;0.1902;747.926;632.220;23.725;65.051;63.492;92.500
31.195.000;100.306;0.1830;739.729;629.240;23.891;66.462;64.819;92.500
31.200.000;100.547;0.1737;735.845;629.180;23.916;67.502;65.823;92.500
31.205.000;100.916;0.1638;735.977;625.340;23.855;61.494;60.169;92.500
31.210.000;101.293;0.1539;738.231;622.950;23.902;57.578;56.484;92.500
31.215.000;101.679;0.1464;739.062;622.870;23.759;54.067;53.173;92.500
31.220.000;101.775;0.1609;737.135;622.790;23.883;56.762;55.745;92.500
31.225.000;101.874;0.1673;733.554;623.860;24.007;67.005;65.466;92.500
31.230.000;101.974;0.1514;728.768;631.310;24.122;80.736;78.422;92.500
31.235.000;102.076;0.1413;723.991;634.730;24.243;93.969;90.841;92.500
31.240.000;102.177;0.1320;720.410;640.720;24.140;104.326;100.523;92.500
31.245.000;102.279;0.1308;715.138;647.570;24.203;95.043;91.867;92.500
31.250.000;102.379;0.1340;706.752;652.740;24.098;83.255;80.828;92.500
31.255.000;102.472;0.1508;701.136;652.660;24.305;74.042;72.165;92.500
31.260.000;102.620;0.1500;695.946;658.650;24.544;80.667;78.419;92.500
31.265.000;103.349;0.1304;689.129;658.590;25.052;110.841;106.727;92.500
31.270.000;104.658;0.1083;680.253;658.510;25.586;176.599;167.623;92.500
31.275.000;105.983;0.0958;677.893;655.020;25.866;356.199;330.252;92.500
31.280.000;107.305;0.0832;685.644;646.190;25.667;598.561;542.276;92.500
31.285.000;108.525;0.0780;703.175;626.980;25.408;476.907;437.209;92.500
31.290.000;109.191;0.0997;726.090;591.800;25.109;352.263;327.363;92.500
31.295.000;109.840;0.1157;749.871;548.400;24.637;260.196;244.631;92.500
31.300.000;110.506;0.1317;774.933;531.910;24.344;208.146;197.414;92.500
31.305.000;111.173;0.1535;803.481;530.320;24.334;176.601;168.612;92.500
31.310.000;111.839;0.1576;825.953;532.980;24.437;149.836;144.018;92.500
31.315.000;112.506;0.1565;844.849;547.950;24.359;127.128;123.019;92.500
31.320.000;113.172;0.1660;853.455;567.170;24.274;110.767;107.812;92.500
31.325.000;113.769;0.1732;852.513;590.800;24.140;97.133;95.067;92.500
31.330.000;114.065;0.1788;845.071;633.590;24.236;90.270;88.622;92.500
31.335.000;114.366;0.1794;830.978;686.160;24.351;89.084;87.531;92.500
31.340.000;114.667;0.1810;808.150;745.900;24.314;93.300;91.547;92.500
31.345.000;114.968;0.1880;784.568;809.340;24.341;102.339;100.102;92.500
31.350.000;115.270;0.1950;756.977;848.790;24.625;128.302;124.466;92.500
31.355.000;115.572;0.2029;735.527;881.000;25.190;170.186;163.362;92.500
31.360.000;115.887;0.1934;723.629;918.540;25.653;235.161;222.959;92.500
31.365.000;116.249;0.1825;718.907;936.690;26.037;310.433;291.179;92.500
31.370.000;116.631;0.1780;711.857;929.640;26.115;337.375;315.472;92.500
31.375.000;117.014;0.1715;709.268;914.510;26.184;334.269;312.758;92.500
31.380.000;117.397;0.1641;703.858;896.050;26.150;337.375;315.621;92.500
31.385.000;117.781;0.1743;692.468;869.520;26.367;303.378;285.111;92.500
31.390.000;118.164;0.1865;687.441;863.220;26.300;283.013;266.793;92.500
31.395.000;118.547;0.1889;677.674;857.220;26.366;310.433;291.614;92.500
31.400.000;118.930;0.1923;670.538;851.060;26.412;304.744;286.559;92.500
31.405.000;119.301;0.1945;673.040;831.470;26.326;313.698;294.699;92.500
31.410.000;119.550;0.1816;674.441;802.280;26.191;328.144;307.745;92.500
31.415.000;119.791;0.1616;677.436;782.680;26.047;296.103;278.923;92.500
31.420.000;120.032;0.1661;687.810;775.080;25.902;270.226;255.550;92.500
31.425.000;120.274;0.1707;676.830;771.660;25.756;267.738;253.296;92.500
31.430.000;120.515;0.1725;675.416;771.580;25.676;296.078;278.944;92.500
31.435.000;120.757;0.1610;676.124;785.640;26.012;325.123;305.119;92.500
31.440.000;120.998;0.1522;675.935;800.610;26.424;376.193;350.897;92.500
31.445.000;121.247;0.1453;678.879;807.830;26.254;402.177;374.080;92.500
31.450.000;121.314;0.1499;680.655;813.820;25.994;396.706;369.204;92.500
31.455.000;121.334;0.1556;682.061;813.070;25.959;369.989;345.350;92.500
31.460.000;121.353;0.1613;696.298;807.600;25.803;334.553;313.595;92.500
31.465.000;121.372;0.1658;698.484;803.950;25.643;337.793;316.504;92.500
31.470.000;121.391;0.1804;694.924;801.360;25.443;299.318;281.874;92.500
31.475.000;121.410;0.1881;690.591;794.830;25.224;249.302;236.561;92.500
31.480.000;121.429;0.1841;686.676;787.230;25.003;207.644;198.522;92.500
31.485.000;121.448;0.1889;682.935;776.370;24.853;178.628;171.836;92.500
31.490.000;121.468;0.2009;679.407;752.420;24.893;153.726;148.786;92.500
31.495.000;121.486;0.1943;676.601;746.130;25.057;166.550;160.675;92.500
31.500.000;121.471;0.1877;674.306;732.520;25.206;184.664;177.401;92.500
31.505.000;121.350;0.1928;672.492;724.930;25.250;204.749;195.864;92.500
31.510.000;121.234;0.1871;671.569;717.330;25.417;224.598;214.035;92.500
31.515.000;121.118;0.1782;672.216;709.500;25.511;216.700;206.810;92.500
31.520.000;121.002;0.1821;674.937;703.340;25.522;210.520;201.149;92.500
31.525.000;120.883;0.1925;678.888;711.250;25.395;228.790;217.857;92.500
31.530.000;120.765;0.1905;683.221;737.840;25.707;254.455;241.234;92.500
31.535.000;120.645;0.1841;682.494;769.980;25.911;291.431;274.739;92.500
31.540.000;120.524;0.1781;681.172;782.980;26.079;346.865;324.631;92.500
31.545.000;120.404;0.1857;679.239;788.070;26.014;337.362;316.103;92.500
31.550.000;120.283;0.1725;661.109;784.190;26.157;359.459;335.914;92.500
31.555.000;120.163;0.1583;653.230;775.750;26.299;406.548;377.932;92.500
31.560.000;120.042;0.1408;645.835;768.390;26.318;459.811;424.740;92.500
31.565.000;119.922;0.1318;637.310;755.320;26.418;520.317;477.540;92.500
31.570.000;119.801;0.1228;621.732;747.720;26.298;593.800;541.204;92.500
31.575.000;119.681;0.1273;602.486;738.970;26.253;546.085;499.869;92.500
31.580.000;119.560;0.1374;584.510;732.220;26.391;483.881;445.694;92.500
31.585.000;119.440;0.1489;575.889;720.590;26.396;488.377;449.592;92.500
31.590.000;119.319;0.1581;556.140;717.330;26.518;461.448;426.021;92.500
31.595.000;119.199;0.1529;536.356;708.270;26.570;445.240;411.789;92.500
31.600.000;119.096;0.1566;518.624;702.130;26.434;471.259;434.556;92.500
31.605.000;119.060;0.1603;532.967;700.610;26.507;492.914;453.462;92.500
31.610.000;119.021;0.1653;534.207;695.900;26.563;497.171;457.165;92.500
31.615.000;118.981;0.1625;535.484;700.150;26.397;502.963;462.204;92.500
31.620.000;118.941;0.1504;540.866;701.820;26.312;508.812;467.289;92.500
31.625.000;118.895;0.1360;545.027;710.110;26.536;514.803;472.494;92.500
31.630.000;118.678;0.1336;554.447;725.080;26.473;517.895;475.133;92.500
31.635.000;118.454;0.1363;564.855;740.040;26.508;521.036;477.812;92.500
31.640.000;118.231;0.1463;564.933;768.380;26.596;517.698;474.857;92.500
31.645.000;118.008;0.1405;585.174;795.970;26.698;490.210;450.860;92.500
31.650.000;117.784;0.1478;606.895;825.990;26.663;457.805;422.489;92.500
31.655.000;117.561;0.1617;626.561;859.720;26.644;427.550;395.903;92.500
31.660.000;117.338;0.1761;642.654;895.740;26.733;399.360;371.008;92.500
31.665.000;117.115;0.1753;658.159;913.910;26.546;367.736;342.735;92.500
31.670.000;116.892;0.1711;669.443;907.750;26.615;335.260;313.596;92.500
31.675.000;116.669;0.1699;675.584;904.260;26.494;304.744;286.107;92.500
31.680.000;116.446;0.1702;676.117;889.350;26.342;314.526;294.874;92.500
31.685.000;116.223;0.1725;674.047;870.140;26.248;339.466;317.239;92.500
31.690.000;116.000;0.1626;678.954;839.960;26.374;366.383;341.302;92.500
31.695.000;115.776;0.1546;681.532;812.920;26.275;395.435;367.192;92.500
31.700.000;115.553;0.1477;678.429;813.070;26.310;417.277;386.451;92.500
31.705.000;115.334;0.1521;685.983;852.510;26.146;413.123;382.752;92.500
31.710.000;115.126;0.1576;693.445;882.220;26.348;405.246;375.776;92.500
31.715.000;114.926;0.1629;702.227;906.610;26.421;374.017;347.909;92.500
31.720.000;114.725;0.1597;714.032;917.330;26.300;329.870;308.332;92.500
31.725.000;114.523;0.1729;713.340;925.150;26.188;291.035;273.336;92.500
31.730.000;114.327;0.1747;712.017;922.950;26.120;256.845;242.368;92.500
31.735.000;114.075;0.1707;710.071;900.310;26.163;234.239;221.783;92.500
31.740.000;113.759;0.1639;701.570;823.110;25.719;218.513;207.394;92.500
31.745.000;113.438;0.1577;693.809;730.310;25.423;205.718;195.649;92.500
31.750.000;113.116;0.1493;684.836;686.170;25.285;201.008;191.287;92.500
31.755.000;112.782;0.1428;674.900;671.050;25.327;196.405;187.017;92.500
31.760.000;112.695;0.1422;670.821;655.930;25.380;195.508;186.181;92.500
31.765.000;112.549;0.1410;664.386;638.820;25.654;209.291;198.770;92.500
31.770.000;112.496;0.1456;659.444;632.670;25.887;220.346;208.853;92.500
31.775.000;112.499;0.1452;635.101;632.600;25.938;244.881;231.183;92.500
31.780.000;112.500;0.1161;609.091;639.210;26.025;275.270;258.718;92.500
31.785.000;112.500;0.0875;584.772;650.670;26.261;477.536;438.554;92.500
31.790.000;112.502;0.0647;558.796;657.000;26.611;872.770;777.237;92.500
31.795.000;112.506;0.0472;535.352;670.360;26.818;1.537.259;1.328.835;92.500
31.800.000;112.714;0.0536;535.287;680.850;27.021;1.386.525;1.205.205;92.500
31.805.000;112.766;0.0648;538.338;691.340;26.873;1.095.532;964.200;92.500
31.810.000;112.830;0.0759;539.851;692.860;26.577;764.069;685.210;92.500
31.815.000;112.897;0.0871;541.378;691.490;26.277;577.150;525.081;92.500
31.820.000;112.964;0.0983;541.531;683.890;26.194;485.617;445.697;92.500
31.825.000;113.031;0.1004;561.526;676.290;26.519;424.688;392.423;92.500
31.830.000;113.098;0.0942;584.508;680.390;26.586;453.034;417.275;92.500
31.835.000;113.165;0.0977;591.146;696.430;26.426;413.988;383.050;92.500
31.840.000;113.232;0.1028;598.573;719.150;26.130;384.005;356.474;92.500
31.845.000;113.297;0.1074;619.693;722.720;26.009;444.899;410.195;92.500
31.850.000;113.274;0.1120;640.046;728.720;26.139;469.230;431.465;92.500
31.855.000;113.246;0.1045;654.767;740.810;26.198;483.881;444.240;92.500
31.860.000;113.219;0.1008;654.037;734.350;26.174;436.285;402.629;92.500
31.865.000;113.192;0.1223;651.811;708.130;26.226;363.280;337.953;92.500
31.870.000;113.165;0.1376;647.893;673.700;26.029;314.129;293.873;92.500
31.875.000;113.138;0.1229;647.846;647.800;25.758;304.744;285.422;92.500
31.880.000;113.112;0.1088;645.145;619.460;25.593;327.477;305.857;92.500
31.885.000;113.008;0.0904;645.439;593.540;25.713;376.771;349.969;92.500
31.890.000;112.858;0.0776;653.093;570.050;25.712;454.496;418.492;92.500
31.895.000;112.708;0.0809;660.090;545.590;25.473;409.345;378.866;92.500
31.900.000;112.556;0.0898;668.949;542.550;25.173;259.292;244.258;92.500
31.905.000;112.477;0.1060;676.562;557.520;24.731;168.266;161.106;92.500
31.910.000;112.437;0.1227;681.949;572.490;24.453;112.254;109.100;92.500
31.915.000;112.399;0.1320;690.380;593.990;24.537;101.711;99.208;92.500
31.920.000;112.360;0.1416;692.905;623.100;24.690;102.339;99.794;92.500
31.925.000;112.322;0.1435;689.204;650.460;24.939;90.747;88.876;92.500
31.930.000;112.283;0.1612;683.120;681.170;25.181;101.744;99.226;92.500
31.935.000;112.244;0.1716;673.825;715.270;25.402;113.224;109.985;92.500
31.940.000;112.206;0.1583;667.855;736.170;25.677;158.381;151.945;92.500
31.945.000;112.167;0.1322;664.536;753.950;25.960;285.255;267.664;92.500
31.950.000;112.128;0.1250;643.372;753.800;26.230;434.663;400.964;92.500
31.955.000;112.099;0.1285;638.857;739.280;26.376;516.240;472.119;92.500
31.960.000;112.100;0.1271;640.039;733.140;26.398;491.882;450.937;92.500
31.965.000;112.100;0.1173;639.517;741.190;26.472;454.233;418.087;92.500
31.970.000;112.100;0.1221;647.158;752.130;26.283;418.486;386.764;92.500
31.975.000;112.100;0.1297;653.281;763.290;26.105;392.170;363.514;92.500
31.980.000;112.100;0.1363;654.158;763.220;26.137;387.573;359.416;92.500
31.985.000;112.100;0.1376;665.409;761.400;26.026;429.184;396.150;92.500
31.990.000;112.100;0.1134;660.576;747.420;26.059;467.231;429.440;92.500
31.995.000;112.100;0.0970;650.000;690.030;26.205;508.650;465.518;92.500
32.000.000;112.100;0.0919;640.453;629.180;26.297;538.165;491.131;92.500
32.005.000;112.156;0.0856;637.120;636.670;26.088;488.377;447.890;92.500
32.010.000;112.219;0.0744;632.156;644.160;26.126;497.493;455.840;92.500
32.015.000;112.282;0.0719;639.206;660.230;26.089;528.053;482.404;92.500
32.020.000;112.344;0.0691;634.051;702.070;25.998;588.717;534.887;92.500
32.025.000;112.409;0.0756;633.838;723.480;26.168;675.021;609.057;92.500
32.030.000;112.476;0.0961;640.727;748.480;26.108;604.998;548.949;92.500
32.035.000;112.715;0.1196;649.826;794.170;26.505;472.474;434.144;92.500
32.040.000;112.850;0.1441;657.462;872.220;26.612;321.932;300.812;92.500
32.045.000;113.005;0.1741;657.837;911.480;26.834;277.827;261.102;92.500
32.050.000;113.164;0.1664;643.767;939.370;26.964;277.827;261.131;92.500
32.055.000;113.323;0.1546;637.480;940.530;27.034;437.081;403.319;92.500
32.060.000;113.482;0.1242;618.423;872.160;27.011;541.871;494.656;92.500
32.065.000;113.640;0.0922;592.010;778.290;26.910;650.509;588.358;92.500
32.070.000;113.796;0.0712;561.263;725.260;26.763;703.270;633.574;92.500
32.075.000;113.851;0.0516;532.577;698.400;26.618;761.248;683.020;92.500
32.080.000;113.705;0.0314;515.799;671.490;26.550;1.015.682;897.662;92.500
32.085.000;113.562;0.0158;509.058;653.240;26.645;1.347.575;1.173.260;92.500
32.090.000;113.551;0.0111;506.833;629.400;26.776;1.765.989;1.515.398;92.500
32.095.000;113.691;0.0095;506.662;605.000;26.853;1.602.282;1.382.191;92.500
32.100.000;113.829;0.0164;507.374;602.730;26.662;1.385.430;1.204.516;92.500
32.105.000;113.969;0.0215;507.242;610.620;26.503;1.125.694;989.591;92.500
32.110.000;114.108;0.0276;505.977;624.830;26.426;968.152;857.918;92.500
32.115.000;114.247;0.0327;505.108;642.290;26.622;986.225;873.125;92.500
32.120.000;114.386;0.0435;506.046;660.910;26.786;986.225;873.165;92.500
32.125.000;114.525;0.0525;508.208;677.430;26.790;841.979;751.692;92.500
32.130.000;114.664;0.0648;511.307;691.590;26.857;705.319;635.541;92.500
32.135.000;114.803;0.0763;514.714;709.890;26.811;582.184;529.828;92.500
32.140.000;114.942;0.0877;518.445;717.390;26.826;502.859;461.103;92.500
32.145.000;115.081;0.0891;522.426;726.000;26.479;462.018;425.509;92.500
32.150.000;115.219;0.0867;525.191;725.990;26.507;494.603;453.975;92.500
32.155.000;115.301;0.0837;526.759;725.970;26.626;511.488;468.688;92.500
32.160.000;115.300;0.0804;528.967;725.960;26.651;495.345;454.638;92.500
32.165.000;115.300;0.0856;531.711;725.940;26.624;481.685;442.729;92.500
32.170.000;115.299;0.0896;548.121;732.010;26.497;470.642;433.089;92.500
32.175.000;115.306;0.0924;566.147;746.880;26.557;514.651;471.436;92.500
32.180.000;115.451;0.0811;583.764;756.290;26.449;571.369;520.633;92.500
32.185.000;115.544;0.0704;587.578;756.280;26.265;582.597;530.355;92.500
32.190.000;115.633;0.0743;586.780;750.180;26.357;541.955;495.212;92.500
32.195.000;115.738;0.0790;584.368;742.090;26.325;497.493;456.601;92.500
32.200.000;115.911;0.0863;578.228;729.480;26.476;465.707;428.905;92.500
32.205.000;116.079;0.0940;560.961;721.960;26.550;437.081;403.876;92.500
32.210.000;116.069;0.1017;558.766;719.720;26.590;408.172;378.471;92.500
32.215.000;116.032;0.1094;547.231;726.430;26.593;394.808;366.627;92.500
32.220.000;115.996;0.1151;549.765;733.920;26.553;406.891;377.327;92.500
32.225.000;115.959;0.1004;555.859;737.920;26.386;446.123;411.774;92.500
32.230.000;115.922;0.0885;559.459;750.060;26.593;470.642;433.215;92.500
32.235.000;115.886;0.0824;564.861;750.600;26.803;433.058;400.302;92.500
32.240.000;115.849;0.1035;569.893;763.890;26.880;452.913;417.694;92.500
32.245.000;115.813;0.1136;562.341;771.380;27.025;412.355;382.095;92.500
32.250.000;115.776;0.1044;568.822;778.870;26.976;395.146;366.873;92.500
32.255.000;115.737;0.1027;576.145;798.620;27.034;492.914;452.602;92.500
32.260.000;115.695;0.1008;584.576;806.020;26.852;475.014;436.978;92.500
32.265.000;116.113;0.1079;594.546;813.510;26.667;391.005;363.248;92.500
32.270.000;116.981;0.1287;604.337;825.200;26.481;316.208;296.436;92.500
32.275.000;117.565;0.1497;610.768;847.190;26.507;255.290;241.495;92.500
32.280.000;119.690;0.1680;627.384;859.330;26.607;220.676;210.330;92.500
32.285.000;122.072;0.1781;636.930;854.510;26.723;214.299;204.578;92.500
32.290.000;124.112;0.1765;647.600;839.480;26.405;224.022;213.497;92.500
32.295.000;125.318;0.1638;652.432;798.490;26.086;235.830;224.288;92.500
32.300.000;126.360;0.1558;634.020;722.490;26.252;238.763;226.974;92.500
32.305.000;127.749;0.1526;615.469;693.080;26.070;256.169;242.820;92.500
32.310.000;124.878;0.1661;596.785;682.100;26.216;286.816;270.546;92.500
32.315.000;120.824;0.1318;566.845;664.690;26.443;363.172;339.158;92.500
32.320.000;116.146;0.0888;546.103;639.640;26.519;537.201;491.185;92.500
32.325.000;114.280;0.0593;521.849;618.770;26.579;704.029;634.288;92.500
32.330.000;113.534;0.0335;504.512;609.940;26.647;797.272;713.471;92.500
32.335.000;113.102;0.0411;504.532;618.980;26.563;653.842;591.017;92.500
32.340.000;113.043;0.0503;504.394;634.220;26.504;474.047;435.538;92.500
32.345.000;112.984;0.0580;504.623;656.360;26.562;366.171;340.449;92.500
32.350.000;112.921;0.0612;504.182;676.140;26.457;355.612;330.994;92.500
32.355.000;112.704;0.0496;503.012;691.140;26.773;437.671;403.660;92.500
32.360.000;112.172;0.0340;502.517;701.030;26.909;556.348;506.821;92.500
32.365.000;111.646;0.0167;517.750;699.130;26.695;659.156;595.191;92.500
32.370.000;111.121;0.0123;535.163;684.100;26.567;761.248;682.192;92.500
32.375.000;110.691;0.0131;552.454;661.470;26.461;673.774;607.460;92.500
32.380.000;110.618;0.0122;571.739;628.020;26.306;606.192;549.441;92.500
32.385.000;110.514;0.0146;591.417;628.590;26.224;571.516;519.525;92.500
32.390.000;110.648;0.0190;599.108;642.100;26.386;593.051;538.130;92.500
32.395.000;110.831;0.0264;623.314;675.550;26.323;585.077;531.301;92.500
32.400.000;110.860;0.0378;635.221;725.230;26.401;543.677;495.539;92.500
32.405.000;110.657;0.0367;645.264;756.880;26.450;495.290;453.503;92.500
32.410.000;110.449;0.0383;658.708;798.630;26.078;451.285;415.086;92.500
32.415.000;110.146;0.0461;667.993;816.370;25.994;394.443;365.103;92.500
32.420.000;110.097;0.0620;676.653;811.850;26.033;276.902;259.706;92.500
32.425.000;110.094;0.0856;695.441;810.260;26.014;194.148;184.488;92.500
32.430.000;109.941;0.1022;692.013;802.890;25.825;154.503;148.021;92.500
32.435.000;109.669;0.1152;687.290;795.370;25.654;152.311;145.959;92.500
32.440.000;109.450;0.1027;683.315;771.300;25.815;167.067;159.532;92.500
32.445.000;109.232;0.0909;681.226;725.090;25.969;257.463;241.970;92.500
32.450.000;109.012;0.0853;676.538;706.840;26.005;293.352;274.341;92.500
32.455.000;108.792;0.0929;678.296;724.610;26.040;316.228;294.877;92.500
32.460.000;108.570;0.1056;682.235;765.900;26.130;296.406;277.008;92.500
32.465.000;108.499;0.1071;687.215;810.130;26.219;322.558;300.504;92.500
32.470.000;108.453;0.1062;693.698;836.620;26.137;338.959;315.201;92.500
32.475.000;108.409;0.1099;698.099;862.690;26.050;346.865;322.272;92.500
32.480.000;108.366;0.1156;701.277;874.290;25.946;271.157;254.197;92.500
32.485.000;108.324;0.1189;707.271;883.020;25.726;222.951;210.484;92.500
32.490.000;108.423;0.1145;706.293;883.010;25.508;189.930;180.360;92.500
32.495.000;108.676;0.1054;703.814;879.770;25.624;173.363;165.205;92.500
32.500.000;108.920;0.0966;702.648;864.740;25.734;201.220;190.765;92.500
32.505.000;108.910;0.0957;703.153;822.910;25.856;230.813;217.733;92.500
32.510.000;108.229;0.0981;708.151;791.760;25.932;267.466;250.835;92.500
32.515.000;107.560;0.1046;709.902;830.860;26.029;278.383;260.572;92.500
32.520.000;106.641;0.1155;708.981;883.400;26.114;290.193;271.049;92.500
32.525.000;105.196;0.1264;717.232;927.740;26.116;301.381;280.848;92.500
32.530.000;106.224;0.1349;726.288;955.830;25.907;313.317;291.768;92.500
32.535.000;106.029;0.1331;735.253;961.900;25.677;296.500;276.612;92.500
32.540.000;105.666;0.1233;744.746;934.410;25.435;283.027;264.410;92.500
32.545.000;105.449;0.1191;751.752;893.140;25.193;260.317;243.871;92.500
32.550.000;105.259;0.1282;764.960;852.430;24.861;207.401;195.811;92.500
32.555.000;104.786;0.1358;781.358;819.950;24.461;148.297;141.570;92.500
32.560.000;102.521;0.1441;791.748;791.850;24.053;96.654;93.369;92.500
32.565.000;100.186;0.1528;802.524;772.690;23.876;69.620;67.768;92.500
32.570.000;99.701;0.1656;810.380;761.180;23.700;54.889;53.789;92.500
32.575.000;99.697;0.1789;816.470;748.860;23.603;45.679;45.018;92.500
32.580.000;99.873;0.1824;818.520;738.180;23.741;49.933;49.088;92.500
32.585.000;100.062;0.1755;817.399;718.650;23.802;54.687;53.625;92.500
32.590.000;100.146;0.1793;813.782;703.620;23.731;59.881;58.560;92.500
32.595.000;100.443;0.1852;808.470;682.080;23.661;68.129;66.384;92.500
32.600.000;100.486;0.1881;803.517;667.480;23.726;66.326;64.685;92.500
32.605.000;100.402;0.1930;800.684;655.090;23.750;63.318;61.834;92.500
32.610.000;100.317;0.2009;799.350;647.570;23.356;60.446;59.109;92.500
32.615.000;100.233;0.2004;800.633;639.470;23.316;57.808;56.601;92.500
32.620.000;100.154;0.2038;804.212;632.520;23.456;55.443;54.350;92.500
32.625.000;100.335;0.2008;809.675;627.280;23.576;54.067;53.056;92.500
32.630.000;100.943;0.2025;807.137;627.260;23.431;54.569;53.578;92.500
32.635.000;101.544;0.2055;801.564;639.410;23.283;58.218;57.092;92.500
32.640.000;102.084;0.1962;794.548;666.630;23.414;63.284;61.940;92.500
32.645.000;102.533;0.1986;784.717;705.910;23.538;70.046;68.375;92.500
32.650.000;102.665;0.1895;772.670;721.730;23.628;72.016;70.247;92.500
32.655.000;102.615;0.1782;757.242;724.450;23.707;67.506;65.981;92.500
32.660.000;102.560;0.1668;741.273;724.440;23.922;63.997;62.655;92.500
32.665.000;102.491;0.1535;733.279;721.320;24.133;62.051;60.804;92.500
32.670.000;102.971;0.1399;727.959;706.290;24.422;75.560;73.617;92.500
32.675.000;104.424;0.1264;717.535;686.850;24.795;95.128;92.143;92.500
32.680.000;106.014;0.1188;707.965;675.740;25.040;121.691;117.101;92.500
32.685.000;107.227;0.1193;697.478;669.650;25.355;146.719;140.445;92.500
32.690.000;108.206;0.1322;688.202;669.640;25.054;137.720;132.253;92.500
32.695.000;108.437;0.1452;682.668;673.660;25.156;130.027;125.149;92.500
32.700.000;108.668;0.1510;679.285;693.920;25.187;137.355;131.975;92.500
32.705.000;108.900;0.1390;678.187;717.070;25.030;115.191;111.400;92.500
32.710.000;109.129;0.1258;688.425;766.600;25.518;127.918;123.278;92.500
32.715.000;109.291;0.1233;693.533;822.960;25.785;155.642;148.969;92.500
32.720.000;109.678;0.1249;700.897;876.230;25.960;205.039;194.365;92.500
32.725.000;110.219;0.1293;707.472;908.880;26.147;292.121;273.435;92.500
32.730.000;110.761;0.1591;709.504;952.070;26.356;319.166;297.869;92.500
32.735.000;113.191;0.2086;709.172;1.008.800;26.051;256.048;241.373;92.500
32.740.000;115.781;0.2336;720.646;1.028.150;25.625;226.684;215.127;92.500
32.745.000;117.641;0.2497;725.103;1.009.070;25.422;260.702;246.385;92.500
32.750.000;112.989;0.2345;731.077;943.020;24.955;275.270;258.735;92.500
32.755.000;114.751;0.2263;734.130;897.680;24.407;148.267;142.910;92.500
32.760.000;118.014;0.2506;733.380;875.130;24.083;138.955;134.701;92.500
32.765.000;121.297;0.2860;729.664;845.700;23.725;136.313;132.522;92.500
32.770.000;116.028;0.2980;728.891;838.450;24.113;159.921;153.880;92.500
32.775.000;112.717;0.2102;718.463;836.100;25.489;211.244;200.525;92.500
32.780.000;112.638;0.1707;712.228;855.620;26.252;334.269;311.780;92.500
32.785.000;113.742;0.1457;712.330;894.270;26.043;285.179;267.821;92.500
32.790.000;113.900;0.1686;712.720;913.280;25.783;229.162;217.063;92.500
32.795.000;114.072;0.1574;713.473;918.560;25.502;205.873;195.835;92.500
32.800.000;114.246;0.1192;716.810;903.950;25.601;199.965;190.455;92.500
32.805.000;114.414;0.1138;713.786;863.810;25.457;197.324;188.062;92.500
32.810.000;114.862;0.1169;708.406;838.210;25.620;201.462;191.925;92.500
32.815.000;114.902;0.1145;703.852;815.670;25.773;218.251;207.281;92.500
32.820.000;114.901;0.1122;697.983;799.700;25.822;245.108;231.739;92.500
32.825.000;114.922;0.1080;696.376;784.720;25.985;270.226;254.519;92.500
32.830.000;115.066;0.1094;695.049;784.650;25.953;250.956;237.078;92.500
32.835.000;115.208;0.1038;694.537;778.620;25.881;239.644;226.824;92.500
32.840.000;115.303;0.1032;695.220;784.680;25.808;231.982;219.867;92.500
32.845.000;115.413;0.1262;696.280;789.010;25.753;228.790;216.978;92.500
32.850.000;115.725;0.1418;697.436;796.810;25.845;246.358;233.017;92.500
32.855.000;116.039;0.1516;698.947;811.200;25.923;225.965;214.508;92.500
32.860.000;116.162;0.1486;700.661;823.650;25.745;194.925;186.137;92.500
32.865.000;116.239;0.1452;702.396;835.120;25.554;179.343;171.828;92.500
32.870.000;116.236;0.1514;703.365;845.380;25.445;168.531;161.861;92.500
32.875.000;115.856;0.1544;704.362;845.360;25.671;185.470;177.405;92.500
32.880.000;115.482;0.1520;707.803;843.160;25.768;214.176;203.652;92.500
32.885.000;115.108;0.1547;708.018;835.640;25.733;231.515;219.406;92.500
32.890.000;114.735;0.1615;707.399;857.480;25.872;252.586;238.495;92.500
32.895.000;114.361;0.1688;706.633;921.810;26.005;273.621;257.483;92.500
32.900.000;113.989;0.1797;705.309;992.990;26.082;291.181;273.274;92.500
32.905.000;113.652;0.1906;703.223;1.069.070;25.831;272.990;256.783;92.500
32.910.000;113.940;0.2079;700.440;1.137.050;25.877;230.961;218.701;92.500
32.915.000;114.996;0.2316;696.240;1.161.380;26.021;195.600;186.569;92.500
32.920.000;116.042;0.2554;695.125;1.168.880;25.250;165.596;159.120;92.500
32.925.000;117.098;0.2792;694.503;1.167.700;25.453;147.870;142.858;92.500
32.930.000;118.196;0.2850;693.942;1.148.360;25.747;146.780;141.997;92.500
32.935.000;116.505;0.2715;693.075;1.124.820;25.544;153.650;148.136;92.500
32.940.000;115.898;0.2499;693.604;1.104.370;25.486;162.201;155.962;92.500
32.945.000;117.245;0.2369;693.369;1.089.350;25.578;168.127;161.633;92.500
32.950.000;118.580;0.2320;692.959;1.078.270;25.502;170.485;164.008;92.500
32.955.000;118.706;0.2240;693.261;1.063.970;25.544;177.004;170.042;92.500
32.960.000;119.246;0.2118;693.021;1.062.490;25.328;183.253;175.883;92.500
32.965.000;119.866;0.2035;692.652;1.053.940;25.545;170.186;163.921;92.500
32.970.000;120.528;0.2207;691.936;1.061.430;25.692;167.665;161.618;92.500
32.975.000;119.384;0.2640;691.080;1.076.060;25.353;165.529;159.544;92.500
32.980.000;117.481;0.2582;722.206;1.075.320;25.359;168.619;162.120;92.500
32.985.000;116.653;0.2403;743.573;1.053.120;25.107;184.738;176.850;92.500
32.990.000;116.026;0.2295;749.658;998.400;25.137;218.710;207.877;92.500
32.995.000;114.045;0.2251;763.082;924.020;24.956;248.899;235.020;92.500
33.000.000;112.535;0.1910;775.441;869.300;25.292;253.288;238.736;92.500
33.005.000;108.118;0.1563;784.954;784.900;25.499;186.947;177.557;92.500
33.010.000;102.750;0.1477;791.389;721.970;25.014;133.033;127.189;92.500
33.015.000;103.096;0.1390;770.596;658.670;24.602;106.792;102.881;92.500
33.020.000;103.535;0.1303;766.982;595.680;24.422;89.877;87.123;92.500
33.025.000;103.910;0.1228;780.017;542.780;24.166;82.961;80.667;92.500
33.030.000;103.902;0.1338;792.211;520.210;24.063;75.481;73.622;92.500
33.035.000;103.900;0.1455;801.696;512.690;23.976;67.541;66.119;92.500
33.040.000;103.900;0.1572;813.672;510.520;23.839;58.952;57.968;92.500
33.045.000;103.900;0.1689;825.260;518.680;23.676;51.149;50.528;92.500
33.050.000;103.900;0.1662;829.659;543.310;23.808;49.291;48.751;92.500
33.055.000;103.899;0.1597;817.331;580.440;23.950;49.749;49.189;92.500
33.060.000;103.899;0.1620;795.546;625.960;24.192;48.838;48.317;92.500
33.065.000;104.000;0.1566;772.407;670.500;24.548;62.161;61.025;92.500
33.070.000;104.627;0.1396;750.256;712.000;25.045;76.073;74.247;92.500
33.075.000;105.243;0.1129;729.586;748.390;25.343;123.915;119.058;92.500
33.080.000;106.325;0.0984;711.138;820.420;25.640;202.025;191.054;92.500
33.085.000;107.704;0.1118;697.633;881.200;25.869;263.076;246.733;92.500
33.090.000;109.073;0.1338;697.317;984.010;25.982;342.387;318.338;92.500
33.095.000;109.563;0.1662;700.915;1.080.500;26.135;384.005;355.616;92.500
33.100.000;108.692;0.1949;700.986;1.108.510;26.092;343.990;319.698;92.500
33.105.000;107.818;0.1719;699.408;1.087.830;26.212;328.144;305.332;92.500
33.110.000;108.400;0.1502;698.885;1.046.170;25.931;346.865;322.214;92.500
33.115.000;108.618;0.1334;697.960;1.016.000;25.768;322.131;300.090;92.500
33.120.000;108.505;0.1248;697.197;1.008.750;25.844;339.884;315.984;92.500
33.125.000;108.962;0.1192;696.013;1.008.740;25.754;357.364;331.712;92.500
33.130.000;109.502;0.1176;696.267;1.014.800;25.668;376.876;349.243;92.500
33.135.000;109.692;0.1454;696.122;1.000.320;25.710;338.134;314.644;92.500
33.140.000;108.148;0.1695;708.960;959.700;25.608;261.088;245.011;92.500
33.145.000;106.671;0.1621;724.078;893.170;25.220;224.598;211.667;92.500
33.150.000;105.897;0.1508;740.495;848.780;24.801;202.570;191.479;92.500
33.155.000;105.836;0.1546;761.113;805.470;24.740;169.018;160.763;92.500
33.160.000;105.591;0.1613;781.187;774.230;24.497;123.397;118.618;92.500
33.165.000;104.472;0.1593;801.782;753.290;24.252;90.090;87.416;92.500
33.170.000;103.022;0.1798;822.690;747.200;24.009;67.900;66.381;92.500
33.175.000;102.305;0.1943;832.016;732.300;23.766;59.470;58.333;92.500
33.180.000;102.261;0.2038;841.159;720.060;23.706;54.569;53.670;92.500
33.185.000;102.230;0.2065;847.298;708.310;23.521;52.811;51.992;92.500
33.190.000;102.202;0.2041;845.933;698.510;23.433;51.109;50.367;92.500
33.195.000;102.172;0.2043;836.389;692.420;23.505;49.478;48.808;92.500
33.200.000;102.143;0.2045;822.712;694.830;23.693;47.601;47.012;92.500
33.205.000;102.112;0.1919;804.366;702.330;23.810;44.884;44.409;92.500
33.210.000;102.254;0.1816;779.724;710.610;23.935;46.671;46.130;92.500
33.215.000;102.524;0.1783;760.630;725.300;24.321;57.494;56.472;92.500
33.220.000;103.368;0.1487;739.392;759.450;24.742;72.246;70.518;92.500
33.225.000;104.281;0.1249;723.851;804.480;25.761;134.802;129.017;92.500
33.230.000;105.195;0.1185;716.426;941.550;26.259;245.119;230.030;92.500
33.235.000;106.126;0.1284;709.608;1.017.200;26.060;346.169;321.138;92.500
33.240.000;106.310;0.1592;706.875;1.083.780;26.378;405.914;374.372;92.500
33.245.000;105.884;0.1749;707.527;1.108.770;26.451;346.865;321.713;92.500
33.250.000;105.353;0.1619;703.277;1.098.020;26.219;390.571;360.616;92.500
33.255.000;104.820;0.1554;703.877;1.075.210;26.297;425.122;390.897;92.500
33.260.000;104.314;0.1527;704.086;1.045.530;26.367;400.520;369.236;92.500
33.265.000;104.297;0.1462;704.591;1.026.550;26.289;362.989;335.812;92.500
33.270.000;104.300;0.1412;705.531;1.034.920;26.413;341.581;316.677;92.500
33.275.000;104.364;0.1493;706.025;1.062.990;26.501;331.192;307.387;92.500
33.280.000;104.516;0.1396;706.508;1.076.110;26.723;393.915;363.425;92.500
33.285.000;104.666;0.1202;707.178;1.074.000;26.697;525.511;478.208;92.500
33.290.000;104.818;0.1009;707.432;1.039.970;26.531;399.979;368.858;92.500
33.295.000;104.896;0.0849;707.339;1.014.300;26.587;327.064;303.788;92.500
33.300.000;105.294;0.1149;706.998;1.075.690;26.656;325.854;302.779;92.500
33.305.000;105.697;0.1406;706.910;1.152.130;26.558;300.655;280.231;92.500
33.310.000;106.223;0.1665;706.955;1.198.330;26.455;273.200;255.596;92.500
33.315.000;106.304;0.1581;706.725;1.208.770;26.541;300.216;279.949;92.500
33.320.000;106.246;0.1557;706.563;1.189.290;26.652;337.105;313.041;92.500
33.325.000;106.397;0.1600;706.455;1.153.420;26.557;310.036;288.792;92.500
33.330.000;106.807;0.1477;706.680;1.135.780;26.450;270.549;253.307;92.500
33.335.000;107.498;0.1360;707.060;1.153.880;26.555;236.091;222.237;92.500
33.340.000;108.871;0.1734;707.287;1.178.300;26.486;195.353;185.351;92.500
33.345.000;110.240;0.2021;707.483;1.190.440;26.594;174.973;166.880;92.500
33.350.000;110.512;0.1943;699.133;1.167.940;26.743;197.644;187.706;92.500
33.355.000;109.489;0.1728;681.407;1.089.550;26.759;246.620;232.132;92.500
33.360.000;108.810;0.1384;658.412;989.790;26.611;342.147;318.048;92.500
33.365.000;108.133;0.1044;628.180;899.440;26.513;501.266;457.966;92.500
33.370.000;108.304;0.0420;597.635;821.180;26.454;722.657;648.331;92.500
33.375.000;108.502;0.0199;567.338;768.620;26.574;1.101.967;967.657;92.500
33.380.000;108.595;0.0203;538.017;667.540;26.699;902.825;800.959;92.500
33.385.000;108.698;0.0291;519.143;649.290;26.839;796.659;711.314;92.500
33.390.000;108.917;0.0371;508.452;671.520;26.984;702.978;631.711;92.500
33.395.000;109.198;0.0451;502.784;679.650;26.982;656.552;592.098;92.500
33.400.000;109.482;0.0416;518.267;679.630;27.017;707.899;636.057;92.500
33.405.000;109.765;0.0366;534.957;673.120;26.625;789.725;705.726;92.500
33.410.000;110.048;0.0276;551.741;658.080;26.424;907.468;805.282;92.500
33.415.000;110.329;0.0186;556.553;643.050;26.323;907.468;805.362;92.500
33.420.000;110.511;0.0110;558.111;632.520;26.373;890.839;791.408;92.500
33.425.000;110.560;0.0115;560.520;624.850;26.340;923.553;818.961;92.500
33.430.000;110.610;0.0149;559.502;611.400;26.648;960.795;850.261;92.500
33.435.000;110.662;0.0188;544.756;603.870;26.924;1.019.984;899.866;92.500
33.440.000;110.817;0.0167;529.920;596.350;27.181;1.384.273;1.201.964;92.500
33.445.000;111.412;0.0169;517.754;588.310;27.293;1.258.291;1.098.255;92.500
33.450.000;111.497;0.0159;519.701;581.310;27.308;1.308.320;1.139.604;92.500
33.455.000;111.782;0.0200;520.741;571.450;26.885;1.336.841;1.163.211;92.500
33.460.000;112.156;0.0220;520.879;560.180;26.768;950.052;841.690;92.500
33.465.000;112.380;0.0227;520.000;551.780;26.901;973.449;861.392;92.500
33.470.000;112.603;0.0284;518.324;553.400;26.972;1.013.968;895.405;92.500
33.475.000;112.833;0.0346;540.404;575.910;26.922;740.762;664.942;92.500
33.480.000;112.701;0.0409;566.820;598.420;26.817;655.787;592.323;92.500
33.485.000;112.366;0.0471;589.751;630.740;26.872;546.793;498.387;92.500
33.490.000;111.614;0.0503;616.466;655.780;26.613;497.493;455.450;92.500
33.495.000;110.847;0.0423;638.850;685.800;26.405;551.810;502.366;92.500
33.500.000;110.286;0.0308;662.308;715.810;26.267;635.910;574.658;92.500
33.505.000;110.111;0.0230;685.622;741.360;25.921;732.373;657.058;92.500
33.510.000;110.148;0.0239;686.289;770.490;25.481;851.500;758.088;92.500
33.515.000;110.302;0.0411;686.042;814.420;24.945;739.188;662.908;92.500
33.520.000;110.817;0.0599;689.336;859.450;23.954;433.619;399.541;92.500
33.525.000;111.821;0.0927;691.893;916.790;23.184;244.090;230.232;92.500
33.530.000;113.663;0.1696;696.273;983.190;22.608;184.753;176.375;92.500
33.535.000;115.919;0.2982;698.831;1.029.250;23.097;150.919;145.498;92.500
33.540.000;115.811;0.2958;699.474;1.050.030;24.220;159.914;153.808;92.500
33.545.000;114.573;0.2922;699.180;1.050.020;25.454;177.691;170.022;92.500
33.550.000;113.513;0.2549;699.298;1.043.920;25.863;191.925;182.932;92.500
33.555.000;115.649;0.2328;703.883;1.023.080;25.714;189.544;181.080;92.500
33.560.000;118.265;0.2245;705.632;985.520;26.014;188.409;180.444;92.500
33.565.000;120.766;0.2389;707.555;941.220;26.240;189.449;181.682;92.500
33.570.000;120.980;0.2454;709.695;891.880;25.826;190.159;182.338;92.500
33.575.000;117.968;0.2179;710.318;873.320;25.705;224.895;213.811;92.500
33.580.000;116.563;0.1857;709.285;858.300;26.040;267.046;251.879;92.500
33.585.000;116.329;0.1504;708.210;840.260;25.933;327.962;306.757;92.500
33.590.000;116.329;0.1210;704.289;808.850;26.038;389.189;361.527;92.500
33.595.000;116.541;0.0908;704.069;776.310;25.808;417.574;386.636;92.500
33.600.000;116.856;0.0956;703.483;805.470;25.908;445.240;410.975;92.500
33.605.000;116.895;0.1134;711.354;832.840;25.954;449.377;414.605;92.500
33.610.000;116.537;0.1323;720.230;847.200;25.878;479.427;440.789;92.500
33.615.000;116.278;0.1424;730.422;849.190;25.701;450.938;415.839;92.500
33.620.000;116.843;0.1354;739.832;840.550;25.465;357.558;333.378;92.500
33.625.000;116.372;0.1336;745.213;811.170;25.116;225.900;214.456;92.500
33.630.000;116.125;0.1445;747.720;751.290;24.718;140.148;135.525;92.500
33.635.000;114.724;0.1465;747.266;672.840;24.319;104.922;102.438;92.500
33.640.000;112.803;0.1533;737.748;646.070;24.084;71.353;70.505;92.500
33.645.000;110.887;0.1625;732.738;608.520;23.871;72.136;71.079;92.500
33.650.000;110.291;0.1705;732.847;574.310;23.937;75.250;73.981;92.500
33.655.000;110.200;0.1668;737.365;551.200;24.054;79.727;78.213;92.500
33.660.000;110.121;0.1627;745.730;581.940;23.970;79.727;78.205;92.500
33.665.000;110.043;0.1577;756.195;599.800;23.790;70.405;69.359;92.500
33.670.000;109.961;0.1697;766.093;599.790;23.615;66.947;66.062;92.500
33.675.000;109.736;0.1875;772.552;595.360;23.421;63.891;63.132;92.500
33.680.000;108.940;0.1965;770.817;587.600;23.520;61.501;60.787;92.500
33.685.000;108.161;0.1953;761.656;580.320;23.703;62.689;61.857;92.500
33.690.000;107.394;0.1896;748.146;575.410;23.800;60.973;60.159;92.500
33.695.000;106.593;0.1930;733.821;571.350;23.954;70.816;69.444;92.500
33.700.000;108.311;0.1945;721.311;563.220;24.197;83.047;81.166;92.500
33.705.000;110.558;0.1721;713.376;557.130;24.459;97.391;94.900;92.500
33.710.000;110.193;0.1575;709.572;554.860;24.284;105.218;102.201;92.500
33.715.000;108.735;0.1419;709.054;551.020;23.862;89.911;87.675;92.500
33.720.000;107.806;0.1536;710.670;551.000;23.510;77.609;75.982;92.500
33.725.000;107.603;0.1593;714.607;544.910;23.596;74.713;73.224;92.500
33.730.000;107.403;0.1556;722.634;544.890;23.694;75.058;73.532;92.500
33.735.000;107.393;0.1487;731.696;544.880;23.769;75.736;74.173;92.500
33.740.000;107.792;0.1480;739.556;544.860;23.698;76.119;74.572;92.500
33.745.000;108.176;0.1608;746.602;544.850;23.795;73.122;71.769;92.500
33.750.000;108.559;0.1763;748.523;544.830;23.747;71.841;70.589;92.500
33.755.000;108.909;0.1794;747.170;547.770;23.830;69.383;68.287;92.500
33.760.000;108.742;0.1755;742.391;550.880;23.957;65.655;64.728;92.500
33.765.000;108.871;0.1611;732.450;556.940;24.353;70.893;69.717;92.500
33.770.000;109.407;0.1401;696.379;565.320;24.810;77.833;76.343;92.500
33.775.000;110.422;0.1196;657.771;585.490;25.500;122.314;118.192;92.500
33.780.000;111.420;0.1013;623.523;615.500;26.019;205.778;195.265;92.500
33.785.000;112.324;0.0984;591.033;660.230;26.497;346.880;322.927;92.500
33.790.000;112.178;0.0996;562.057;695.340;26.713;561.043;510.606;92.500
33.795.000;112.042;0.0939;534.430;731.500;26.610;647.936;585.354;92.500
33.800.000;111.908;0.0703;510.201;724.620;26.488;740.420;664.319;92.500
33.805.000;111.774;0.0498;524.964;641.930;26.554;835.001;744.520;92.500
33.810.000;111.641;0.0432;527.892;623.680;26.456;795.651;711.162;92.500
33.815.000;111.502;0.0451;538.834;621.810;26.473;669.395;603.591;92.500
33.820.000;111.284;0.0470;553.678;611.000;26.337;576.825;524.011;92.500
33.825.000;111.058;0.0424;557.958;599.310;26.437;581.174;527.705;92.500
33.830.000;110.831;0.0358;563.822;587.020;26.344;733.136;657.820;92.500
33.835.000;110.604;0.0259;564.212;569.020;26.402;1.025.959;904.706;92.500
33.840.000;110.377;0.0160;550.056;541.880;26.490;1.440.902;1.248.154;92.500
33.845.000;110.142;0.0102;548.113;545.420;26.591;1.565.954;1.350.448;92.500
33.850.000;110.193;0.0124;533.317;574.920;26.727;1.499.814;1.296.377;92.500
33.855.000;110.311;0.0147;520.557;594.270;26.583;1.242.732;1.084.866;92.500
33.860.000;110.432;0.0129;517.016;601.760;26.539;1.414.498;1.226.485;92.500
33.865.000;110.551;0.0103;513.749;605.270;26.613;1.326.859;1.154.408;92.500
33.870.000;110.671;0.0124;512.229;605.260;26.454;1.231.293;1.075.507;92.500
33.875.000;110.791;0.0157;510.860;599.170;26.723;1.122.537;985.294;92.500
33.880.000;110.910;0.0190;509.604;611.790;26.827;1.242.732;1.085.043;92.500
33.885.000;111.028;0.0255;508.083;630.690;26.801;917.533;813.889;92.500
33.890.000;111.043;0.0379;524.161;647.750;26.772;650.509;587.283;92.500
33.895.000;110.898;0.0630;543.555;666.760;26.969;564.251;513.052;92.500
33.900.000;110.753;0.0764;564.071;681.770;26.846;538.175;490.473;92.500
33.905.000;110.711;0.0883;588.096;696.760;26.742;530.762;484.044;92.500
33.910.000;110.726;0.0751;611.778;720.640;26.884;789.933;706.033;92.500
33.915.000;110.742;0.0629;637.992;745.060;26.960;732.333;657.091;92.500
33.920.000;110.759;0.0717;664.077;778.000;26.700;614.688;556.463;92.500
33.925.000;110.775;0.0911;673.134;825.910;26.523;511.488;467.343;92.500
33.930.000;110.791;0.1104;681.062;874.130;26.791;406.064;375.310;92.500
33.935.000;110.807;0.1296;686.956;915.090;26.688;316.228;295.139;92.500
33.940.000;110.823;0.1453;689.388;939.390;26.579;297.688;278.469;92.500
33.945.000;110.840;0.1607;684.256;925.730;26.735;293.678;274.860;92.500
33.950.000;110.856;0.1416;674.324;899.250;26.791;315.060;294.097;92.500
33.955.000;110.872;0.0944;650.582;848.160;26.437;430.662;396.899;92.500
33.960.000;110.888;0.0520;625.718;670.640;26.457;517.674;472.730;92.500
33.965.000;110.892;0.0162;602.641;606.330;26.519;608.358;551.044;92.500
33.970.000;110.857;0.0084;579.638;568.780;26.591;713.532;641.088;92.500
33.975.000;110.824;0.0039;561.328;531.990;26.737;941.010;833.537;92.500
33.980.000;110.790;-0.0001;548.874;512.270;26.839;1.208.107;1.056.296;92.500
33.985.000;110.757;0.0019;539.717;485.820;26.662;1.127.393;989.281;92.500
33.990.000;110.723;0.0009;542.150;470.790;26.451;1.101.348;967.593;92.500
33.995.000;110.690;0.0023;543.303;452.900;26.513;1.202.876;1.051.925;92.500
34.000.000;110.656;-0.0017;543.901;440.730;26.578;1.360.884;1.182.406;92.500
34.005.000;110.623;0.0000;544.469;435.700;26.456;1.539.647;1.329.020;92.500
34.010.000;110.589;0.0006;545.437;430.670;26.654;1.680.357;1.443.746;92.500
34.015.000;110.556;-0.0010;545.780;425.640;26.707;1.807.552;1.546.986;92.500
34.020.000;110.524;-0.0020;545.336;420.610;26.654;2.010.078;1.710.544;92.500
34.025.000;110.573;-0.0012;552.630;416.270;26.799;1.886.264;1.610.674;92.500
34.030.000;110.808;-0.0001;550.542;446.710;26.682;1.660.815;1.427.901;92.500
34.035.000;111.042;0.0023;545.348;488.040;26.510;1.177.895;1.031.303;92.500
34.040.000;111.384;0.0079;540.682;531.670;26.345;775.458;693.898;92.500
34.045.000;111.765;0.0144;533.090;577.340;26.499;640.807;579.115;92.500
34.050.000;112.147;0.0253;526.978;610.710;26.648;561.043;510.549;92.500
34.055.000;112.529;0.0362;519.997;629.710;26.737;499.221;457.061;92.500
34.060.000;112.913;0.0471;506.537;647.050;26.629;474.185;435.348;92.500
34.065.000;113.287;0.0573;504.267;653.570;26.806;457.765;421.099;92.500
34.070.000;113.332;0.0663;504.575;668.540;26.537;482.491;442.677;92.500
34.075.000;113.361;0.0700;506.376;680.430;26.817;558.926;509.004;92.500
34.080.000;113.391;0.0543;525.332;692.400;26.959;620.782;562.322;92.500
34.085.000;113.421;0.0584;552.431;701.610;26.977;588.680;534.698;92.500
34.090.000;113.452;0.0746;581.732;716.260;26.784;472.677;434.146;92.500
34.095.000;113.482;0.0908;612.615;744.660;26.338;351.656;327.397;92.500
34.100.000;113.490;0.1071;640.563;788.900;25.951;261.620;246.379;92.500
34.105.000;113.467;0.1196;666.251;823.070;25.753;210.707;200.081;92.500
34.110.000;113.443;0.1204;687.915;826.510;25.554;175.487;167.797;92.500
34.115.000;113.420;0.1159;691.721;822.230;25.299;155.154;149.044;92.500
34.120.000;113.397;0.1106;689.852;799.700;25.348;156.360;150.155;92.500
34.125.000;113.373;0.1015;689.353;768.230;25.533;162.196;155.541;92.500
34.130.000;113.350;0.0947;679.977;755.580;25.508;176.240;168.475;92.500
34.135.000;113.327;0.1032;676.835;755.610;25.849;194.399;185.140;92.500
34.140.000;113.306;0.1175;679.781;797.970;26.133;219.770;208.323;92.500
34.145.000;113.195;0.1318;682.621;871.450;26.413;258.793;243.763;92.500
34.150.000;113.075;0.1420;688.042;920.830;26.690;298.124;279.263;92.500
34.155.000;112.953;0.1408;692.445;988.310;26.860;356.623;331.732;92.500
34.160.000;112.834;0.1417;695.170;1.022.850;26.813;368.013;341.886;92.500
34.165.000;112.719;0.1456;706.430;1.044.150;26.883;376.969;349.857;92.500
34.170.000;112.916;0.1407;710.354;1.053.680;26.939;376.969;349.895;92.500
34.175.000;112.939;0.1391;710.021;1.053.650;26.785;410.475;379.584;92.500
34.180.000;112.968;0.1415;710.029;1.051.090;26.711;449.132;413.468;92.500
34.185.000;113.001;0.1438;709.582;1.039.620;26.627;407.381;376.876;92.500
34.190.000;113.033;0.1559;700.629;1.017.080;26.708;363.865;338.217;92.500
34.195.000;113.066;0.1692;685.161;993.870;26.848;328.144;306.242;92.500
34.200.000;113.101;0.1653;667.941;941.340;26.795;322.131;300.852;92.500
34.205.000;113.007;0.1108;650.116;885.260;26.813;381.528;353.976;92.500
34.210.000;112.881;0.0593;634.022;834.590;26.675;504.909;462.057;92.500
34.215.000;112.755;0.0527;620.387;822.400;26.753;561.710;511.239;92.500
34.220.000;112.629;0.0605;610.075;825.840;26.834;579.552;526.609;92.500
34.225.000;112.504;0.0652;610.839;840.800;26.880;587.728;533.626;92.500
34.230.000;112.378;0.0614;618.773;860.350;26.797;628.628;568.777;92.500
34.235.000;112.252;0.0588;627.791;876.990;26.587;740.248;664.155;92.500
34.240.000;112.127;0.0676;634.448;890.460;26.622;819.699;731.551;92.500
34.245.000;112.001;0.0752;635.956;897.930;26.721;598.838;543.069;92.500
34.250.000;111.875;0.0992;630.487;897.040;26.788;458.762;421.637;92.500
34.255.000;111.748;0.1234;615.106;882.950;26.772;334.495;311.680;92.500
34.260.000;111.666;0.1518;595.005;853.880;26.854;350.302;325.819;92.500
34.265.000;111.578;0.1201;573.934;806.920;27.001;464.876;426.907;92.500
34.270.000;111.491;0.0693;552.721;720.440;26.891;609.734;552.312;92.500
34.275.000;111.404;0.0429;534.569;651.820;26.987;921.207;816.967;92.500
34.280.000;111.318;0.0458;519.932;634.130;27.050;1.013.968;894.738;92.500
34.285.000;111.231;0.0476;509.789;621.360;26.767;832.572;742.177;92.500
34.290.000;111.144;0.0482;506.776;609.180;26.748;775.535;693.832;92.500
34.295.000;111.057;0.0532;505.959;632.700;26.757;805.227;718.983;92.500
34.300.000;110.971;0.0519;506.128;655.170;26.570;920.058;815.867;92.500
34.305.000;110.884;0.0333;523.307;675.950;26.511;1.185.039;1.037.072;92.500
34.310.000;110.795;0.0303;548.420;694.160;26.708;1.043.218;919.019;92.500
34.315.000;110.701;0.0385;576.331;715.120;26.489;871.665;775.030;92.500
34.320.000;111.017;0.0551;607.039;735.690;26.242;721.044;647.449;92.500
34.325.000;111.379;0.0717;638.674;761.430;26.079;575.101;522.448;92.500
34.330.000;111.743;0.0875;683.255;797.380;25.833;453.143;416.689;92.500
34.335.000;112.110;0.1192;722.917;793.830;25.591;356.361;331.317;92.500
34.340.000;112.477;0.1674;737.289;786.450;24.787;301.279;281.978;92.500
34.345.000;112.081;0.1999;737.404;771.410;25.168;309.798;289.567;92.500
34.350.000;111.623;0.1853;734.120;772.940;25.902;360.602;335.011;92.500
34.355.000;111.530;0.1732;738.931;805.660;26.283;430.622;396.942;92.500
34.360.000;112.322;0.1649;734.051;835.630;26.408;470.642;432.082;92.500
34.365.000;112.811;0.1513;719.812;869.020;26.386;440.785;406.105;92.500
34.370.000;112.796;0.1324;708.819;900.480;26.158;398.475;368.978;92.500
34.375.000;112.700;0.1196;704.545;913.190;26.358;449.896;414.049;92.500
34.380.000;112.701;0.1276;710.120;934.040;26.245;453.741;417.408;92.500
34.385.000;112.696;0.1206;712.563;945.980;26.584;485.322;444.950;92.500
34.390.000;112.687;0.1053;707.610;953.450;26.638;524.495;478.981;92.500
34.395.000;112.303;0.1116;708.970;973.280;26.552;571.516;519.563;92.500
34.400.000;112.514;0.1082;706.842;1.001.220;26.512;503.568;460.777;92.500
34.405.000;112.712;0.1144;706.970;1.034.230;26.592;420.806;388.574;92.500
34.410.000;112.893;0.1413;706.795;1.090.760;26.459;323.325;301.866;92.500
34.415.000;112.843;0.1704;706.272;1.143.370;26.532;248.425;234.285;92.500
34.420.000;112.783;0.1995;705.323;1.181.460;26.599;205.867;195.531;92.500
34.425.000;112.722;0.2285;704.761;1.189.700;26.547;199.158;189.386;92.500
34.430.000;112.789;0.2428;702.958;1.171.180;26.235;208.004;197.484;92.500
34.435.000;112.857;0.2274;687.019;1.112.850;26.000;234.262;221.424;92.500
34.440.000;112.618;0.1954;663.239;1.051.740;26.331;273.971;257.370;92.500
34.445.000;112.381;0.1648;635.504;937.370;26.576;320.409;299.148;92.500
34.450.000;112.431;0.1388;605.596;820.610;26.541;371.530;344.919;92.500
34.455.000;112.628;0.1138;577.739;747.990;26.658;416.149;384.463;92.500
34.460.000;112.524;0.0810;550.076;711.130;26.588;480.020;440.283;92.500
34.465.000;112.132;0.0543;525.921;634.440;26.798;663.127;598.241;92.500
34.470.000;111.741;0.0368;515.849;596.260;26.855;913.582;810.591;92.500
34.475.000;111.347;0.0192;511.185;585.520;26.754;1.401.478;1.215.784;92.500
34.480.000;111.437;0.0122;526.146;589.790;26.835;1.180.424;1.033.345;92.500
34.485.000;111.635;0.0127;543.790;619.360;26.732;907.730;805.632;92.500
34.490.000;111.838;0.0200;559.848;654.350;26.575;698.032;627.998;92.500
34.495.000;111.807;0.0251;576.653;676.520;26.299;615.399;557.214;92.500
34.500.000;111.618;0.0199;590.126;680.850;26.213;638.588;577.075;92.500
34.505.000;111.429;0.0143;606.199;664.020;26.085;613.883;555.815;92.500
34.510.000;111.240;0.0121;619.992;611.500;26.220;567.828;516.103;92.500
34.515.000;111.050;0.0145;614.181;565.980;26.252;527.803;481.449;92.500
34.520.000;110.861;0.0171;608.388;522.670;26.124;506.301;462.757;92.500
34.525.000;110.680;0.0174;605.656;497.800;26.077;492.914;451.085;92.500
34.530.000;110.577;0.0187;603.223;482.770;26.224;521.036;475.474;92.500
34.535.000;110.470;0.0216;602.876;473.950;26.296;510.354;466.184;92.500
34.540.000;110.363;0.0254;590.066;487.510;26.172;478.188;438.200;92.500
34.545.000;110.256;0.0333;575.557;528.600;26.307;433.058;398.783;92.500
34.550.000;110.148;0.0411;578.190;564.140;26.336;436.173;401.485;92.500
34.555.000;110.041;0.0487;580.775;591.390;26.426;451.543;414.896;92.500
34.560.000;109.934;0.0481;581.738;613.860;26.532;469.779;430.779;92.500
34.565.000;109.827;0.0490;585.366;619.670;26.384;483.881;443.034;92.500
34.570.000;109.720;0.0511;587.869;619.640;26.322;483.881;443.009;92.500
34.575.000;109.613;0.0554;601.727;617.290;26.158;445.240;409.296;92.500
34.580.000;109.506;0.0568;615.952;609.760;26.054;457.620;420.082;92.500
34.585.000;109.398;0.0456;601.101;607.380;26.284;476.347;436.379;92.500
34.590.000;109.301;0.0488;584.032;614.440;26.200;497.493;454.746;92.500
34.595.000;109.299;0.0531;584.291;629.410;26.348;506.780;462.808;92.500
34.600.000;109.331;0.0546;568.507;647.720;26.443;502.941;459.482;92.500
34.605.000;109.366;0.0555;553.342;668.050;26.431;497.493;454.758;92.500
34.610.000;109.401;0.0526;541.111;680.500;26.330;520.878;475.053;92.500
34.615.000;109.436;0.0510;526.393;701.440;26.453;519.245;473.645;92.500
34.620.000;109.470;0.0516;527.488;713.460;26.594;516.342;471.136;92.500
34.625.000;109.505;0.0522;526.038;720.930;26.717;557.197;506.491;92.500
34.630.000;109.540;0.0492;510.115;722.610;26.881;628.246;567.652;92.500
34.635.000;109.575;0.0457;510.413;704.770;26.739;715.074;641.902;92.500
34.640.000;109.610;0.0362;509.497;664.690;26.742;813.939;725.862;92.500
34.645.000;109.645;0.0232;507.426;631.570;26.617;875.247;777.651;92.500
34.650.000;109.681;0.0143;504.882;625.230;26.525;791.702;707.046;92.500
34.655.000;109.692;0.0147;522.658;633.490;26.576;732.582;656.839;92.500
34.660.000;109.404;0.0315;544.674;660.280;26.623;588.419;533.381;92.500
34.665.000;109.621;0.0477;555.923;697.740;26.486;488.377;446.882;92.500
34.670.000;110.119;0.0640;570.376;746.680;26.293;475.014;435.362;92.500
34.675.000;110.620;0.0760;589.067;784.490;26.404;496.800;454.424;92.500
34.680.000;110.749;0.0750;616.802;810.940;26.544;525.535;479.386;92.500
34.685.000;110.404;0.0809;645.108;832.270;26.713;576.397;523.260;92.500
34.690.000;110.298;0.0990;655.004;886.380;26.911;535.693;488.076;92.500
34.695.000;110.447;0.1172;665.190;977.540;26.808;582.184;528.257;92.500
34.700.000;110.617;0.1288;698.516;1.010.640;26.478;541.312;493.010;92.500
34.705.000;110.224;0.1362;726.488;1.020.030;26.145;479.782;439.531;92.500
34.710.000;109.285;0.1461;745.322;1.011.580;25.921;410.057;378.405;92.500
34.715.000;108.345;0.1654;758.168;916.620;25.607;272.581;255.325;92.500
34.720.000;107.404;0.1669;768.473;722.830;25.049;184.382;175.018;92.500
34.725.000;106.461;0.1412;778.628;618.690;24.492;111.088;107.228;92.500
34.730.000;105.491;0.1590;786.898;611.030;24.060;71.478;69.955;92.500
34.735.000;105.342;0.1734;782.802;593.810;23.685;59.275;58.364;92.500
34.740.000;105.928;0.1877;783.652;578.510;23.595;54.067;53.442;92.500
34.745.000;106.477;0.2036;786.353;569.930;23.629;64.796;63.706;92.500
34.750.000;105.467;0.1948;787.439;594.610;23.598;73.360;71.732;92.500
34.755.000;103.664;0.1999;788.767;602.080;23.518;76.832;74.843;92.500
34.760.000;103.907;0.2045;789.967;606.320;23.438;65.929;64.565;92.500
34.765.000;104.122;0.2024;790.578;600.210;23.363;60.784;59.702;92.500
34.770.000;104.333;0.1917;789.322;594.100;23.399;60.354;59.310;92.500
34.775.000;104.541;0.1868;787.954;579.100;23.453;64.483;63.247;92.500
34.780.000;104.717;0.1927;787.923;564.070;23.465;65.037;63.787;92.500
34.785.000;105.027;0.2029;790.957;553.290;23.255;64.805;63.593;92.500
34.790.000;105.339;0.2132;796.952;551.430;23.275;64.452;63.284;92.500
34.795.000;105.475;0.2137;806.296;566.590;23.212;67.228;65.928;92.500
34.800.000;105.372;0.2249;818.050;589.060;23.288;70.729;69.235;92.500
34.805.000;105.397;0.2361;829.209;611.530;23.337;72.016;70.454;92.500
34.810.000;105.738;0.2449;834.852;630.330;23.439;70.109;68.680;92.500
34.815.000;106.532;0.2454;832.794;642.460;23.530;68.594;67.313;92.500
34.820.000;107.750;0.2449;823.164;642.430;23.630;67.502;66.382;92.500
34.825.000;108.623;0.2291;806.384;645.860;23.865;70.305;69.118;92.500
34.830.000;109.226;0.2159;783.819;654.520;24.102;72.685;71.430;92.500
34.835.000;109.666;0.2066;752.658;661.020;24.632;83.428;81.634;92.500
34.840.000;109.375;0.1828;710.147;677.630;25.168;108.672;105.308;92.500
34.845.000;109.105;0.1500;676.491;703.160;26.048;154.759;148.044;92.500
34.850.000;109.282;0.1213;652.413;737.610;26.356;247.252;232.574;92.500
34.855.000;109.513;0.1004;634.183;775.960;26.611;412.079;380.205;92.500
34.860.000;109.754;0.1062;622.126;827.220;26.855;571.516;518.862;92.500
34.865.000;109.898;0.1166;612.089;869.000;26.739;488.377;446.911;92.500
34.870.000;109.918;0.1271;607.224;883.300;26.739;475.014;435.286;92.500
34.875.000;109.719;0.1333;608.920;885.260;26.606;497.493;454.792;92.500
34.880.000;109.464;0.1240;601.005;870.520;26.554;483.881;442.902;92.500
34.885.000;109.359;0.1082;586.729;841.170;26.640;527.900;481.078;92.500
34.890.000;109.249;0.1008;569.473;796.140;26.554;567.303;515.102;92.500
34.895.000;109.032;0.1112;554.700;757.470;26.432;598.561;541.971;92.500
34.900.000;108.713;0.0917;546.152;737.850;26.516;828.176;737.581;92.500
34.905.000;108.779;0.0792;544.182;724.700;26.516;977.147;862.949;92.500
34.910.000;108.898;0.0842;550.499;749.560;26.702;694.052;623.733;92.500
34.915.000;109.015;0.1037;561.867;793.820;26.597;545.692;496.384;92.500
34.920.000;109.131;0.1252;574.507;824.430;26.518;486.191;444.831;92.500
34.925.000;109.249;0.1440;587.002;851.440;26.671;445.240;409.167;92.500
34.930.000;109.321;0.1194;595.532;860.610;26.639;519.496;473.782;92.500
34.935.000;109.386;0.0965;599.536;856.250;26.675;640.718;578.244;92.500
34.940.000;109.449;0.0972;599.718;848.390;26.607;700.457;629.334;92.500
34.945.000;109.500;0.0985;594.317;841.190;26.451;625.358;565.098;92.500
34.950.000;109.440;0.0974;585.937;836.170;26.544;569.406;516.950;92.500
34.955.000;109.380;0.0998;576.346;828.290;26.574;529.433;482.397;92.500
34.960.000;109.319;0.1000;565.576;799.630;26.630;506.780;462.750;92.500
34.965.000;109.258;0.0932;553.526;779.290;26.541;550.406;500.505;92.500
34.970.000;109.198;0.0880;557.820;758.870;26.750;609.734;551.602;92.500
34.975.000;109.137;0.0884;547.316;736.780;26.772;550.762;500.782;92.500
34.980.000;109.076;0.0824;538.038;714.400;26.521;578.612;524.793;92.500
34.985.000;109.016;0.0717;533.178;701.630;26.358;623.153;563.077;92.500
34.990.000;108.955;0.0593;525.182;683.160;26.498;721.415;647.054;92.500
34.995.000;108.900;0.0504;522.980;656.270;26.628;1.008.633;889.310;92.500
35.000.000;108.900;0.0423;521.581;661.090;26.712;1.164.837;1.019.425;92.500
35.005.000;108.900;0.0527;505.987;696.020;26.509;952.094;841.948;92.500
35.010.000;108.900;0.0612;506.626;715.550;26.476;792.449;707.368;92.500
35.015.000;108.829;0.0664;506.627;720.270;26.672;650.509;586.473;92.500
35.020.000;108.693;0.0724;507.762;716.080;26.692;615.399;556.333;92.500
35.025.000;108.557;0.0663;510.030;695.890;26.647;679.876;611.515;92.500
35.030.000;108.420;0.0560;511.494;658.990;26.644;849.553;755.519;92.500
35.035.000;108.284;0.0388;511.433;611.150;26.769;1.091.824;958.533;92.500
35.040.000;108.147;0.0422;511.398;577.390;26.890;1.267.832;1.104.439;92.500
35.045.000;108.012;0.0472;513.043;568.110;26.858;1.189.657;1.039.717;92.500
35.050.000;107.932;0.0571;514.036;599.540;26.681;1.024.749;902.475;92.500
35.055.000;108.092;0.0715;513.767;612.560;26.617;804.669;717.482;92.500
35.060.000;108.413;0.0861;512.998;616.660;26.798;631.855;570.375;92.500
35.065.000;108.669;0.0993;512.634;616.620;26.874;511.488;466.669;92.500
35.070.000;108.125;0.0947;513.415;610.380;26.650;546.060;496.465;92.500
35.075.000;107.694;0.0799;513.458;601.290;26.753;682.508;613.527;92.500
35.080.000;107.565;0.0637;512.522;589.240;26.632;854.116;759.113;92.500
35.085.000;107.428;0.0512;510.707;594.910;26.553;967.694;854.571;92.500
35.090.000;107.303;0.0540;508.481;622.550;26.670;910.011;806.113;92.500
35.095.000;107.299;0.0545;506.520;657.560;26.648;783.254;699.114;92.500
35.100.000;107.301;0.0528;504.078;682.370;26.563;681.292;612.382;92.500
35.105.000;107.259;0.0579;501.431;693.340;26.515;650.509;586.054;92.500
35.110.000;107.198;0.0468;500.341;701.460;26.659;733.340;656.705;92.500
35.115.000;107.137;0.0340;500.706;700.660;26.779;921.961;816.101;92.500
35.120.000;107.076;0.0191;501.777;693.130;26.737;1.290.898;1.123.112;92.500
35.125.000;107.015;0.0214;503.069;678.380;26.711;1.610.005;1.384.728;92.500
35.130.000;106.954;0.0265;503.659;652.700;26.818;1.361.117;1.180.919;92.500
35.135.000;106.899;0.0332;503.759;652.670;26.832;1.112.205;975.036;92.500
35.140.000;106.929;0.0387;503.767;652.640;26.762;1.168.314;1.021.649;92.500
35.145.000;106.962;0.0352;505.219;659.040;26.811;1.243.299;1.083.754;92.500
35.150.000;106.995;0.0319;507.656;676.890;26.807;1.093.799;959.744;92.500
35.155.000;107.027;0.0382;511.728;695.110;26.772;901.335;798.717;92.500
35.160.000;107.060;0.0520;516.984;717.510;26.858;732.700;656.112;92.500
35.165.000;107.098;0.0523;523.030;739.970;26.603;668.808;601.651;92.500
35.170.000;106.907;0.0366;529.045;758.210;26.638;680.454;611.549;92.500
35.175.000;106.656;0.0141;534.054;767.930;26.546;827.358;736.238;92.500
35.180.000;106.403;0.0061;532.791;773.990;26.694;1.198.017;1.046.094;92.500
35.185.000;106.153;0.0037;531.830;765.450;26.841;1.312.792;1.140.851;92.500
35.190.000;105.920;0.0034;539.848;750.230;27.020;1.237.457;1.078.582;92.500
35.195.000;105.705;0.0035;547.592;676.620;26.716;1.164.758;1.018.302;92.500
35.200.000;105.702;0.0047;555.923;593.920;26.463;1.079.231;947.203;92.500
35.205.000;105.732;0.0067;556.374;554.980;26.202;1.032.895;908.568;92.500
35.210.000;105.811;0.0087;552.473;535.900;26.207;1.210.828;1.056.508;92.500
35.215.000;105.885;0.0150;570.269;542.760;26.344;1.313.633;1.141.447;92.500
35.220.000;106.109;0.0274;593.595;582.020;26.464;1.092.177;958.100;92.500
35.225.000;106.424;0.0416;609.929;674.540;26.578;851.059;756.171;92.500
35.230.000;106.743;0.0631;631.994;740.360;26.260;649.475;585.012;92.500
35.235.000;107.063;0.0845;649.797;806.250;25.791;561.926;509.880;92.500
35.240.000;107.088;0.1059;676.242;858.720;25.847;477.348;436.642;92.500
35.245.000;107.805;0.1336;703.957;919.700;25.318;405.501;374.039;92.500
35.250.000;108.799;0.1590;711.613;989.350;24.581;351.101;325.891;92.500
35.255.000;109.808;0.1845;711.290;1.041.160;24.358;311.054;290.197;92.500
35.260.000;110.104;0.2070;709.336;1.077.440;24.560;274.743;257.555;92.500
35.265.000;108.927;0.2297;705.529;1.095.660;24.382;253.288;237.953;92.500
35.270.000;108.295;0.1982;705.919;1.093.360;25.273;293.370;274.014;92.500
35.275.000;106.839;0.1468;703.471;1.078.450;26.424;386.023;356.667;92.500
35.280.000;105.357;0.0664;703.109;1.022.610;26.708;507.937;462.806;92.500
35.285.000;104.499;0.0591;703.434;982.980;26.583;754.241;673.696;92.500
35.290.000;104.551;0.0756;703.191;954.750;26.456;679.530;610.123;92.500
35.295.000;104.609;0.0888;703.732;999.710;26.412;563.956;511.036;92.500
35.300.000;104.666;0.1022;704.143;1.058.960;26.663;507.249;462.051;92.500
35.305.000;104.696;0.1166;704.380;1.095.560;26.540;484.150;442.019;92.500
35.310.000;104.356;0.1284;706.688;1.116.570;26.661;470.642;430.204;92.500
35.315.000;104.374;0.1131;706.384;1.125.740;26.752;558.310;506.111;92.500
35.320.000;103.890;0.0856;705.592;1.112.760;26.515;681.292;611.449;92.500
35.325.000;103.923;0.0800;710.098;1.077.050;26.281;650.509;585.161;92.500
35.330.000;103.641;0.0774;710.763;1.021.910;26.046;495.600;451.719;92.500
35.335.000;102.435;0.0794;708.359;984.390;25.766;379.584;350.065;92.500
35.340.000;101.185;0.0794;708.170;942.250;25.596;290.727;270.328;92.500
35.345.000;100.242;0.0760;704.281;870.240;25.527;248.867;232.438;92.500
35.350.000;99.675;0.0752;700.628;796.880;25.393;246.358;230.040;92.500
35.355.000;98.918;0.0760;698.386;712.120;25.036;253.288;236.088;92.500
35.360.000;98.174;0.0796;692.421;672.210;24.636;213.796;200.191;92.500
35.365.000;97.517;0.0846;692.209;621.590;24.470;181.617;170.809;92.500
35.370.000;97.691;0.0897;694.325;583.220;24.544;154.281;145.883;92.500
35.375.000;97.775;0.0947;694.987;560.030;24.400;137.580;130.577;92.500
35.380.000;97.859;0.0964;698.117;547.840;24.327;147.624;139.813;92.500
35.385.000;97.899;0.0939;700.555;553.860;24.599;169.777;160.091;92.500
35.390.000;97.900;0.0905;702.425;580.900;24.778;195.255;183.298;92.500
35.395.000;97.900;0.0877;704.401;603.370;24.585;202.875;190.219;92.500
35.400.000;97.900;0.0888;707.166;620.670;24.600;171.397;161.569;92.500
35.405.000;97.900;0.0941;708.916;620.640;24.512;144.473;136.928;92.500
35.410.000;97.900;0.0998;708.650;620.610;24.442;120.873;115.206;92.500
35.415.000;97.901;0.1048;705.907;620.580;24.467;114.349;109.178;92.500
35.420.000;97.903;0.0992;704.743;620.540;24.618;115.278;110.037;92.500
35.425.000;98.126;0.0915;700.132;629.480;24.863;145.846;138.228;92.500
35.430.000;98.612;0.0843;695.149;661.590;25.224;185.476;174.555;92.500
35.435.000;99.131;0.0718;690.647;702.630;25.701;287.944;267.337;92.500
35.440.000;99.654;0.0591;687.639;754.160;26.004;470.164;428.676;92.500
35.445.000;100.178;0.0562;688.210;785.850;26.142;762.563;679.547;92.500
35.450.000;100.703;0.0625;692.071;814.050;25.869;544.382;493.215;92.500
35.455.000;101.073;0.0677;690.485;836.530;25.566;364.612;336.445;92.500
35.460.000;100.066;0.0729;687.097;863.460;25.436;244.207;228.189;92.500
35.465.000;99.030;0.0780;688.132;881.670;25.816;228.790;213.979;92.500
35.470.000;99.536;0.0837;689.683;905.300;26.274;274.833;255.669;92.500
35.475.000;100.291;0.0923;691.305;932.490;26.512;453.912;414.753;92.500
35.480.000;101.059;0.0928;691.706;963.340;26.439;769.289;685.478;92.500
35.485.000;101.328;0.0697;677.180;997.050;26.545;1.075.618;942.772;92.500
35.490.000;101.377;0.0499;658.870;1.003.100;26.713;1.366.956;1.183.817;92.500
35.495.000;101.423;0.0384;642.365;970.850;26.502;1.782.395;1.522.925;92.500
35.500.000;101.468;0.0241;619.997;854.090;26.554;1.552.643;1.336.002;92.500
35.505.000;101.532;0.0273;601.129;784.160;26.612;1.330.293;1.153.690;92.500
35.510.000;101.640;0.0328;588.479;785.830;26.502;1.186.581;1.035.024;92.500
35.515.000;101.748;0.0381;583.915;810.280;26.453;1.329.676;1.153.245;92.500
35.520.000;101.856;0.0427;599.420;843.650;26.700;1.494.341;1.288.449;92.500
35.525.000;101.964;0.0475;624.416;893.460;26.835;1.290.538;1.121.052;92.500
35.530.000;102.077;0.0689;649.068;924.650;26.862;1.058.009;928.312;92.500
35.535.000;101.991;0.0915;671.048;963.730;26.916;855.446;758.532;92.500
35.540.000;101.930;0.1145;688.250;999.660;27.120;691.674;619.744;92.500
35.545.000;102.014;0.1224;698.736;1.017.710;26.979;561.043;507.866;92.500
35.550.000;102.098;0.1287;705.724;1.027.050;26.700;517.614;470.401;92.500
35.555.000;102.014;0.1340;705.897;1.017.360;26.419;454.391;415.524;92.500
35.560.000;101.905;0.1246;702.116;973.930;26.138;399.102;367.213;92.500
35.565.000;101.955;0.1149;697.592;875.260;25.856;366.858;338.610;92.500
35.570.000;102.108;0.1065;694.595;820.910;25.970;331.489;307.043;92.500
35.575.000;102.257;0.1052;694.616;788.380;26.007;301.939;280.583;92.500
35.580.000;102.403;0.1108;695.915;772.130;25.707;289.499;269.431;92.500
35.585.000;102.298;0.1072;701.017;805.520;25.815;288.297;268.331;92.500
35.590.000;101.893;0.1018;707.860;868.750;26.005;335.212;310.332;92.500
35.595.000;101.396;0.0903;711.860;906.810;25.919;441.559;404.209;92.500
35.600.000;100.878;0.0832;713.002;933.130;25.821;532.236;482.749;92.500
35.605.000;100.225;0.0812;715.821;941.610;25.715;571.516;516.445;92.500
35.610.000;99.071;0.0900;719.930;923.340;25.242;335.749;310.129;92.500
35.615.000;97.928;0.0945;723.794;783.410;24.849;221.054;206.692;92.500
35.620.000;96.781;0.1076;725.248;705.150;24.622;163.181;153.840;92.500
35.625.000;95.719;0.1191;725.849;656.540;24.547;125.167;118.822;92.500
35.630.000;95.720;0.1193;728.375;626.500;24.469;115.286;109.721;92.500
35.635.000;95.765;0.1224;732.391;624.930;24.492;115.266;109.709;92.500
35.640.000;95.807;0.1151;729.921;626.320;24.552;138.839;131.391;92.500
35.645.000;95.847;0.1075;724.316;628.880;24.587;149.158;140.848;92.500
35.650.000;95.889;0.0996;718.746;621.350;24.310;155.086;146.275;92.500
35.655.000;95.839;0.0931;713.080;606.960;24.194;137.330;130.012;92.500
35.660.000;95.753;0.0952;707.876;586.140;24.309;124.674;118.372;92.500
35.665.000;95.665;0.0965;702.590;560.230;24.464;117.305;111.573;92.500
35.670.000;95.580;0.0988;696.788;545.200;24.789;113.297;107.865;92.500
35.675.000;95.505;0.0901;690.089;533.890;25.019;116.484;110.793;92.500
35.680.000;95.697;0.0794;681.305;527.780;25.414;135.446;128.259;92.500
35.685.000;95.951;0.0687;672.891;527.750;25.625;173.347;162.941;92.500
35.690.000;96.361;0.0632;665.605;527.720;25.517;228.441;212.970;92.500
35.695.000;96.706;0.0588;661.179;532.200;25.313;258.673;240.300;92.500
35.700.000;96.632;0.0671;658.259;539.820;25.094;194.642;182.443;92.500
35.705.000;96.550;0.0740;657.041;548.400;25.226;152.311;143.858;92.500
35.710.000;96.504;0.0762;660.447;563.380;25.173;138.858;131.525;92.500
35.715.000;96.894;0.0670;645.259;586.560;25.569;190.159;178.430;92.500
35.720.000;98.061;0.0525;639.136;624.800;25.899;277.827;257.907;92.500
35.725.000;99.002;0.0356;645.187;669.970;26.240;576.534;520.206;92.500
35.730.000;100.365;0.0298;648.769;758.740;26.483;1.173.111;1.023.387;92.500
35.735.000;101.754;0.0342;654.201;893.540;26.706;1.815.667;1.549.845;92.500
35.740.000;102.137;0.0410;651.121;989.420;26.814;1.765.989;1.509.701;92.500
35.745.000;102.321;0.0485;635.567;981.870;26.652;1.203.377;1.049.053;92.500
35.750.000;102.476;0.0560;633.240;955.560;26.755;909.869;804.405;92.500
35.755.000;102.632;0.0616;613.529;888.120;26.848;754.241;673.077;92.500
35.760.000;102.790;0.0507;582.098;782.610;26.912;761.090;678.928;92.500
35.765.000;102.947;0.0363;552.831;739.690;26.708;965.018;850.798;92.500
35.770.000;103.095;0.0187;528.999;708.160;26.749;1.323.922;1.148.817;92.500
35.775.000;103.090;0.0115;515.799;673.550;26.556;1.837.822;1.568.159;92.500
35.780.000;103.520;0.0162;510.944;634.830;26.547;1.655.590;1.420.420;92.500
35.785.000;104.016;0.0217;508.705;606.170;26.582;1.346.701;1.167.850;92.500
35.790.000;104.471;0.0299;508.746;587.910;26.554;1.096.084;960.651;92.500
35.795.000;104.686;0.0407;508.146;629.900;26.688;892.598;790.507;92.500
35.800.000;104.861;0.0515;506.688;682.370;26.647;788.291;702.531;92.500
35.805.000;105.037;0.0564;504.559;703.310;26.736;716.530;641.665;92.500
35.810.000;105.213;0.0516;501.617;702.570;26.634;700.457;628.023;92.500
35.815.000;105.389;0.0472;500.308;692.900;26.722;740.420;662.069;92.500
35.820.000;105.564;0.0459;517.749;681.430;26.819;659.654;593.291;92.500
35.825.000;105.739;0.0487;537.803;678.870;26.737;644.007;579.952;92.500
35.830.000;105.915;0.0507;558.971;685.880;26.587;748.669;669.213;92.500
35.835.000;106.221;0.0469;583.512;708.350;26.342;672.472;604.408;92.500
35.840.000;106.517;0.0447;595.733;730.820;26.217;583.720;528.409;92.500
35.845.000;106.812;0.0540;608.497;763.850;26.170;478.453;437.447;92.500
35.850.000;107.106;0.0607;620.021;788.150;26.322;430.043;395.306;92.500
35.855.000;107.400;0.0603;622.460;822.540;26.466;398.679;367.891;92.500
35.860.000;107.695;0.0596;626.899;839.480;26.465;446.488;409.791;92.500
35.865.000;107.990;0.0608;619.698;842.770;26.480;515.550;469.899;92.500
35.870.000;108.292;0.0652;622.350;842.730;26.386;502.115;458.319;92.500
35.875.000;108.565;0.0672;639.466;841.750;26.334;549.309;499.228;92.500
35.880.000;108.843;0.0688;653.982;834.220;26.488;587.593;532.295;92.500
35.885.000;109.119;0.0659;668.865;826.690;26.207;554.954;504.230;92.500
35.890.000;109.306;0.0729;673.354;812.220;26.125;503.916;460.105;92.500
35.895.000;109.472;0.0810;679.032;805.550;26.123;419.682;386.717;92.500
35.900.000;109.652;0.0875;694.220;800.000;25.949;353.133;327.813;92.500
35.905.000;109.831;0.0823;695.677;799.970;26.049;324.774;302.461;92.500
35.910.000;110.010;0.0764;694.506;806.010;26.144;324.716;302.443;92.500
35.915.000;110.189;0.0733;695.347;818.950;26.060;379.723;351.646;92.500
35.920.000;110.367;0.0728;696.225;862.740;26.235;435.080;400.374;92.500
35.925.000;110.547;0.0758;697.870;921.200;26.393;498.894;456.018;92.500
35.930.000;110.726;0.0815;699.240;966.180;26.433;545.237;496.205;92.500
35.935.000;110.893;0.1025;700.635;1.055.110;26.362;512.814;468.173;92.500
35.940.000;111.011;0.1340;705.196;1.085.480;26.516;506.780;462.965;92.500
35.945.000;111.143;0.1250;706.954;1.075.010;26.662;554.585;504.376;92.500
35.950.000;111.270;0.1135;707.585;1.020.810;26.688;604.325;547.263;92.500
35.955.000;111.656;0.1044;708.463;969.880;26.636;561.314;510.304;92.500
35.960.000;112.080;0.1358;709.054;945.540;26.688;461.127;423.479;92.500
35.965.000;112.505;0.1618;709.105;1.003.520;26.765;379.075;351.514;92.500
35.970.000;112.893;0.1765;709.301;1.052.370;26.841;313.317;292.748;92.500
35.975.000;112.960;0.1603;709.785;1.091.330;26.839;357.840;332.648;92.500
35.980.000;113.025;0.1411;709.751;1.097.390;26.643;433.127;399.207;92.500
35.985.000;113.089;0.1109;713.067;1.090.090;26.786;460.887;423.481;92.500
35.990.000;113.187;0.1133;713.342;1.030.920;26.887;474.950;435.763;92.500
35.995.000;113.303;0.1241;710.910;951.390;26.558;446.214;410.710;92.500
36.000.000;113.152;0.1320;705.698;920.970;26.285;433.058;399.170;92.500
36.005.000;113.299;0.1213;699.412;871.380;25.858;462.018;424.510;92.500
36.010.000;113.428;0.1124;690.785;802.240;25.506;425.122;392.274;92.500
36.015.000;113.559;0.0986;686.683;733.110;25.057;388.263;359.901;92.500
36.020.000;113.690;0.0934;683.425;652.990;25.012;360.320;335.000;92.500
36.025.000;113.821;0.0904;685.914;611.170;25.241;334.388;311.823;92.500
36.030.000;113.953;0.0938;694.520;617.300;25.115;299.679;280.676;92.500
36.035.000;114.084;0.1071;707.943;624.620;24.871;259.362;244.304;92.500
36.040.000;114.214;0.1238;722.620;632.220;24.626;224.468;212.642;92.500
36.045.000;114.305;0.1376;740.127;635.670;24.374;197.020;187.594;92.500
36.050.000;114.149;0.1456;752.255;635.720;24.250;178.698;170.763;92.500
36.055.000;113.944;0.1564;760.951;635.760;24.073;156.053;149.868;92.500
36.060.000;113.566;0.1688;767.326;633.320;23.865;131.204;126.785;92.500
36.065.000;112.480;0.1742;770.417;625.810;23.656;111.445;108.225;92.500
36.070.000;111.150;0.1825;771.218;617.660;23.714;104.008;101.111;92.500
36.075.000;111.064;0.1980;768.795;609.950;23.817;99.692;97.055;92.500
36.080.000;110.961;0.1939;758.410;597.200;24.026;98.167;95.612;92.500
36.085.000;110.182;0.1855;744.515;589.700;24.331;96.815;94.259;92.500
36.090.000;109.406;0.1759;729.983;581.370;24.611;98.349;95.615;92.500
36.095.000;108.604;0.1604;713.971;594.880;24.979;104.249;101.052;92.500
36.100.000;109.486;0.1282;702.567;614.290;25.198;124.971;120.474;92.500
36.105.000;110.695;0.0957;694.665;655.350;25.463;163.727;156.482;92.500
36.110.000;111.233;0.0708;690.429;715.290;25.740;214.502;203.067;92.500
36.115.000;110.987;0.0536;692.002;792.060;26.021;281.023;263.320;92.500
36.120.000;110.250;0.0584;696.338;856.400;26.102;362.650;336.409;92.500
36.125.000;109.517;0.0673;701.423;945.640;26.092;453.551;416.299;92.500
36.130.000;108.782;0.0761;707.026;1.043.750;26.165;479.427;438.678;92.500
36.135.000;108.119;0.0850;696.146;1.062.020;26.366;509.128;464.318;92.500
36.140.000;108.288;0.0938;680.197;1.047.170;26.666;536.312;487.886;92.500
36.145.000;108.454;0.0972;664.083;990.010;26.954;595.112;538.616;92.500
36.150.000;108.633;0.0875;648.722;855.480;27.016;661.886;595.910;92.500
36.155.000;108.820;0.0828;633.349;843.360;26.896;701.267;629.577;92.500
36.160.000;109.070;0.0948;616.084;851.060;26.783;742.992;665.155;92.500
36.165.000;108.558;0.0907;596.805;855.610;26.825;687.477;617.746;92.500
36.170.000;108.045;0.0786;588.282;846.590;26.755;763.091;681.944;92.500
36.175.000;107.555;0.0623;580.143;831.380;26.861;882.857;783.018;92.500
36.180.000;107.389;0.0697;571.671;801.520;26.688;757.736;677.220;92.500
36.185.000;107.666;0.0827;563.968;777.100;26.671;690.808;620.351;92.500
36.190.000;107.702;0.0976;559.701;770.730;26.623;723.499;648.208;92.500
36.195.000;107.657;0.0909;559.747;776.860;26.734;692.284;621.605;92.500
36.200.000;107.321;0.0792;565.362;786.620;26.787;750.761;671.276;92.500
36.205.000;106.984;0.0696;573.935;809.330;26.761;815.918;726.383;92.500
36.210.000;106.646;0.0770;583.039;832.040;26.882;785.381;700.449;92.500
36.215.000;106.306;0.0812;588.926;856.070;26.780;675.802;607.189;92.500
36.220.000;106.613;0.0835;586.874;862.190;26.627;594.620;537.732;92.500
36.225.000;106.876;0.0875;577.739;859.730;26.704;540.669;491.310;92.500
36.230.000;107.069;0.0675;565.152;832.310;26.808;574.164;520.242;92.500
36.235.000;106.233;0.0440;549.622;758.990;26.862;872.899;774.241;92.500
36.240.000;105.482;0.0311;534.154;709.660;26.817;1.061.951;932.375;92.500
36.245.000;105.498;0.0343;521.722;660.920;26.684;1.401.478;1.213.129;92.500
36.250.000;105.498;0.0443;510.477;661.090;26.449;975.857;860.469;92.500
36.255.000;105.655;0.0543;507.843;710.540;26.523;759.239;678.009;92.500
36.260.000;105.894;0.0608;512.780;734.890;26.673;728.197;651.708;92.500
36.265.000;105.901;0.0529;524.816;680.970;26.881;625.728;564.246;92.500
36.270.000;105.830;0.0435;531.380;594.300;27.026;615.399;555.371;92.500
36.275.000;105.467;0.0329;535.386;522.270;26.650;871.191;772.574;92.500
36.280.000;105.106;0.0075;535.271;510.150;26.408;1.375.797;1.191.897;92.500
36.285.000;104.737;0.0015;534.188;524.120;26.559;2.175.592;1.840.276;92.500
36.290.000;104.990;0.0032;531.097;564.680;26.668;2.937.611;2.445.669;92.500
36.295.000;105.142;0.0055;523.906;619.720;26.568;2.318.679;1.954.841;92.500
36.300.000;105.294;0.0077;511.023;663.220;26.504;2.023.429;1.718.238;92.500
36.305.000;105.444;0.0095;505.730;684.150;26.609;1.795.393;1.534.209;92.500
36.310.000;105.589;0.0147;502.714;696.050;26.779;1.462.960;1.263.543;92.500
36.315.000;105.685;0.0197;503.322;692.850;26.912;1.331.981;1.156.022;92.500
36.320.000;106.099;0.0247;505.001;686.440;26.966;1.309.085;1.137.291;92.500
36.325.000;106.190;0.0298;506.631;663.840;27.099;1.277.691;1.111.431;92.500
36.330.000;106.275;0.0348;507.831;644.290;27.406;1.380.257;1.195.903;92.500
36.335.000;106.359;0.0399;508.152;638.310;27.291;1.315.391;1.142.561;92.500
36.340.000;106.441;0.0447;509.335;650.520;27.148;1.231.149;1.073.062;92.500
36.345.000;106.455;0.0447;511.481;668.380;27.108;1.257.993;1.095.245;92.500
36.350.000;106.297;0.0442;515.305;695.750;27.199;1.297.535;1.127.820;92.500
36.355.000;106.142;0.0437;521.910;718.460;26.844;1.336.917;1.160.210;92.500
36.360.000;105.987;0.0439;532.423;741.890;26.620;1.363.133;1.181.725;92.500
36.365.000;105.832;0.0490;546.380;769.940;26.660;1.267.882;1.103.209;92.500
36.370.000;105.697;0.0592;563.469;795.340;26.764;1.116.889;978.114;92.500
36.375.000;105.762;0.0724;581.749;829.790;26.823;936.138;827.221;92.500
36.380.000;105.830;0.0836;600.256;857.570;26.705;773.220;689.881;92.500
36.385.000;105.892;0.0925;615.206;878.990;26.902;617.180;556.891;92.500
36.390.000;106.158;0.1014;621.726;899.180;26.821;551.718;500.651;92.500
36.395.000;106.486;0.1084;618.958;910.330;27.095;517.459;471.121;92.500
36.400.000;106.549;0.1096;607.727;900.310;27.049;473.373;432.886;92.500
36.405.000;106.126;0.0951;589.594;845.650;27.235;513.007;467.184;92.500
36.410.000;105.711;0.0824;569.348;790.470;27.182;610.439;551.059;92.500
36.415.000;105.294;0.0670;548.200;737.730;26.969;726.012;649.655;92.500
36.420.000;104.878;0.0486;527.912;699.880;27.039;915.899;809.963;92.500
36.425.000;104.458;0.0350;527.346;660.710;26.856;1.268.273;1.103.083;92.500
36.430.000;104.281;0.0360;539.817;632.710;26.927;1.448.919;1.251.577;92.500
36.435.000;104.244;0.0485;564.893;697.240;26.892;1.007.645;886.626;92.500
36.440.000;104.209;0.0754;595.797;858.120;26.951;749.130;668.998;92.500
36.445.000;104.175;0.1075;625.410;916.380;26.563;556.938;504.677;92.500
36.450.000;104.140;0.1189;654.915;963.370;26.411;476.114;434.738;92.500
36.455.000;104.109;0.1155;683.196;986.730;26.311;426.764;391.740;92.500
36.460.000;103.959;0.1042;697.272;998.120;26.501;446.418;408.858;92.500
36.465.000;103.791;0.0973;704.641;1.011.270;26.594;458.370;419.232;92.500
36.470.000;103.638;0.0937;704.718;1.037.580;26.527;486.574;443.707;92.500
36.475.000;103.355;0.0924;704.341;1.088.460;26.337;566.255;512.503;92.500
36.480.000;103.058;0.0891;703.590;1.192.830;26.302;681.292;610.979;92.500
36.485.000;102.511;0.0844;702.645;1.358.510;26.252;835.001;741.180;92.500
36.490.000;102.216;0.0993;701.802;1.438.430;26.154;803.806;714.753;92.500
36.495.000;102.503;0.1159;701.268;1.503.360;26.055;728.700;651.182;92.500
36.500.000;102.451;0.1408;700.761;1.554.710;25.689;659.593;592.302;92.500
36.505.000;101.638;0.1358;700.320;1.582.110;25.330;519.032;471.364;92.500
36.510.000;100.292;0.1254;705.443;1.577.880;24.939;338.714;313.090;92.500
36.515.000;98.957;0.0946;704.975;1.523.350;24.421;197.064;185.132;92.500
36.520.000;97.638;0.1023;703.962;1.242.660;24.291;143.028;135.521;92.500
36.525.000;96.687;0.1158;712.728;956.160;24.182;106.392;101.619;92.500
36.530.000;96.749;0.1281;721.548;829.500;24.303;100.929;96.567;92.500
36.535.000;96.788;0.1325;730.206;764.260;24.402;118.847;113.140;92.500
36.540.000;96.830;0.1306;738.431;711.980;24.276;140.440;133.007;92.500
36.545.000;96.872;0.1267;741.001;701.840;24.437;151.664;143.298;92.500
36.550.000;96.913;0.1180;748.517;686.780;24.424;146.111;138.220;92.500
36.555.000;96.955;0.1144;753.538;670.720;24.509;139.481;132.148;92.500
36.560.000;96.997;0.1164;747.602;662.740;24.554;145.480;137.656;92.500
36.565.000;97.039;0.1120;737.802;647.670;24.526;155.546;146.879;92.500
36.570.000;97.079;0.1080;726.944;636.530;24.723;172.056;161.961;92.500
36.575.000;97.271;0.1014;719.302;628.350;24.806;188.845;177.283;92.500
36.580.000;97.496;0.0923;714.365;629.970;24.898;191.925;180.131;92.500
36.585.000;97.497;0.0857;703.532;647.390;25.019;188.796;177.287;92.500
36.590.000;97.715;0.1032;694.026;677.580;25.137;175.694;165.406;92.500
36.595.000;98.278;0.1172;686.223;713.640;25.284;166.974;157.562;92.500
36.600.000;98.989;0.1093;683.380;731.910;25.655;192.183;180.696;92.500
36.605.000;99.697;0.0893;681.737;729.880;25.894;245.346;229.063;92.500
36.610.000;100.312;0.0680;676.077;715.260;25.838;299.326;277.808;92.500
36.615.000;100.017;0.0527;669.380;689.500;25.690;319.412;295.761;92.500
36.620.000;99.717;0.0569;670.084;670.880;25.545;326.882;302.349;92.500
36.625.000;99.816;0.0630;671.085;665.270;25.415;269.914;251.253;92.500
36.630.000;99.777;0.0680;672.471;668.690;25.379;249.799;233.105;92.500
36.635.000;98.876;0.0741;670.541;677.530;25.317;226.894;212.165;92.500
36.640.000;99.117;0.0846;670.822;683.650;25.312;194.735;183.045;92.500
36.645.000;99.693;0.0923;673.106;680.260;25.372;176.599;166.638;92.500
36.650.000;100.280;0.0931;672.988;668.390;25.370;181.147;170.896;92.500
36.655.000;100.131;0.0880;669.506;677.710;25.332;194.157;182.736;92.500
36.660.000;99.900;0.0796;652.632;690.160;25.668;250.956;234.182;92.500
36.665.000;99.671;0.0656;636.738;721.940;26.036;338.577;312.785;92.500
36.670.000;99.445;0.0540;623.630;759.760;26.395;557.066;503.505;92.500
36.675.000;99.298;0.0586;625.398;793.080;26.632;916.550;808.629;92.500
36.680.000;99.300;0.0667;630.290;829.910;26.562;1.513.281;1.302.374;92.500
36.685.000;99.301;0.0779;634.014;852.240;26.485;1.436.911;1.239.855;92.500
36.690.000;99.298;0.0941;641.719;872.130;26.120;817.429;725.210;92.500
36.695.000;99.490;0.1100;657.530;882.980;25.635;407.795;374.095;92.500
36.700.000;98.770;0.1022;669.966;866.570;25.154;290.706;269.625;92.500
36.705.000;98.012;0.0918;681.336;815.850;24.880;220.482;206.142;92.500
36.710.000;97.246;0.0856;677.076;763.040;24.836;195.734;183.530;92.500
36.715.000;96.847;0.0985;673.169;722.560;24.753;180.520;169.615;92.500
36.720.000;96.417;0.1075;672.539;678.300;24.640;162.371;152.991;92.500
36.725.000;95.980;0.1108;673.262;652.050;24.487;142.434;134.682;92.500
36.730.000;95.900;0.1108;675.643;634.520;24.433;126.301;119.863;92.500
36.735.000;95.899;0.1181;677.070;611.910;24.541;123.414;117.207;92.500
36.740.000;95.900;0.1279;675.889;599.460;24.425;134.902;127.763;92.500
36.745.000;95.900;0.1335;674.075;599.500;24.377;154.438;145.649;92.500
36.750.000;95.900;0.1344;672.609;599.540;24.245;177.417;166.593;92.500
36.755.000;95.900;0.1289;672.031;599.590;24.331;203.815;190.546;92.500
36.760.000;95.897;0.1233;671.725;599.640;24.320;225.847;210.459;92.500
36.765.000;95.885;0.1173;671.229;599.680;24.298;219.592;204.809;92.500
36.770.000;96.188;0.1095;670.322;597.630;24.275;206.139;192.717;92.500
36.775.000;96.346;0.1129;669.070;593.690;24.411;182.362;171.182;92.500
36.780.000;96.502;0.1157;667.315;587.670;24.577;160.318;151.131;92.500
36.785.000;96.657;0.1152;665.624;575.100;24.617;141.784;134.202;92.500
36.790.000;96.809;0.1127;664.625;565.680;24.269;132.289;125.512;92.500
36.795.000;96.898;0.1148;664.603;550.620;24.067;116.664;111.136;92.500
36.800.000;96.687;0.1157;665.967;551.380;23.972;97.236;93.128;92.500
36.805.000;96.681;0.1100;669.131;570.170;24.081;81.051;78.064;92.500
36.810.000;96.905;0.1158;673.802;588.780;23.998;71.353;69.015;92.500
36.815.000;96.970;0.1204;680.296;619.040;24.110;83.139;80.044;92.500
36.820.000;97.333;0.1125;687.528;648.820;24.260;102.073;97.698;92.500
36.825.000;97.689;0.1115;694.525;667.390;24.368;125.319;119.237;92.500
36.830.000;98.049;0.1154;700.570;694.560;24.301;143.426;135.949;92.500
36.835.000;97.907;0.1285;704.213;703.660;24.190;148.144;140.251;92.500
36.840.000;97.920;0.1373;705.681;699.210;24.146;138.617;131.510;92.500
36.845.000;97.938;0.1398;705.204;679.440;24.200;121.363;115.626;92.500
36.850.000;97.957;0.1414;702.449;630.090;24.081;114.879;109.640;92.500
36.855.000;97.976;0.1420;699.221;600.900;23.987;109.182;104.372;92.500
36.860.000;97.995;0.1308;697.050;590.150;24.073;120.431;114.774;92.500
36.865.000;98.014;0.1338;697.734;594.520;24.197;143.167;135.704;92.500
36.870.000;98.033;0.1373;702.263;610.270;24.058;153.812;145.466;92.500
36.875.000;98.052;0.1398;708.665;632.980;23.912;144.734;137.148;92.500
36.880.000;98.070;0.1501;717.704;659.810;23.972;131.440;124.933;92.500
36.885.000;98.090;0.1541;720.530;691.960;24.117;104.629;100.168;92.500
36.890.000;98.198;0.1461;722.276;740.510;24.833;109.312;104.522;92.500
36.895.000;98.891;0.1394;722.575;888.100;25.510;135.723;129.010;92.500
36.900.000;99.784;0.1293;719.301;1.034.050;25.958;254.258;237.116;92.500
36.905.000;101.036;0.1200;714.694;1.056.890;26.251;417.332;382.814;92.500
36.910.000;102.248;0.1213;708.794;1.056.930;26.276;662.651;594.775;92.500
36.915.000;102.903;0.1142;702.004;1.056.980;26.378;910.169;804.439;92.500
36.920.000;102.899;0.1055;702.141;1.053.250;26.318;865.607;766.965;92.500
36.925.000;102.901;0.1011;702.203;1.038.830;26.145;812.959;722.564;92.500
36.930.000;102.958;0.1219;700.948;1.046.230;26.087;752.282;671.219;92.500
36.935.000;103.218;0.1437;698.013;1.065.610;26.055;609.206;549.287;92.500
36.940.000;103.466;0.1563;695.051;1.095.860;26.330;493.345;449.468;92.500
36.945.000;103.721;0.1641;692.103;1.130.200;26.011;399.449;367.698;92.500
36.950.000;104.164;0.1749;689.186;1.148.930;24.799;339.240;314.259;92.500
36.955.000;105.286;0.2072;686.351;1.158.460;25.092;289.744;270.083;92.500
36.960.000;106.334;0.2206;683.862;1.166.810;24.869;253.679;237.749;92.500
36.965.000;107.925;0.2246;683.617;1.154.700;24.434;256.826;240.871;92.500
36.970.000;109.494;0.2256;685.351;1.147.830;24.641;268.797;251.961;92.500
36.975.000;109.466;0.2097;686.618;1.123.480;24.889;288.506;269.725;92.500
36.980.000;108.515;0.1870;693.889;1.093.300;25.390;373.513;345.686;92.500
36.985.000;107.600;0.1680;687.087;1.045.460;25.697;478.073;437.109;92.500
36.990.000;107.430;0.1564;676.364;989.960;25.300;545.015;495.055;92.500
36.995.000;107.683;0.1481;667.716;923.610;25.725;591.608;535.251;92.500
37.000.000;106.790;0.1204;660.365;875.380;26.925;576.825;522.321;92.500
37.005.000;106.517;0.1055;660.956;858.760;26.859;621.116;560.295;92.500
37.010.000;106.320;0.1024;663.179;881.550;26.793;597.939;540.359;92.500
37.015.000;106.319;0.0962;661.672;921.670;26.577;554.646;503.101;92.500
37.020.000;106.341;0.0908;675.598;966.010;26.486;514.488;468.412;92.500
37.025.000;106.363;0.1054;690.022;1.000.600;26.705;477.237;436.108;92.500
37.030.000;106.384;0.1207;701.299;1.021.550;26.770;450.167;412.552;92.500
37.035.000;106.406;0.1265;707.239;1.034.960;26.810;441.142;404.686;92.500
37.040.000;106.428;0.1151;706.735;1.039.880;26.580;464.846;425.344;92.500
37.045.000;106.450;0.0975;696.356;1.039.920;26.408;492.489;449.367;92.500
37.050.000;106.471;0.0799;671.036;1.033.890;26.317;519.592;472.853;92.500
37.055.000;106.489;0.0636;641.761;999.440;26.261;635.407;572.521;92.500
37.060.000;106.281;0.0520;613.249;891.520;26.568;820.230;729.603;92.500
37.065.000;105.817;0.0585;587.097;741.670;26.578;968.152;853.854;92.500
37.070.000;105.362;0.0663;563.274;632.860;26.455;692.366;620.883;92.500
37.075.000;105.154;0.0714;541.859;586.180;26.695;511.488;465.538;92.500
37.080.000;104.988;0.0634;531.572;546.150;26.597;506.780;461.424;92.500
37.085.000;104.822;0.0367;534.701;508.440;26.681;597.897;539.945;92.500
37.090.000;104.656;0.0133;539.220;438.520;26.699;892.231;789.816;92.500
37.095.000;104.489;0.0050;538.604;426.390;26.491;1.375.797;1.191.343;92.500
37.100.000;104.325;0.0048;534.697;475.990;26.576;1.583.428;1.361.201;92.500
37.105.000;104.440;0.0111;530.162;544.030;26.545;1.624.963;1.395.073;92.500
37.110.000;104.748;0.0216;525.223;596.750;26.719;1.255.391;1.092.259;92.500
37.115.000;105.055;0.0395;522.050;622.050;26.818;761.529;679.578;92.500
37.120.000;105.363;0.0612;520.373;629.420;26.938;609.847;550.325;92.500
37.125.000;105.669;0.0565;521.334;610.940;26.999;591.617;534.748;92.500
37.130.000;105.906;0.0481;525.497;560.460;26.942;731.537;654.344;92.500
37.135.000;105.902;0.0371;529.802;535.030;27.056;939.844;830.138;92.500
37.140.000;105.853;0.0313;533.680;508.390;26.817;1.209.347;1.054.533;92.500
37.145.000;105.797;0.0256;534.950;506.280;26.777;1.337.099;1.159.909;92.500
37.150.000;105.743;0.0265;533.853;530.250;26.669;1.389.029;1.202.574;92.500
37.155.000;105.746;0.0292;531.313;548.840;26.620;1.178.125;1.028.647;92.500
37.160.000;105.979;0.0320;527.246;569.970;26.822;1.032.895;907.982;92.500
37.165.000;106.204;0.0347;522.948;585.120;26.836;1.061.951;932.272;92.500
37.170.000;106.430;0.0341;518.061;591.220;26.774;937.204;828.066;92.500
37.175.000;106.656;0.0318;539.647;585.180;26.816;882.223;781.941;92.500
37.180.000;106.882;0.0338;563.366;604.380;26.616;942.706;832.807;92.500
37.185.000;107.095;0.0355;589.336;647.940;26.651;988.096;870.879;92.500
37.190.000;107.101;0.0377;621.142;692.160;26.693;1.065.751;935.696;92.500
37.195.000;107.101;0.0427;650.365;737.340;26.115;1.178.051;1.028.983;92.500
37.200.000;107.106;0.0670;684.454;784.810;25.673;831.515;739.324;92.500
37.205.000;107.344;0.0924;715.568;844.750;25.417;471.238;431.077;92.500
37.210.000;107.495;0.1221;722.151;890.120;25.592;267.753;250.649;92.500
37.215.000;107.649;0.1519;715.400;925.980;24.991;220.319;207.716;92.500
37.220.000;107.806;0.1867;697.276;938.170;25.861;208.582;197.061;92.500
37.225.000;107.913;0.1662;676.520;924.620;26.991;216.442;204.233;92.500
37.230.000;107.975;0.1429;654.498;874.130;26.817;333.490;309.812;92.500
37.235.000;108.038;0.1386;633.836;804.580;26.895;431.021;396.157;92.500
37.240.000;108.100;0.1321;625.305;806.320;26.803;471.300;431.288;92.500
37.245.000;108.163;0.1101;620.788;828.450;26.987;516.240;470.302;92.500
37.250.000;108.225;0.1095;633.616;866.260;26.656;439.687;403.763;92.500
37.255.000;108.290;0.1221;653.380;914.180;26.391;388.865;359.265;92.500
37.260.000;108.244;0.1284;671.841;956.040;26.442;356.623;330.541;92.500
37.265.000;108.175;0.1156;686.652;1.012.240;26.124;406.816;374.995;92.500
37.270.000;108.053;0.1021;696.146;1.057.600;25.881;516.240;470.272;92.500
37.275.000;107.906;0.1129;695.777;1.090.660;25.931;448.546;411.423;92.500
37.280.000;107.899;0.1386;693.971;1.083.650;25.477;368.710;341.258;92.500
37.285.000;107.901;0.1718;693.277;1.054.880;25.113;303.083;282.527;92.500
37.290.000;107.894;0.1995;696.018;1.000.670;25.247;239.617;225.269;92.500
37.295.000;107.668;0.2109;699.077;969.260;25.449;259.024;242.792;92.500
37.300.000;107.429;0.1967;700.908;962.610;25.850;294.557;274.777;92.500
37.305.000;107.190;0.1749;703.504;951.110;26.116;337.375;313.134;92.500
37.310.000;106.964;0.1535;705.546;954.410;26.327;345.493;320.350;92.500
37.315.000;106.640;0.1469;711.143;969.450;26.237;356.697;330.296;92.500
37.320.000;106.252;0.1564;712.848;987.720;26.275;373.499;345.207;92.500
37.325.000;105.784;0.1702;718.092;982.980;26.321;359.271;332.429;92.500
37.330.000;105.545;0.1801;724.717;938.880;26.181;335.105;310.791;92.500
37.335.000;105.282;0.1757;731.755;854.300;25.879;315.614;293.286;92.500
37.340.000;105.102;0.1672;739.367;781.220;25.518;306.653;285.214;92.500
37.345.000;105.061;0.1522;744.766;761.610;25.411;217.324;204.564;92.500
37.350.000;104.581;0.1459;745.734;751.220;25.304;153.344;146.017;92.500
37.355.000;104.191;0.1579;749.895;736.160;24.923;125.945;120.682;92.500
37.360.000;103.823;0.1661;747.283;720.610;24.522;103.328;99.628;92.500
37.365.000;103.467;0.1576;744.777;704.800;24.266;92.248;89.243;92.500
37.370.000;102.196;0.1456;743.846;682.180;23.984;82.403;79.893;92.500
37.375.000;100.661;0.1436;745.445;655.390;23.678;66.567;64.855;92.500
37.380.000;99.059;0.1480;749.802;617.450;23.759;53.787;52.635;92.500
37.385.000;99.136;0.1486;755.960;599.250;23.828;48.065;47.204;92.500
37.390.000;99.274;0.1589;761.547;610.430;23.593;46.631;45.848;92.500
37.395.000;99.287;0.1717;764.716;621.580;23.444;48.388;47.522;92.500
37.400.000;99.503;0.1842;764.938;629.790;23.423;47.072;46.284;92.500
37.405.000;99.455;0.1881;760.772;635.910;23.287;44.938;44.246;92.500
37.410.000;99.424;0.1781;753.310;627.540;23.484;49.280;48.381;92.500
37.415.000;99.392;0.1679;745.459;616.220;23.766;57.109;55.809;92.500
37.420.000;99.360;0.1570;740.309;587.420;23.784;66.183;64.378;92.500
37.425.000;99.328;0.1521;740.818;569.220;23.540;74.042;71.768;92.500
37.430.000;99.296;0.1634;747.540;581.820;23.396;64.723;62.996;92.500
37.435.000;99.458;0.1791;756.582;604.530;23.476;53.011;51.929;92.500
37.440.000;99.674;0.1885;762.604;636.240;23.481;44.114;43.473;92.500
37.445.000;99.892;0.1852;765.694;655.520;23.586;48.108;47.298;92.500
37.450.000;100.105;0.1797;763.098;668.690;23.688;54.942;53.811;92.500
37.455.000;100.295;0.1698;755.114;672.840;23.793;62.700;61.172;92.500
37.460.000;100.755;0.1660;746.587;672.890;23.802;70.016;68.114;92.500
37.465.000;101.624;0.1652;744.673;660.130;23.616;74.104;72.040;92.500
37.470.000;102.489;0.1673;752.013;654.040;23.519;66.202;64.663;92.500
37.475.000;103.106;0.1853;765.902;670.210;23.604;72.500;70.662;92.500
37.480.000;103.104;0.2237;780.777;679.160;23.694;74.732;72.765;92.500
37.485.000;103.100;0.2204;795.668;679.060;23.600;71.364;69.590;92.500
37.490.000;103.100;0.2155;808.549;671.550;23.534;70.015;68.316;92.500
37.495.000;103.027;0.2109;815.955;660.960;23.607;74.754;72.778;92.500
37.500.000;102.900;0.1975;814.055;645.890;23.564;72.944;71.062;92.500
37.505.000;102.926;0.1928;806.417;630.740;23.291;78.357;76.160;92.500
37.510.000;103.174;0.1917;796.616;615.770;23.355;72.192;70.377;92.500
37.515.000;103.428;0.1932;785.073;606.520;23.487;65.980;64.531;92.500
37.520.000;103.499;0.1953;773.254;606.570;23.659;60.302;59.156;92.500
37.525.000;103.521;0.1993;768.680;604.660;23.739;54.569;53.708;92.500
37.530.000;103.716;0.1877;755.116;602.190;24.012;59.843;58.737;92.500
37.535.000;103.915;0.1646;732.403;597.900;24.565;68.411;66.871;92.500
37.540.000;104.280;0.1260;710.045;590.400;25.138;98.240;94.926;92.500
37.545.000;106.003;0.0851;688.971;582.480;25.603;156.645;149.244;92.500
37.550.000;107.744;0.0648;671.717;575.380;25.517;249.773;234.424;92.500
37.555.000;109.325;0.0563;656.999;565.340;25.543;384.005;355.135;92.500
37.560.000;109.650;0.0527;637.159;554.290;25.635;409.685;377.764;92.500
37.565.000;109.957;0.0637;628.012;546.190;25.513;295.091;275.698;92.500
37.570.000;110.269;0.0869;629.689;540.150;25.325;219.420;207.308;92.500
37.575.000;110.581;0.1163;633.313;540.200;25.289;163.154;155.877;92.500
37.580.000;110.894;0.1362;636.790;551.730;25.317;128.944;124.294;92.500
37.585.000;111.210;0.1386;645.508;576.770;25.097;123.129;118.927;92.500
37.590.000;111.450;0.1353;651.967;584.990;25.008;121.909;117.821;92.500
37.595.000;111.749;0.1208;658.815;616.380;25.160;122.778;118.666;92.500
37.600.000;112.240;0.1173;669.530;676.600;25.182;136.063;131.073;92.500
37.605.000;112.674;0.1136;676.026;728.930;25.354;147.195;141.442;92.500
37.610.000;113.115;0.1096;681.692;762.460;25.321;156.915;150.483;92.500
37.615.000;113.556;0.1120;687.635;833.700;25.571;228.506;216.113;92.500
37.620.000;113.997;0.1168;688.966;970.310;25.677;327.784;305.797;92.500
37.625.000;114.438;0.1316;692.331;1.063.460;25.723;436.576;402.276;92.500
37.630.000;114.873;0.1704;694.028;1.099.970;25.958;466.310;428.335;92.500
37.635.000;115.421;0.2158;712.446;1.080.620;26.123;376.895;349.967;92.500
37.640.000;116.619;0.2542;736.790;1.037.320;25.936;306.800;287.442;92.500
37.645.000;117.520;0.2376;753.868;966.380;25.483;257.818;243.394;92.500
37.650.000;117.319;0.2097;769.489;922.650;25.409;265.699;250.494;92.500
37.655.000;117.071;0.1624;778.457;867.140;25.147;281.452;264.686;92.500
37.660.000;117.296;0.1359;787.245;838.720;24.692;310.156;290.582;92.500
37.665.000;118.249;0.1332;824.588;826.740;23.746;346.865;323.683;92.500
37.670.000;118.406;0.1633;841.546;820.700;22.410;334.269;312.432;92.500
37.675.000;118.463;0.1914;849.826;814.660;21.170;262.347;247.658;92.500
37.680.000;119.629;0.2489;856.782;811.790;20.634;183.253;175.695;92.500
37.685.000;120.915;0.2905;849.398;808.680;22.151;155.154;149.825;92.500
37.690.000;119.376;0.2664;846.312;814.800;23.492;158.401;152.730;92.500
37.695.000;119.542;0.1927;840.374;829.530;23.995;250.956;237.518;92.500
37.700.000;119.784;0.1557;804.777;844.680;24.216;299.628;281.562;92.500
37.705.000;120.259;0.1752;773.298;855.620;23.524;366.517;341.579;92.500
37.710.000;120.569;0.2397;748.897;857.540;22.971;307.974;289.118;92.500
37.715.000;120.887;0.2028;736.369;843.270;23.459;275.270;259.629;92.500
37.720.000;121.286;0.1914;735.050;825.660;23.932;288.297;271.396;92.500
37.725.000;121.349;0.1804;734.502;811.090;23.764;330.548;309.397;92.500
37.730.000;121.436;0.1744;739.419;803.010;23.848;378.376;352.158;92.500
37.735.000;121.484;0.1782;752.284;795.180;23.553;421.209;389.929;92.500
37.740.000;122.378;0.1937;769.079;782.490;22.927;394.248;366.216;92.500
37.745.000;123.616;0.2124;786.632;798.050;22.017;357.654;333.667;92.500
37.750.000;124.755;0.2321;801.813;833.590;21.522;311.872;292.650;92.500
37.755.000;126.502;0.2293;810.401;852.580;21.230;256.333;242.544;92.500
37.760.000;130.687;0.2377;810.520;853.620;21.739;237.384;225.392;92.500
37.765.000;134.837;0.2417;798.656;827.560;22.566;218.438;208.190;92.500
37.770.000;136.447;0.2366;778.266;779.060;22.866;212.357;202.660;92.500
37.775.000;129.198;0.2341;754.595;765.880;23.156;222.359;211.690;92.500
37.780.000;123.332;0.2454;734.555;752.830;23.435;246.350;233.448;92.500
37.785.000;120.977;0.2300;715.218;752.280;24.087;284.115;267.614;92.500
37.790.000;120.201;0.2037;719.082;773.170;25.048;329.899;308.803;92.500
37.795.000;119.984;0.1750;731.867;798.920;25.842;394.409;366.347;92.500
37.800.000;119.778;0.1619;743.501;825.530;26.436;460.100;423.934;92.500
37.805.000;119.571;0.1596;756.300;834.090;26.260;526.239;481.453;92.500
37.810.000;119.375;0.1672;768.163;815.900;25.926;401.165;372.175;92.500
37.815.000;118.437;0.1620;774.619;748.080;25.375;249.399;235.906;92.500
37.820.000;118.394;0.1601;781.468;699.520;24.825;154.797;149.252;92.500
37.825.000;118.588;0.1685;769.680;648.490;24.746;117.045;114.131;92.500
37.830.000;118.036;0.1600;756.595;613.920;24.695;89.084;87.746;92.500
37.835.000;115.728;0.1516;748.478;609.440;24.820;93.668;91.840;92.500
37.840.000;116.303;0.1485;745.677;604.990;24.926;99.995;97.863;92.500
37.845.000;117.282;0.1654;746.506;603.450;24.772;104.249;101.972;92.500
37.850.000;116.609;0.1792;748.691;596.050;24.577;94.690;92.896;92.500
37.855.000;116.114;0.1878;749.448;591.380;24.467;82.449;81.269;92.500
37.860.000;116.301;0.1933;750.154;587.110;24.380;75.424;74.612;92.500
37.865.000;116.408;0.1830;752.375;579.320;24.248;84.276;83.029;92.500
37.870.000;116.061;0.1733;756.997;572.100;24.116;81.215;80.093;92.500
37.875.000;114.503;0.1845;756.294;572.570;24.015;85.849;84.331;92.500
37.880.000;112.946;0.2051;750.559;587.720;24.042;79.163;77.852;92.500
37.885.000;112.347;0.2205;742.743;603.820;24.173;68.641;67.805;92.500
37.890.000;110.852;0.2021;728.053;625.110;24.588;57.682;57.224;92.500
37.895.000;109.307;0.1702;697.758;652.770;25.090;59.305;58.656;92.500
37.900.000;110.076;0.1400;665.820;682.670;25.672;90.791;88.545;92.500
37.905.000;111.730;0.1098;634.066;707.340;26.259;159.244;152.425;92.500
37.910.000;113.426;0.0936;610.169;728.900;26.501;279.306;262.078;92.500
37.915.000;113.677;0.1036;598.372;759.160;26.709;458.111;420.886;92.500
37.920.000;113.376;0.1100;597.090;793.180;26.625;626.886;566.748;92.500
37.925.000;113.063;0.1301;609.496;835.190;26.596;534.077;486.735;92.500
37.930.000;112.752;0.1440;636.193;881.630;26.814;463.604;425.477;92.500
37.935.000;112.440;0.1516;659.345;922.760;27.004;406.289;375.290;92.500
37.940.000;112.135;0.1568;676.276;945.840;26.879;380.370;352.402;92.500
37.945.000;111.998;0.1628;684.335;944.790;26.688;350.314;325.558;92.500
37.950.000;111.798;0.1693;689.446;944.380;26.491;358.421;332.761;92.500
37.955.000;111.448;0.1594;688.552;933.010;26.453;377.399;349.621;92.500
37.960.000;111.100;0.1449;683.876;906.990;26.540;447.138;410.762;92.500
37.965.000;110.750;0.1316;684.169;884.190;26.310;502.115;458.519;92.500
37.970.000;110.404;0.1298;683.929;883.950;26.232;435.907;400.808;92.500
37.975.000;110.152;0.1496;679.205;878.190;26.342;360.920;334.677;92.500
37.980.000;110.389;0.1358;659.529;871.800;25.845;293.678;274.474;92.500
37.985.000;110.498;0.1130;637.183;811.420;25.968;270.226;253.360;92.500
37.990.000;110.092;0.0857;616.044;732.890;26.173;334.875;311.386;92.500
37.995.000;109.636;0.0609;592.170;636.750;26.459;465.983;426.875;92.500
38.000.000;109.181;0.0357;566.040;540.610;26.842;720.448;645.573;92.500
38.005.000;108.725;0.0278;540.442;505.930;26.793;692.843;621.947;92.500
38.010.000;108.448;0.0381;523.811;531.850;26.968;1.640.059;1.408.100;92.500
38.015.000;108.327;0.0553;524.281;561.910;26.865;1.120.538;981.339;92.500
38.020.000;108.298;0.0820;521.099;594.170;26.718;840.522;747.032;92.500
38.025.000;108.281;0.0789;516.924;612.610;26.813;686.824;616.697;92.500
38.030.000;108.265;0.0631;514.496;622.920;26.963;611.009;551.851;92.500
38.035.000;108.248;0.0470;513.934;616.140;26.917;757.010;676.375;92.500
38.040.000;108.231;0.0455;515.291;606.570;26.827;1.032.895;908.352;92.500
38.045.000;108.214;0.0422;517.495;591.580;26.846;950.411;839.384;92.500
38.050.000;108.198;0.0423;518.964;574.160;26.919;1.042.491;916.342;92.500
38.055.000;108.181;0.0447;519.530;574.130;26.660;995.387;877.012;92.500
38.060.000;108.164;0.0491;519.777;577.260;26.447;748.059;668.751;92.500
38.065.000;108.148;0.0545;519.288;589.210;26.503;644.719;580.695;92.500
38.070.000;108.132;0.0616;517.803;596.650;26.613;551.561;500.674;92.500
38.075.000;108.108;0.0696;515.663;604.410;26.507;499.279;455.456;92.500
38.080.000;107.951;0.0776;512.938;611.550;26.446;492.667;449.686;92.500
38.085.000;107.956;0.0880;525.412;616.500;26.585;501.552;457.392;92.500
38.090.000;108.022;0.0817;540.409;620.370;26.642;529.888;481.932;92.500
38.095.000;108.086;0.0740;541.008;622.520;26.534;591.468;535.016;92.500
38.100.000;108.149;0.0763;541.965;628.570;26.345;644.521;580.518;92.500
38.105.000;108.211;0.0784;541.495;628.540;26.295;668.746;601.237;92.500
38.110.000;108.275;0.0675;539.532;628.510;26.461;687.621;617.356;92.500
38.115.000;108.299;0.0620;538.028;628.480;26.545;681.593;612.221;92.500
38.120.000;108.325;0.0578;522.854;628.330;26.442;675.021;606.619;92.500
38.125.000;108.357;0.0511;509.616;620.820;26.560;703.500;630.904;92.500
38.130.000;108.389;0.0398;511.063;613.310;26.612;748.219;668.930;92.500
38.135.000;108.420;0.0285;512.560;605.810;26.445;801.882;714.400;92.500
38.140.000;108.452;0.0247;514.007;597.930;26.615;1.134.020;992.524;92.500
38.145.000;108.484;0.0323;515.000;591.820;26.646;1.222.335;1.065.678;92.500
38.150.000;108.515;0.0385;515.211;591.790;26.628;1.041.505;915.579;92.500
38.155.000;108.547;0.0447;528.743;587.930;26.712;896.925;794.557;92.500
38.160.000;108.579;0.0496;544.958;591.730;26.800;772.758;689.783;92.500
38.165.000;108.610;0.0503;545.507;605.500;26.661;666.506;599.412;92.500
38.170.000;108.642;0.0495;546.676;629.850;26.421;621.116;560.583;92.500
38.175.000;108.674;0.0492;547.186;666.410;26.339;668.335;600.988;92.500
38.180.000;108.706;0.0520;546.604;707.110;26.667;657.629;591.849;92.500
38.185.000;108.737;0.0587;547.407;713.220;26.910;642.908;579.267;92.500
38.190.000;108.769;0.0716;534.092;722.130;26.990;602.287;544.455;92.500
38.195.000;108.801;0.0834;521.052;731.340;26.902;506.780;462.092;92.500
38.200.000;108.832;0.0976;522.556;735.560;27.090;497.493;454.047;92.500
38.205.000;108.866;0.0854;522.183;737.360;26.943;515.391;469.563;92.500
38.210.000;108.899;0.0660;519.372;729.300;26.856;566.255;513.494;92.500
38.215.000;109.097;0.0604;516.060;716.690;27.026;641.542;578.181;92.500
38.220.000;109.488;0.0694;512.003;705.410;27.049;754.241;674.311;92.500
38.225.000;109.765;0.0764;507.646;688.600;26.918;677.836;609.366;92.500
38.230.000;110.046;0.0796;505.851;676.410;27.016;602.649;545.068;92.500
38.235.000;110.292;0.0880;506.246;678.270;26.884;594.298;537.951;92.500
38.240.000;110.512;0.0931;509.695;689.000;26.746;579.141;524.966;92.500
38.245.000;110.749;0.0952;529.894;706.710;26.806;535.693;487.545;92.500
38.250.000;110.987;0.0964;557.503;724.920;26.573;532.400;484.752;92.500
38.255.000;111.225;0.0975;587.131;747.330;26.643;511.505;466.718;92.500
38.260.000;111.463;0.1001;619.237;769.730;26.243;446.770;410.473;92.500
38.265.000;111.700;0.1044;648.385;796.320;26.082;391.174;361.826;92.500
38.270.000;111.935;0.0985;675.046;834.220;25.922;349.848;325.100;92.500
38.275.000;112.113;0.0923;697.164;852.440;26.007;365.389;339.010;92.500
38.280.000;112.189;0.0904;703.204;852.400;25.887;394.575;364.908;92.500
38.285.000;112.270;0.0971;704.712;844.950;25.756;356.036;330.690;92.500
38.290.000;112.350;0.1040;704.370;828.020;25.635;327.441;305.125;92.500
38.295.000;112.430;0.1088;703.240;821.920;25.626;307.575;287.316;92.500
38.300.000;112.536;0.1127;702.143;882.680;25.875;341.943;318.143;92.500
38.305.000;112.785;0.1192;701.688;944.520;26.304;370.061;343.303;92.500
38.310.000;113.036;0.1540;702.473;985.950;26.123;356.557;331.299;92.500
38.315.000;113.338;0.1925;701.353;998.080;25.879;344.121;320.241;92.500
38.320.000;113.470;0.1678;701.373;1.004.140;26.194;331.894;309.321;92.500
38.325.000;113.289;0.1391;701.740;989.810;26.425;328.144;305.927;92.500
38.330.000;113.278;0.1371;715.185;901.230;26.401;414.429;382.543;92.500
38.335.000;113.506;0.1447;728.855;858.140;26.069;437.491;402.780;92.500
38.340.000;113.827;0.1532;740.579;844.260;25.645;392.641;363.519;92.500
38.345.000;114.079;0.1589;754.783;824.770;25.100;276.728;259.837;92.500
38.350.000;113.889;0.1508;767.578;772.950;24.555;163.965;157.063;92.500
38.355.000;113.247;0.1524;777.098;699.970;24.045;92.553;90.519;92.500
38.360.000;112.576;0.1780;784.613;661.640;23.791;63.931;63.326;92.500
38.365.000;111.882;0.1881;776.004;624.220;23.672;48.589;48.560;92.500
38.370.000;111.249;0.1912;767.536;593.130;23.673;47.064;47.048;92.500
38.375.000;110.895;0.1925;758.873;561.550;23.638;48.332;48.246;92.500
38.380.000;110.992;0.1817;750.193;517.450;23.667;48.838;48.740;92.500
38.385.000;111.504;0.1938;745.080;484.470;23.581;48.267;48.224;92.500
38.390.000;111.997;0.2086;744.335;474.830;23.638;46.905;46.943;92.500
38.395.000;112.153;0.2235;749.593;482.950;23.698;45.252;45.357;92.500
38.400.000;112.095;0.2345;747.767;505.160;23.930;44.114;44.253;92.500
38.405.000;112.100;0.2134;744.701;526.540;24.121;45.151;45.256;92.500
38.410.000;112.094;0.1909;741.538;552.030;24.295;48.706;48.687;92.500
38.415.000;112.491;0.1720;736.443;559.790;24.225;54.532;54.320;92.500
38.420.000;113.103;0.1551;733.915;559.750;24.245;65.987;65.331;92.500
38.425.000;113.731;0.1485;730.031;559.420;24.101;77.477;76.316;92.500
38.430.000;114.194;0.1761;725.048;551.910;23.870;66.084;65.514;92.500
38.435.000;111.995;0.1835;731.868;547.510;23.579;57.909;57.521;92.500
38.440.000;110.283;0.1954;740.128;551.980;23.572;50.738;50.517;92.500
38.445.000;110.401;0.1926;747.426;559.600;23.644;47.064;46.990;92.500
38.450.000;110.488;0.1880;751.399;565.660;23.670;50.803;50.594;92.500
38.455.000;110.572;0.1805;749.682;563.010;23.598;54.569;54.214;92.500
38.460.000;110.654;0.1833;745.608;559.510;23.669;51.624;51.394;92.500
38.465.000;110.628;0.1861;738.962;553.400;23.814;55.546;55.154;92.500
38.470.000;110.474;0.1684;724.278;554.100;24.137;59.029;58.475;92.500
38.475.000;110.325;0.1613;689.785;563.680;24.476;62.481;61.758;92.500
38.480.000;110.149;0.1434;653.607;582.130;24.929;67.983;66.982;92.500
38.485.000;111.014;0.1245;618.220;607.990;25.778;78.834;77.347;92.500
38.490.000;111.862;0.1036;582.908;639.080;26.434;92.441;90.267;92.500
38.495.000;112.015;0.0827;550.460;663.140;26.658;219.212;207.352;92.500
38.500.000;111.725;0.0732;520.552;686.930;26.858;484.952;443.745;92.500
38.505.000;111.441;0.0712;500.760;688.540;26.885;761.050;680.538;92.500
38.510.000;111.303;0.0826;500.651;686.870;26.677;806.449;718.949;92.500
38.515.000;111.299;0.0939;501.504;680.760;26.792;728.195;652.594;92.500
38.520.000;111.295;0.1052;502.552;689.360;26.830;631.444;570.016;92.500
38.525.000;111.083;0.1088;502.889;696.810;26.569;547.940;498.152;92.500
38.530.000;110.869;0.1037;503.719;704.980;26.544;481.422;440.486;92.500
38.535.000;110.628;0.0996;504.480;704.290;26.622;461.961;423.501;92.500
38.540.000;110.385;0.0976;504.408;694.710;26.745;449.377;412.481;92.500
38.545.000;110.141;0.1084;505.163;676.260;27.057;453.023;415.608;92.500
38.550.000;109.898;0.1096;506.718;668.380;27.117;457.639;419.579;92.500
38.555.000;109.632;0.0992;509.320;687.140;26.938;445.481;408.923;92.500
38.560.000;109.263;0.0920;513.363;707.960;26.779;409.377;377.283;92.500
38.565.000;108.909;0.1001;517.784;722.890;26.863;414.799;381.960;92.500
38.570.000;108.842;0.1076;521.685;733.430;26.933;432.901;397.776;92.500
38.575.000;108.787;0.1014;525.428;741.180;26.819;429.632;394.908;92.500
38.580.000;108.733;0.0981;527.110;747.240;26.829;425.122;390.954;92.500
38.585.000;108.748;0.1000;527.244;744.710;26.702;429.072;394.409;92.500
38.590.000;108.863;0.0959;541.858;737.200;26.741;447.602;410.608;92.500
38.595.000;108.895;0.0916;562.544;728.900;26.692;453.362;415.635;92.500
38.600.000;108.734;0.0853;579.400;728.880;26.716;477.920;436.970;92.500
38.605.000;108.905;0.0803;599.035;728.840;26.311;511.729;466.334;92.500
38.610.000;109.162;0.0768;623.757;732.220;26.146;536.307;487.648;92.500
38.615.000;109.482;0.0840;645.390;753.100;26.221;473.062;432.906;92.500
38.620.000;110.129;0.1048;659.895;771.670;26.407;378.467;350.257;92.500
38.625.000;111.915;0.1311;669.142;798.640;26.021;302.632;282.754;92.500
38.630.000;113.648;0.1395;669.079;837.630;26.275;243.777;229.934;92.500
38.635.000;115.571;0.1436;675.705;867.510;26.499;243.743;230.229;92.500
38.640.000;115.693;0.1400;681.946;868.810;26.106;281.097;264.044;92.500
38.645.000;112.490;0.1227;679.728;845.020;26.270;369.496;342.710;92.500
38.650.000;109.651;0.1052;682.604;807.600;25.977;420.016;386.664;92.500
38.655.000;109.903;0.0872;690.978;774.010;25.402;488.927;446.776;92.500
38.660.000;110.012;0.0716;690.839;758.900;24.716;506.780;462.285;92.500
38.665.000;110.357;0.0788;697.247;758.330;24.364;464.932;426.011;92.500
38.670.000;112.061;0.0988;702.437;751.790;23.775;423.710;390.381;92.500
38.675.000;116.526;0.1194;711.812;748.020;23.404;386.337;358.449;92.500
38.680.000;121.497;0.1400;725.733;740.540;23.729;352.826;329.252;92.500
38.685.000;120.937;0.1617;739.782;740.460;24.035;322.223;301.837;92.500
38.690.000;121.963;0.1746;750.703;732.950;24.067;294.274;276.711;92.500
38.695.000;123.268;0.1917;758.216;725.440;23.544;268.749;253.681;92.500
38.700.000;122.957;0.2317;755.462;713.680;23.776;239.728;227.363;92.500
38.705.000;118.971;0.2270;740.820;703.920;25.077;224.598;213.383;92.500
38.710.000;116.565;0.2201;705.615;689.790;25.493;242.901;229.629;92.500
38.715.000;114.470;0.1847;679.679;674.800;25.885;293.597;275.084;92.500
38.720.000;112.513;0.1304;655.368;663.590;26.424;354.874;329.659;92.500
38.725.000;111.908;0.0760;630.961;649.080;26.576;456.244;418.761;92.500
38.730.000;111.136;0.0590;599.009;630.330;26.417;503.330;459.532;92.500
38.735.000;110.889;0.0636;572.135;620.940;26.320;543.300;494.063;92.500
38.740.000;110.855;0.0716;571.996;612.520;26.301;582.322;527.690;92.500
38.745.000;110.825;0.0693;569.615;624.640;26.435;615.810;556.451;92.500
38.750.000;110.795;0.0661;551.803;642.860;26.498;615.307;556.011;92.500
38.755.000;110.765;0.0626;536.607;663.860;26.411;579.952;525.626;92.500
38.760.000;110.735;0.0600;519.034;675.990;26.427;539.977;491.153;92.500
38.765.000;110.705;0.0638;535.083;683.430;26.709;505.873;461.635;92.500
38.770.000;110.675;0.0673;534.729;685.290;26.816;499.936;456.480;92.500
38.775.000;110.645;0.0700;519.011;679.180;26.457;488.506;446.553;92.500
38.780.000;110.615;0.0700;522.597;676.840;26.372;515.962;470.353;92.500
38.785.000;110.585;0.0696;521.460;665.620;26.555;535.693;487.413;92.500
38.790.000;110.555;0.0792;522.218;642.610;26.808;521.036;474.730;92.500
38.795.000;110.525;0.0812;520.983;643.870;26.930;552.966;502.311;92.500
38.800.000;110.502;0.0756;504.561;662.610;27.018;588.312;532.746;92.500
38.805.000;110.518;0.0655;505.121;666.840;26.913;588.128;532.591;92.500
38.810.000;110.533;0.0567;504.895;660.720;26.784;681.319;612.403;92.500
38.815.000;110.548;0.0499;504.053;654.620;26.683;761.248;680.390;92.500
38.820.000;110.563;0.0476;504.427;648.510;26.779;776.778;693.556;92.500
38.825.000;110.578;0.0556;506.786;653.950;26.851;866.465;769.308;92.500
38.830.000;110.593;0.0568;509.715;673.010;26.752;768.320;686.394;92.500
38.835.000;110.608;0.0552;513.076;703.130;26.792;785.708;701.127;92.500
38.840.000;110.623;0.0622;516.536;728.270;26.525;797.272;710.916;92.500
38.845.000;110.638;0.0665;519.984;733.470;26.508;658.741;593.143;92.500
38.850.000;110.653;0.0692;523.693;733.430;26.693;638.588;575.907;92.500
38.855.000;110.668;0.0650;526.419;733.400;26.865;736.171;659.126;92.500
38.860.000;110.690;0.0596;527.604;733.370;26.884;768.320;686.412;92.500
38.865.000;110.728;0.0672;527.156;733.340;26.775;702.078;630.137;92.500
38.870.000;110.182;0.0756;525.707;736.470;26.796;652.957;588.079;92.500
38.875.000;109.989;0.0669;522.246;739.360;26.790;598.561;541.416;92.500
38.880.000;109.798;0.0520;518.043;727.170;26.633;638.588;575.689;92.500
38.885.000;109.611;0.0459;514.070;717.240;26.792;801.030;713.808;92.500
38.890.000;109.428;0.0529;525.906;697.440;26.714;932.995;824.873;92.500
38.895.000;109.355;0.0645;524.286;682.460;26.749;675.021;606.711;92.500
38.900.000;109.539;0.0812;522.371;666.260;26.539;687.621;617.504;92.500
38.905.000;109.719;0.0761;523.605;652.490;26.412;661.186;594.988;92.500
38.910.000;109.899;0.0586;522.885;637.510;26.495;643.900;580.253;92.500
38.915.000;110.080;0.0503;524.652;626.110;26.566;820.350;730.255;92.500
38.920.000;110.263;0.0453;538.467;611.420;26.546;872.791;774.519;92.500
38.925.000;110.378;0.0391;543.582;605.320;26.634;939.178;830.319;92.500
38.930.000;110.514;0.0487;566.115;610.390;26.425;1.032.895;908.723;92.500
38.935.000;110.634;0.0576;593.528;638.990;26.280;973.899;859.471;92.500
38.940.000;110.912;0.0762;619.734;676.350;26.182;879.305;780.177;92.500
38.945.000;110.898;0.0959;647.759;714.620;26.207;714.954;641.124;92.500
38.950.000;110.895;0.1195;676.741;755.930;25.614;561.233;509.498;92.500
38.955.000;111.011;0.1506;692.770;785.810;25.096;425.437;391.640;92.500
38.960.000;111.292;0.1780;705.747;815.690;24.656;356.623;330.968;92.500
38.965.000;113.928;0.1879;715.279;830.000;24.401;344.461;320.597;92.500
38.970.000;116.332;0.1972;717.924;822.430;24.264;334.269;311.925;92.500
38.975.000;115.293;0.2033;715.130;803.190;24.429;343.672;320.147;92.500
38.980.000;114.249;0.2059;706.613;759.150;24.604;391.925;362.887;92.500
38.985.000;112.258;0.1869;691.602;708.290;25.727;445.538;409.456;92.500
38.990.000;110.515;0.1384;659.892;676.670;26.500;506.485;462.086;92.500
38.995.000;110.520;0.0788;626.870;642.520;26.476;575.769;521.922;92.500
39.000.000;110.569;0.0508;595.469;620.060;26.573;644.521;580.932;92.500
39.005.000;110.613;0.0543;566.064;606.470;26.587;644.521;580.942;92.500
39.010.000;110.655;0.0585;542.785;598.720;26.608;644.521;580.952;92.500
39.015.000;110.696;0.0643;537.806;614.310;26.674;620.949;560.772;92.500
39.020.000;110.738;0.0701;539.853;634.170;26.605;589.686;533.941;92.500
39.025.000;110.780;0.0836;556.086;649.090;26.458;544.730;495.221;92.500
39.030.000;110.823;0.0796;558.945;653.310;26.247;498.107;454.884;92.500
39.035.000;110.864;0.0724;559.028;651.950;26.161;462.572;424.008;92.500
39.040.000;110.893;0.0703;560.103;639.030;26.365;431.031;396.495;92.500
39.045.000;110.834;0.0739;556.951;628.060;26.436;391.174;361.558;92.500
39.050.000;110.777;0.0796;539.370;604.550;26.612;394.808;364.738;92.500
39.055.000;110.719;0.0728;521.722;598.450;26.787;421.015;387.698;92.500
39.060.000;110.662;0.0664;505.774;647.300;26.857;490.519;448.259;92.500
39.065.000;110.604;0.0703;505.154;671.220;26.815;576.825;522.838;92.500
39.070.000;110.547;0.0653;504.320;677.390;26.820;641.209;578.078;92.500
39.075.000;110.495;0.0623;503.619;671.280;26.655;683.817;614.465;92.500
39.080.000;110.476;0.0668;504.068;662.980;26.705;713.532;639.773;92.500
39.085.000;110.457;0.0620;504.675;650.490;26.843;673.098;605.308;92.500
39.090.000;110.437;0.0680;504.470;642.980;26.958;621.116;560.836;92.500
39.095.000;110.417;0.0770;509.097;640.760;27.000;653.518;588.569;92.500
39.100.000;110.398;0.0772;519.861;649.250;26.774;701.816;629.775;92.500
39.105.000;110.378;0.0656;542.559;687.130;26.728;753.683;673.856;92.500
39.110.000;110.358;0.0636;567.835;750.340;26.722;809.384;721.014;92.500
39.115.000;110.338;0.0810;597.095;823.000;26.449;858.489;762.441;92.500
39.120.000;110.316;0.0965;627.295;854.580;26.297;656.592;591.166;92.500
39.125.000;110.279;0.1148;656.639;930.870;26.588;471.610;431.735;92.500
39.130.000;111.072;0.1306;669.761;989.720;26.656;334.269;310.931;92.500
39.135.000;111.977;0.1477;662.888;994.860;26.174;307.575;287.167;92.500
39.140.000;112.084;0.1353;638.349;962.670;26.387;318.487;296.979;92.500
39.145.000;112.045;0.1043;611.665;865.020;26.546;379.960;351.902;92.500
39.150.000;112.005;0.0787;582.008;748.220;26.609;518.203;472.543;92.500
39.155.000;111.966;0.0577;553.679;671.330;26.693;706.744;634.364;92.500
39.160.000;111.927;0.0472;526.629;618.970;26.639;963.883;851.389;92.500
39.165.000;111.872;0.0395;511.421;595.290;26.720;1.112.205;975.056;92.500
39.170.000;111.755;0.0457;507.330;609.900;26.726;1.028.290;905.164;92.500
39.175.000;111.663;0.0555;510.190;629.020;26.710;943.599;834.315;92.500
39.180.000;111.588;0.0600;514.744;654.830;26.840;873.867;775.721;92.500
39.185.000;111.513;0.0564;519.506;692.190;26.999;918.528;813.239;92.500
39.190.000;111.438;0.0540;524.658;725.040;26.827;950.411;839.955;92.500
39.195.000;111.364;0.0649;528.958;755.650;26.842;798.813;712.327;92.500
39.200.000;111.303;0.0749;530.760;761.710;26.766;582.184;527.590;92.500
39.205.000;111.342;0.0796;530.119;756.440;26.870;587.593;532.250;92.500
39.210.000;111.380;0.0711;527.554;741.460;26.827;525.876;479.032;92.500
39.215.000;111.417;0.0605;522.646;712.980;26.696;592.503;536.488;92.500
39.220.000;111.454;0.0531;518.749;672.090;26.759;646.834;583.085;92.500
39.225.000;111.493;0.0574;526.515;631.460;27.000;662.651;596.617;92.500
39.230.000;111.468;0.0563;539.728;605.040;26.730;574.016;520.593;92.500
39.235.000;111.427;0.0472;555.485;585.190;26.452;503.529;459.686;92.500
39.240.000;111.385;0.0431;570.550;559.890;26.177;429.469;395.202;92.500
39.245.000;111.344;0.0520;585.704;533.220;26.011;339.880;315.992;92.500
39.250.000;111.303;0.0536;600.531;518.240;26.124;268.260;251.641;92.500
39.255.000;111.261;0.0512;612.788;507.690;26.186;239.464;225.582;92.500
39.260.000;111.220;0.0553;612.395;506.020;26.065;228.513;215.636;92.500
39.265.000;111.179;0.0577;599.904;507.140;26.098;248.573;233.820;92.500
39.270.000;111.137;0.0588;585.953;517.140;26.008;280.730;262.857;92.500
39.275.000;111.096;0.0557;573.115;532.070;26.254;317.048;295.496;92.500
39.280.000;111.055;0.0559;556.049;560.600;26.521;358.063;332.180;92.500
39.285.000;111.013;0.0618;539.195;587.570;26.497;389.033;359.681;92.500
39.290.000;110.972;0.0677;521.807;617.450;26.589;413.797;381.397;92.500
39.295.000;110.931;0.0720;509.193;643.860;26.598;445.039;408.700;92.500
39.300.000;110.900;0.0674;506.961;669.900;26.630;471.077;431.377;92.500
39.305.000;110.896;0.0660;507.787;688.480;26.536;488.377;446.411;92.500
39.310.000;110.808;0.0678;512.496;703.400;26.523;478.011;437.386;92.500
39.315.000;110.719;0.0645;519.912;718.330;26.510;470.642;430.958;92.500
39.320.000;110.632;0.0611;528.518;733.250;26.628;546.166;496.374;92.500
39.325.000;110.547;0.0600;537.029;754.860;26.849;615.586;556.074;92.500
39.330.000;110.624;0.0653;542.818;775.250;26.963;670.234;602.851;92.500
39.335.000;110.877;0.0725;545.533;782.700;26.730;617.854;558.098;92.500
39.340.000;111.124;0.0796;546.103;775.200;26.797;581.349;526.802;92.500
39.345.000;111.289;0.0782;547.867;760.820;26.682;582.184;527.559;92.500
39.350.000;111.237;0.0744;552.452;746.800;26.501;579.141;524.927;92.500
39.355.000;111.189;0.0802;559.077;740.390;26.691;539.637;490.858;92.500
39.360.000;111.141;0.0874;567.933;781.160;26.852;493.347;450.770;92.500
39.365.000;111.093;0.0944;578.846;827.560;26.934;462.274;423.747;92.500
39.370.000;111.046;0.0952;589.939;845.900;26.852;456.809;418.975;92.500
39.375.000;110.998;0.0830;598.966;853.350;26.935;455.167;417.534;92.500
39.380.000;110.950;0.0777;600.213;854.960;27.075;453.551;416.115;92.500
39.385.000;110.902;0.0776;595.526;847.440;26.952;409.331;377.458;92.500
39.390.000;110.854;0.0788;591.296;833.490;26.757;374.478;346.769;92.500
39.395.000;110.806;0.0802;590.642;799.970;26.561;343.487;319.104;92.500
39.400.000;110.758;0.0817;600.214;792.100;26.456;322.131;299.980;92.500
39.405.000;110.707;0.0836;614.102;818.330;26.529;333.701;310.332;92.500
39.410.000;110.770;0.0874;631.350;863.770;26.458;341.148;317.005;92.500
39.415.000;110.859;0.0954;652.670;897.420;26.541;343.551;319.169;92.500
39.420.000;110.949;0.1182;673.273;938.360;26.466;328.253;305.498;92.500
39.425.000;111.039;0.1475;690.891;968.230;26.584;312.260;291.178;92.500
39.430.000;111.128;0.1695;702.655;991.300;26.486;304.520;284.246;92.500
39.435.000;111.217;0.1622;703.499;991.160;26.355;313.864;292.649;92.500
39.440.000;111.307;0.1391;702.086;974.710;26.421;337.819;314.125;92.500
39.445.000;111.397;0.1161;702.122;946.540;26.476;386.714;357.696;92.500
39.450.000;111.486;0.1040;702.438;913.370;26.616;426.501;392.598;92.500
39.455.000;111.554;0.1133;702.755;893.890;26.752;462.018;423.608;92.500
39.460.000;111.638;0.1378;703.504;993.790;26.751;439.777;404.229;92.500
39.465.000;111.768;0.1793;704.330;1.058.690;26.698;360.469;334.445;92.500
39.470.000;112.074;0.2377;706.190;1.103.410;26.540;303.852;283.814;92.500
39.475.000;111.683;0.2262;708.266;1.136.930;26.659;266.257;249.883;92.500
39.480.000;111.199;0.2093;704.123;1.142.980;26.704;250.956;235.967;92.500
39.485.000;110.712;0.1825;692.948;1.129.330;26.633;262.832;246.621;92.500
39.490.000;110.228;0.1573;677.944;1.060.010;26.597;311.531;290.371;92.500
39.495.000;109.743;0.1321;661.618;930.120;26.692;365.537;338.580;92.500
39.500.000;109.478;0.1065;645.103;875.380;26.834;410.226;377.944;92.500
39.505.000;109.434;0.0898;629.510;842.160;26.979;468.904;429.143;92.500
39.510.000;109.390;0.0812;616.348;838.840;27.054;557.361;505.708;92.500
39.515.000;109.347;0.0849;610.725;844.900;26.820;545.003;495.040;92.500
39.520.000;109.303;0.0925;616.537;849.970;26.711;495.791;452.462;92.500
39.525.000;109.259;0.1066;630.322;864.890;26.673;447.056;410.078;92.500
39.530.000;109.215;0.1082;646.617;887.350;26.773;402.177;370.835;92.500
39.535.000;109.171;0.1097;662.891;920.390;26.761;425.091;390.884;92.500
39.540.000;109.129;0.1133;678.441;948.210;26.820;457.765;419.380;92.500
39.545.000;109.195;0.1303;691.662;963.680;26.845;399.989;368.911;92.500
39.550.000;109.450;0.1579;702.134;966.260;26.774;360.019;333.599;92.500
39.555.000;109.702;0.1666;708.575;972.310;26.662;325.123;302.453;92.500
39.560.000;109.955;0.1630;710.976;972.280;26.535;344.109;319.487;92.500
39.565.000;110.209;0.1509;708.220;972.250;26.892;388.106;358.676;92.500
39.570.000;110.358;0.1276;712.920;967.840;27.154;397.989;367.381;92.500
39.575.000;110.451;0.1300;709.998;960.030;27.250;402.177;371.072;92.500
39.580.000;110.546;0.1501;704.392;937.390;26.676;382.498;353.810;92.500
39.585.000;110.624;0.1683;689.271;907.440;26.243;374.767;346.965;92.500
39.590.000;110.339;0.1597;669.607;877.510;26.342;426.849;392.650;92.500
39.595.000;110.175;0.1364;649.436;844.400;26.313;482.890;441.444;92.500
39.600.000;110.262;0.1330;628.783;831.000;26.816;511.488;466.263;92.500
39.605.000;110.353;0.1348;600.909;816.020;27.277;435.217;399.962;92.500
39.610.000;110.439;0.1380;579.475;804.440;26.837;398.768;368.075;92.500
39.615.000;110.425;0.1223;558.146;789.570;26.458;436.941;401.481;92.500
39.620.000;110.178;0.0854;545.270;770.820;26.576;608.692;550.012;92.500
39.625.000;109.936;0.0544;532.583;740.870;26.802;890.839;789.406;92.500
39.630.000;109.693;0.0347;522.519;713.860;26.878;1.307.976;1.136.069;92.500
39.635.000;109.453;0.0263;517.322;695.710;26.848;1.440.972;1.245.157;92.500
39.640.000;109.333;0.0420;517.538;686.080;26.729;1.351.176;1.171.479;92.500
39.645.000;109.552;0.0600;522.969;702.340;26.663;1.219.491;1.063.055;92.500
39.650.000;109.767;0.0774;531.953;732.220;26.868;926.251;819.084;92.500
39.655.000;109.981;0.0947;543.200;765.930;27.181;684.576;614.852;92.500
39.660.000;110.195;0.1196;554.416;795.380;26.910;536.486;487.856;92.500
39.665.000;110.409;0.1080;563.604;808.060;26.598;501.714;457.817;92.500
39.670.000;110.635;0.0868;569.137;811.610;26.699;541.224;492.046;92.500
39.675.000;110.796;0.0756;570.818;807.450;26.697;604.959;546.947;92.500
39.680.000;110.853;0.0845;582.288;801.330;26.600;639.592;576.642;92.500
39.685.000;111.011;0.0962;599.142;795.230;26.632;557.119;505.844;92.500
39.690.000;111.180;0.0959;617.117;795.200;26.451;478.984;438.252;92.500
39.695.000;111.348;0.0952;623.795;798.020;26.260;496.724;453.691;92.500
39.700.000;111.517;0.1042;643.651;809.730;25.626;550.114;499.917;92.500
39.705.000;111.686;0.1082;664.806;819.420;26.000;609.734;551.255;92.500
39.710.000;111.862;0.1096;682.609;839.570;26.517;578.061;524.077;92.500
39.715.000;111.856;0.1346;691.543;854.500;26.333;509.115;464.543;92.500
39.720.000;111.705;0.1693;694.201;865.650;25.979;425.225;391.488;92.500
39.725.000;111.700;0.1921;694.346;867.930;25.861;350.995;325.951;92.500
39.730.000;111.699;0.1687;705.508;874.470;26.001;332.182;309.129;92.500
39.735.000;111.699;0.1446;703.219;883.800;26.200;325.033;302.727;92.500
39.740.000;111.706;0.1352;701.674;902.010;26.365;335.516;312.113;92.500
39.745.000;111.927;0.1455;701.337;934.680;26.562;340.509;316.620;92.500
39.750.000;112.160;0.1690;700.329;952.890;26.017;342.681;318.605;92.500
39.755.000;112.312;0.1877;698.383;966.410;26.236;343.672;319.519;92.500
39.760.000;112.335;0.1797;699.675;971.060;26.597;332.440;309.475;92.500
39.765.000;112.361;0.1865;700.423;971.030;26.257;320.559;298.837;92.500
39.770.000;112.386;0.1933;703.322;964.920;25.840;309.103;288.564;92.500
39.775.000;112.411;0.1682;707.418;951.820;25.865;301.719;281.935;92.500
39.780.000;112.436;0.1371;711.471;942.010;25.467;323.346;301.347;92.500
39.785.000;112.462;0.1149;729.083;927.020;25.083;349.672;324.907;92.500
39.790.000;112.492;0.0957;753.901;916.170;24.548;378.016;350.193;92.500
39.795.000;112.766;0.0852;756.271;910.060;23.991;384.005;355.532;92.500
39.800.000;113.316;0.1079;757.385;911.850;23.443;274.536;257.620;92.500
39.805.000;114.047;0.1422;753.542;922.520;22.549;234.388;221.408;92.500
39.810.000;115.208;0.1799;758.321;934.280;22.088;209.372;198.824;92.500
39.815.000;116.347;0.2027;764.732;940.330;22.598;200.491;190.889;92.500
39.820.000;116.664;0.2220;751.198;934.220;23.366;220.395;209.109;92.500
39.825.000;115.285;0.2337;732.702;931.460;24.655;257.334;242.418;92.500
39.830.000;113.968;0.2216;735.301;919.820;25.404;288.517;270.335;92.500
39.835.000;113.893;0.2114;731.009;903.740;25.594;288.584;270.382;92.500
39.840.000;113.571;0.1992;723.857;882.920;25.872;255.322;240.301;92.500
39.845.000;113.237;0.1633;703.292;858.210;26.138;236.768;223.431;92.500
39.850.000;112.899;0.1273;688.403;824.620;26.229;235.226;221.975;92.500
39.855.000;112.563;0.1048;681.135;788.110;26.353;241.843;227.921;92.500
39.860.000;112.294;0.1036;676.544;769.850;26.402;274.131;257.071;92.500
39.865.000;112.330;0.1076;671.887;766.290;26.146;301.939;282.111;92.500
39.870.000;112.486;0.1115;675.033;754.470;25.944;249.130;234.509;92.500
39.875.000;112.638;0.1158;676.550;742.400;25.818;194.307;184.657;92.500
39.880.000;112.788;0.1256;676.938;721.090;25.646;142.978;137.471;92.500
39.885.000;112.859;0.1272;673.193;674.370;25.592;130.010;125.455;92.500
39.890.000;112.661;0.1042;670.237;627.900;25.804;126.593;122.255;92.500
39.895.000;112.469;0.0924;668.598;617.660;25.840;169.203;161.614;92.500
39.900.000;112.198;0.1017;669.933;623.710;25.652;184.956;176.030;92.500
39.905.000;112.250;0.1363;668.135;643.490;25.220;140.148;134.779;92.500
39.910.000;112.461;0.1685;664.734;651.850;24.931;104.552;101.664;92.500
39.915.000;112.677;0.1709;660.227;640.760;24.722;79.672;78.267;92.500
39.920.000;112.888;0.1602;654.321;617.500;24.826;69.137;68.288;92.500
39.925.000;112.756;0.1441;647.343;585.550;25.207;79.010;77.648;92.500
39.930.000;112.599;0.1280;640.820;553.250;25.455;94.912;92.633;92.500
39.935.000;112.443;0.1148;634.552;541.370;25.433;113.961;110.459;92.500
39.940.000;112.287;0.1048;633.371;538.360;25.571;136.834;131.713;92.500
39.945.000;112.129;0.1006;641.145;550.490;25.456;153.726;147.311;92.500
39.950.000;112.100;0.0968;649.153;583.280;25.583;131.363;126.614;92.500
39.955.000;112.100;0.0948;642.457;632.980;25.457;131.363;126.614;92.500
39.960.000;112.098;0.0972;639.275;681.830;25.568;134.075;129.130;92.500
39.965.000;111.958;0.1006;637.951;732.730;26.040;148.144;142.134;92.500
39.970.000;111.618;0.1024;632.748;787.180;26.475;202.305;191.800;92.500
39.975.000;111.302;0.0892;623.212;842.700;26.712;274.931;257.610;92.500
39.980.000;111.207;0.0699;597.770;866.380;26.817;373.629;346.024;92.500
39.985.000;111.120;0.0504;574.016;866.350;26.726;488.991;446.884;92.500
39.990.000;111.032;0.0468;564.439;830.790;26.808;579.784;525.311;92.500
39.995.000;110.945;0.0493;548.492;693.460;26.925;589.789;533.892;92.500
40.000.000;110.857;0.0587;533.214;674.760;26.793;592.303;536.030;92.500
40.005.000;110.769;0.0645;520.188;690.060;26.935;600.467;543.020;92.500
40.010.000;110.681;0.0709;514.147;695.470;26.871;618.251;558.254;92.500
40.015.000;110.593;0.0773;521.233;716.870;26.954;633.618;571.396;92.500
40.020.000;110.503;0.0836;529.487;738.540;26.667;654.672;589.380;92.500
40.025.000;110.561;0.0895;538.359;759.120;26.763;681.442;612.245;92.500
40.030.000;110.645;0.0948;564.674;771.540;26.838;677.902;609.246;92.500
40.035.000;110.701;0.1073;591.696;783.130;26.633;622.036;561.498;92.500
40.040.000;110.699;0.1215;629.073;793.190;26.436;537.309;488.615;92.500
40.045.000;110.698;0.1314;671.923;813.220;26.140;464.163;425.205;92.500
40.050.000;110.712;0.1400;715.680;830.620;25.865;409.193;377.211;92.500
40.055.000;111.105;0.1376;761.867;849.390;26.054;371.287;343.912;92.500
40.060.000;111.452;0.1344;805.494;866.080;25.765;336.967;313.337;92.500
40.065.000;112.997;0.1605;829.597;873.400;25.189;297.905;278.591;92.500
40.070.000;115.084;0.1927;843.390;886.370;24.925;251.379;236.975;92.500
40.075.000;116.411;0.2204;840.278;893.880;24.764;217.194;206.136;92.500
40.080.000;117.739;0.2521;826.247;908.570;24.534;208.582;198.489;92.500
40.085.000;116.367;0.2594;801.211;914.990;25.101;222.342;210.818;92.500
40.090.000;114.761;0.2493;772.594;922.510;25.427;242.515;228.885;92.500
40.095.000;113.283;0.2166;741.013;920.240;25.853;274.143;257.239;92.500
40.100.000;111.898;0.1833;698.012;890.270;26.527;307.372;286.895;92.500
40.105.000;111.331;0.1402;661.374;841.030;26.455;330.924;307.904;92.500
40.110.000;110.799;0.1160;628.561;794.450;26.542;343.672;319.207;92.500
40.115.000;110.262;0.1089;614.933;777.820;26.637;362.650;336.048;92.500
40.120.000;109.992;0.1062;610.920;772.490;26.563;384.450;355.352;92.500
40.125.000;109.834;0.1067;609.893;768.620;26.500;398.475;367.633;92.500
40.130.000;109.677;0.1062;613.613;784.540;26.371;373.313;345.440;92.500
40.135.000;109.519;0.1033;628.726;807.110;26.221;351.698;326.134;92.500
40.140.000;109.362;0.0947;643.689;825.530;26.309;331.059;307.658;92.500
40.145.000;109.206;0.0813;641.802;817.190;26.251;315.589;293.773;92.500
40.150.000;109.100;0.0708;623.375;793.990;26.243;304.744;284.025;92.500
40.155.000;109.042;0.0716;604.313;763.640;26.382;310.946;289.579;92.500
40.160.000;108.962;0.0796;598.121;748.570;26.532;321.493;299.018;92.500
40.165.000;108.883;0.0892;597.099;744.180;26.575;334.269;310.439;92.500
40.170.000;108.804;0.0896;598.480;745.590;26.472;325.591;302.658;92.500
40.175.000;108.725;0.0860;606.174;760.640;26.307;310.433;289.059;92.500
40.180.000;108.646;0.0860;629.575;782.920;26.433;321.595;299.049;92.500
40.185.000;108.567;0.0990;654.501;817.060;26.609;343.323;318.472;92.500
40.190.000;108.488;0.1125;677.091;856.610;26.741;376.011;347.612;92.500
40.195.000;108.409;0.1252;683.153;905.520;26.866;461.625;422.490;92.500
40.200.000;108.329;0.1294;685.638;923.100;26.994;436.119;400.251;92.500
40.205.000;108.284;0.1296;671.242;908.190;27.001;416.815;383.379;92.500
40.210.000;108.257;0.1208;649.778;888.590;26.843;450.417;412.700;92.500
40.215.000;108.230;0.0897;623.449;829.960;26.747;474.710;433.824;92.500
40.220.000;108.204;0.0686;593.345;783.370;26.833;499.195;455.059;92.500
40.225.000;108.177;0.0641;565.180;745.710;26.640;525.876;478.136;92.500
40.230.000;108.151;0.0616;539.262;719.670;26.562;492.914;449.602;92.500
40.235.000;108.124;0.0600;519.020;706.150;26.539;483.530;441.456;92.500
40.240.000;108.104;0.0579;516.113;704.190;26.614;479.427;437.890;92.500
40.245.000;108.183;0.0536;518.766;711.710;26.778;492.914;449.607;92.500
40.250.000;108.261;0.0516;525.792;725.680;26.949;550.762;499.626;92.500
40.255.000;108.339;0.0579;536.687;747.120;26.990;615.399;555.192;92.500
40.260.000;108.417;0.0675;550.429;769.700;26.804;694.010;622.356;92.500
40.265.000;108.496;0.0816;567.545;792.280;26.716;657.792;591.492;92.500
40.270.000;108.501;0.0924;588.159;816.810;26.944;603.696;545.194;92.500
40.275.000;108.500;0.0945;608.101;845.100;26.892;553.915;502.394;92.500
40.280.000;108.500;0.1018;623.438;882.740;26.939;508.205;462.917;92.500
40.285.000;108.500;0.1064;631.235;920.370;26.882;466.465;426.706;92.500
40.290.000;108.500;0.0936;631.310;927.100;26.783;453.551;415.468;92.500
40.295.000;108.500;0.0768;633.937;904.780;26.681;534.304;485.476;92.500
40.300.000;108.500;0.0780;641.090;859.580;26.632;623.551;562.205;92.500
40.305.000;108.499;0.0876;642.395;816.700;26.843;694.010;622.367;92.500
40.310.000;108.505;0.1094;638.261;881.260;26.942;559.618;507.302;92.500
40.315.000;108.685;0.1244;630.028;944.330;27.165;468.528;428.534;92.500
40.320.000;108.872;0.1112;618.931;925.350;27.244;444.104;407.310;92.500
40.325.000;109.059;0.0951;622.707;878.380;27.016;492.726;449.622;92.500
40.330.000;109.246;0.0700;619.850;808.090;26.772;574.087;519.926;92.500
40.335.000;109.433;0.0749;592.851;737.790;26.526;673.840;605.409;92.500
40.340.000;109.492;0.0836;591.701;667.490;26.276;769.059;686.349;92.500
40.345.000;109.743;0.0923;598.453;652.450;26.241;624.534;563.342;92.500
40.350.000;110.031;0.1010;592.231;668.840;26.498;504.642;460.159;92.500
40.355.000;110.319;0.1097;593.477;715.360;26.027;430.594;395.812;92.500
40.360.000;110.613;0.1168;577.280;729.540;25.591;416.498;383.546;92.500
40.365.000;110.600;0.0980;559.351;731.410;26.463;453.551;415.896;92.500
40.370.000;110.459;0.0594;556.723;729.370;27.040;658.376;592.459;92.500
40.375.000;110.315;0.0507;537.576;709.340;27.004;945.481;835.138;92.500
40.380.000;110.170;0.0539;535.426;679.210;26.871;1.115.195;976.593;92.500
40.385.000;110.099;0.0695;561.968;682.720;26.788;1.103.301;966.694;92.500
40.390.000;110.204;0.0851;589.315;758.420;27.145;939.856;830.390;92.500
40.395.000;110.347;0.1089;619.480;895.800;27.331;737.845;660.094;92.500
40.400.000;110.491;0.1345;650.926;975.690;27.008;580.571;525.783;92.500
40.405.000;110.636;0.1542;680.820;1.004.850;26.657;483.881;442.277;92.500
40.410.000;110.699;0.1537;703.113;1.010.910;26.677;445.102;408.545;92.500
40.415.000;110.700;0.1192;703.661;1.007.050;26.894;467.188;427.781;92.500
40.420.000;110.700;0.0960;687.228;991.980;26.906;528.521;480.957;92.500
40.425.000;110.700;0.0720;662.981;956.150;26.886;634.615;572.191;92.500
40.430.000;110.700;0.0620;634.047;905.720;26.803;725.956;650.080;92.500
40.435.000;110.700;0.0566;604.461;831.330;26.708;809.530;720.881;92.500
40.440.000;110.700;0.0541;576.153;745.840;26.771;866.465;768.886;92.500
40.445.000;110.700;0.0558;550.015;709.910;26.841;802.153;714.646;92.500
40.450.000;110.700;0.0601;533.123;712.920;26.828;771.371;688.601;92.500
40.455.000;110.700;0.0602;525.969;726.440;26.879;761.248;680.023;92.500
40.460.000;110.700;0.0576;525.839;733.950;26.825;687.621;617.452;92.500
40.465.000;110.698;0.0597;544.150;741.470;26.878;714.320;640.179;92.500
40.470.000;110.783;0.0577;563.745;743.250;26.997;759.301;678.391;92.500
40.475.000;110.881;0.0543;581.040;736.060;26.927;804.679;716.821;92.500
40.480.000;110.980;0.0603;600.452;725.960;27.220;775.458;692.129;92.500
40.485.000;111.078;0.0718;625.669;710.880;27.337;765.908;684.065;92.500
40.490.000;111.177;0.0898;650.684;694.560;27.045;659.662;593.711;92.500
40.495.000;111.275;0.1064;673.465;730.750;26.862;533.249;485.160;92.500
40.500.000;111.374;0.1150;680.449;783.440;26.785;488.377;446.325;92.500
40.505.000;111.475;0.1178;686.228;824.950;26.677;457.765;419.729;92.500
40.510.000;111.569;0.1180;692.357;846.470;26.314;491.483;449.061;92.500
40.515.000;111.665;0.1094;700.804;845.900;25.859;549.926;499.642;92.500
40.520.000;111.766;0.0988;709.253;838.360;25.583;593.051;536.789;92.500
40.525.000;111.866;0.0920;727.110;827.360;25.268;526.745;479.667;92.500
40.530.000;112.247;0.1166;749.518;809.940;24.702;390.141;360.733;92.500
40.535.000;114.691;0.1432;772.664;803.850;24.198;284.715;266.987;92.500
40.540.000;116.319;0.1817;792.180;815.110;23.953;243.672;230.168;92.500
40.545.000;116.902;0.2023;804.211;840.870;24.333;218.115;207.027;92.500
40.550.000;116.920;0.2149;804.955;870.670;24.679;218.453;207.337;92.500
40.555.000;116.360;0.2058;789.608;876.730;25.257;265.929;250.326;92.500
40.560.000;114.662;0.1838;765.019;870.640;25.732;341.139;317.621;92.500
40.565.000;113.147;0.1605;738.647;867.710;26.154;415.695;383.320;92.500
40.570.000;112.311;0.1351;714.831;860.170;26.384;582.184;527.568;92.500
40.575.000;112.132;0.1312;697.447;846.280;26.392;556.457;505.371;92.500
40.580.000;111.945;0.1318;687.480;840.180;26.484;527.361;480.208;92.500
40.585.000;111.744;0.1351;683.858;875.030;26.566;499.787;456.290;92.500
40.590.000;111.855;0.1384;686.720;892.870;26.690;473.655;433.625;92.500
40.595.000;112.071;0.1496;690.040;900.930;26.731;467.425;428.251;92.500
40.600.000;112.290;0.1392;694.368;907.900;26.745;449.377;412.575;92.500
40.605.000;112.302;0.1422;697.208;913.050;26.600;426.022;392.183;92.500
40.610.000;112.300;0.1482;699.095;920.670;26.425;402.177;371.299;92.500
40.615.000;112.307;0.1557;700.674;949.500;26.375;405.322;374.057;92.500
40.620.000;112.354;0.1629;701.784;978.280;26.321;409.714;377.916;92.500
40.625.000;112.400;0.1648;702.942;1.026.780;26.163;413.491;381.233;92.500
40.630.000;112.445;0.1585;703.950;1.050.260;25.696;331.192;308.305;92.500
40.635.000;112.499;0.1513;717.058;1.046.700;25.142;192.116;182.594;92.500
40.640.000;112.066;0.1473;730.613;1.033.440;24.729;131.090;126.333;92.500
40.645.000;111.540;0.1452;742.055;999.940;24.530;102.593;99.709;92.500
40.650.000;111.863;0.1618;752.647;915.830;24.597;81.555;79.956;92.500
40.655.000;111.903;0.1728;759.724;785.240;24.199;69.412;68.452;92.500
40.660.000;111.031;0.1746;766.323;707.050;24.009;59.034;58.490;92.500
40.665.000;110.186;0.1756;772.706;627.160;23.942;51.414;51.131;92.500
40.670.000;109.307;0.1810;767.141;590.670;23.954;48.635;48.402;92.500
40.675.000;109.102;0.1865;763.366;578.500;23.905;46.631;46.462;92.500
40.680.000;109.097;0.1906;761.728;599.570;23.921;47.623;47.415;92.500
40.685.000;109.100;0.1919;761.258;607.090;24.005;48.815;48.561;92.500
40.690.000;109.100;0.1905;761.363;602.770;23.989;50.037;49.734;92.500
40.695.000;109.100;0.1900;762.002;593.280;23.960;50.678;50.349;92.500
40.700.000;109.100;0.1901;761.378;570.670;24.008;49.389;49.112;92.500
40.705.000;109.099;0.1996;760.111;560.170;23.785;47.943;47.723;92.500
40.710.000;109.105;0.1913;758.669;572.310;23.867;48.007;47.785;92.500
40.715.000;109.269;0.1790;756.685;579.230;24.010;48.131;47.915;92.500
40.720.000;109.437;0.1685;754.299;584.440;24.054;48.257;48.047;92.500
40.725.000;109.599;0.1705;750.350;584.420;24.004;48.388;48.184;92.500
40.730.000;109.411;0.1630;743.895;578.330;24.108;50.748;50.437;92.500
40.735.000;109.054;0.1531;736.463;572.230;24.255;56.821;56.225;92.500
40.740.000;108.702;0.1473;729.280;570.180;24.291;65.175;64.155;92.500
40.745.000;108.351;0.1456;723.771;562.640;24.049;74.758;73.206;92.500
40.750.000;108.158;0.1496;720.497;553.950;23.881;81.215;79.281;92.500
40.755.000;108.426;0.1537;719.864;547.860;23.748;70.951;69.610;92.500
40.760.000;108.738;0.1605;721.856;547.840;23.773;62.454;61.570;92.500
40.765.000;108.868;0.1690;725.500;547.830;23.828;56.071;55.494;92.500
40.770.000;108.660;0.1736;727.008;553.890;23.929;54.079;53.574;92.500
40.775.000;108.445;0.1727;725.318;560.040;24.027;56.614;55.981;92.500
40.780.000;108.235;0.1651;721.721;573.590;24.213;64.782;63.743;92.500
40.785.000;108.175;0.1581;717.394;584.050;24.351;74.159;72.623;92.500
40.790.000;108.384;0.1557;713.369;594.700;24.453;84.893;82.765;92.500
40.795.000;108.707;0.1480;710.325;608.530;24.762;97.181;94.332;92.500
40.800.000;109.018;0.1331;708.270;624.320;25.227;106.290;102.883;92.500
40.805.000;109.401;0.1251;712.381;644.220;25.515;103.583;100.397;92.500
40.810.000;109.743;0.1150;710.528;659.270;25.359;95.962;93.299;92.500
40.815.000;110.111;0.1166;707.165;669.260;25.208;87.451;85.342;92.500
40.820.000;110.105;0.1180;704.325;682.340;25.361;86.646;84.583;92.500
40.825.000;110.220;0.1068;699.714;692.250;25.611;101.363;98.409;92.500
40.830.000;109.798;0.0859;697.004;711.150;25.849;124.319;119.760;92.500
40.835.000;109.398;0.0660;695.464;736.060;26.144;178.950;170.070;92.500
40.840.000;109.002;0.0648;692.100;756.290;26.505;285.221;266.412;92.500
40.845.000;108.594;0.0834;696.860;806.440;26.926;440.327;403.885;92.500
40.850.000;108.396;0.1020;701.042;866.190;27.136;530.762;482.300;92.500
40.855.000;108.252;0.1152;702.272;857.580;26.876;662.651;595.454;92.500
40.860.000;108.118;0.0976;702.263;837.760;26.752;608.911;549.459;92.500
40.865.000;107.984;0.1048;699.983;807.620;26.970;548.670;497.651;92.500
40.870.000;107.912;0.1194;694.973;764.290;27.134;500.393;455.928;92.500
40.875.000;107.992;0.1328;688.758;766.340;26.749;469.605;429.239;92.500
40.880.000;108.070;0.1183;685.362;760.000;26.625;469.264;428.958;92.500
40.885.000;108.076;0.0954;685.178;735.910;26.818;619.142;558.210;92.500
40.890.000;108.020;0.0790;683.195;705.500;26.970;821.342;730.007;92.500
40.895.000;107.963;0.0805;682.036;662.940;26.778;811.221;721.449;92.500
40.900.000;107.905;0.0868;681.956;686.630;26.684;772.205;688.453;92.500
40.905.000;107.987;0.0933;683.236;712.400;26.717;705.705;632.054;92.500
40.910.000;108.088;0.0984;686.572;735.840;26.625;622.410;561.006;92.500
40.915.000;108.188;0.1053;687.056;751.470;26.502;501.506;456.946;92.500
40.920.000;108.298;0.1186;683.768;774.040;26.709;421.209;387.127;92.500
40.925.000;108.719;0.1280;684.017;784.420;26.748;441.142;404.610;92.500
40.930.000;109.204;0.1100;680.363;766.170;26.906;462.018;422.891;92.500
40.935.000;108.738;0.0654;674.308;708.660;27.072;661.427;594.514;92.500
40.940.000;108.087;0.0444;667.495;642.680;27.143;1.042.491;915.338;92.500
40.945.000;108.205;0.0460;659.642;597.470;26.855;1.016.955;894.089;92.500
40.950.000;108.320;0.0437;652.525;577.660;26.944;974.686;858.829;92.500
40.955.000;108.432;0.0384;646.837;577.030;27.242;950.411;838.554;92.500
40.960.000;108.545;0.0303;640.628;571.550;27.394;1.186.032;1.034.587;92.500
40.965.000;108.657;0.0235;637.043;564.500;27.128;1.454.289;1.255.193;92.500
40.970.000;108.769;0.0248;634.826;547.200;27.043;1.580.502;1.358.198;92.500
40.975.000;108.877;0.0279;634.405;540.770;27.145;1.457.655;1.258.007;92.500
40.980.000;109.113;0.0310;635.964;535.020;27.053;1.197.604;1.044.316;92.500
40.985.000;109.367;0.0335;641.116;541.480;26.883;1.079.918;946.839;92.500
40.990.000;109.628;0.0395;650.860;571.460;26.929;1.004.634;884.206;92.500
40.995.000;109.912;0.0460;660.225;596.160;26.800;1.049.404;921.608;92.500
41.000.000;109.903;0.0496;672.055;641.320;26.889;1.175.658;1.026.394;92.500
41.005.000;109.901;0.0582;683.067;683.530;26.917;1.062.285;932.323;92.500
41.010.000;110.023;0.0748;691.685;771.560;26.778;782.430;697.642;92.500
41.015.000;110.484;0.0926;698.925;895.080;26.930;597.897;540.550;92.500
41.020.000;111.568;0.1103;702.576;961.120;27.083;492.112;449.525;92.500
41.025.000;112.743;0.1308;703.307;996.880;27.257;401.360;370.614;92.500
41.030.000;113.927;0.1540;704.526;1.009.030;26.505;345.660;321.485;92.500
41.035.000;114.455;0.1772;725.126;997.820;26.045;313.114;292.439;92.500
41.040.000;114.397;0.1911;752.285;974.720;26.112;281.563;264.058;92.500
41.045.000;114.330;0.1986;782.403;936.030;26.040;253.393;238.606;92.500
41.050.000;114.422;0.2051;818.406;908.380;26.374;228.953;216.458;92.500
41.055.000;115.479;0.2183;854.550;882.800;26.561;213.202;202.291;92.500
41.060.000;116.674;0.2215;893.518;867.730;26.293;198.535;189.084;92.500
41.065.000;118.531;0.2240;934.875;856.940;25.924;184.877;176.850;92.500
41.070.000;121.216;0.2312;954.676;856.930;26.027;172.158;165.385;92.500
41.075.000;124.414;0.2393;954.347;854.910;26.091;158.050;152.409;92.500
41.080.000;128.649;0.2539;940.834;843.900;25.838;161.000;155.199;92.500
41.085.000;133.667;0.2431;909.403;814.330;25.519;167.590;161.356;92.500
41.090.000;124.887;0.2193;866.464;782.160;26.057;266.011;251.041;92.500
41.095.000;112.654;0.1309;820.270;735.240;27.021;488.631;446.728;92.500
41.100.000;110.830;0.0796;771.330;679.310;26.915;897.557;794.873;92.500
41.105.000;109.682;0.0552;724.374;619.740;26.811;1.401.478;1.212.206;92.500
41.110.000;109.601;0.0599;697.546;619.790;26.885;1.228.024;1.069.539;92.500
41.115.000;109.483;0.0716;683.541;654.320;27.010;906.079;801.647;92.500
41.120.000;109.373;0.0827;684.662;706.990;26.885;668.537;600.700;92.500
41.125.000;109.262;0.1011;694.163;759.700;26.629;507.014;461.917;92.500
41.130.000;109.149;0.1175;700.363;820.270;26.531;449.476;411.933;92.500
41.135.000;109.253;0.1291;703.875;883.320;26.669;398.468;367.385;92.500
41.140.000;109.523;0.1407;708.650;933.390;26.681;357.074;330.846;92.500
41.145.000;109.698;0.1528;710.328;974.440;26.559;343.001;318.315;92.500
41.150.000;109.461;0.1654;710.119;1.002.580;26.748;339.468;315.114;92.500
41.155.000;109.209;0.1735;708.208;1.008.650;26.936;337.375;313.196;92.500
41.160.000;108.954;0.1745;704.448;1.008.630;26.872;358.739;332.223;92.500
41.165.000;108.722;0.1668;704.453;1.008.620;26.686;373.499;345.331;92.500
41.170.000;109.218;0.1591;704.459;1.014.680;26.601;341.392;316.786;92.500
41.175.000;109.752;0.1569;704.465;1.040.920;26.844;319.640;297.423;92.500
41.180.000;109.895;0.1866;704.470;1.056.370;26.933;290.975;271.722;92.500
41.185.000;109.303;0.1746;705.972;1.053.340;26.833;306.324;285.402;92.500
41.190.000;108.727;0.1393;707.199;1.041.280;26.681;370.247;342.434;92.500
41.195.000;108.139;0.1074;710.533;986.580;26.490;449.377;411.628;92.500
41.200.000;108.112;0.1199;711.125;898.260;26.407;462.018;422.621;92.500
41.205.000;108.885;0.1511;711.073;857.480;26.533;387.039;357.280;92.500
41.210.000;110.419;0.1823;711.349;935.530;26.453;322.131;299.773;92.500
41.215.000;111.966;0.2033;710.768;1.005.520;26.500;301.462;281.514;92.500
41.220.000;113.419;0.1977;709.148;1.090.850;26.363;277.827;260.505;92.500
41.225.000;112.321;0.1947;707.718;1.139.170;26.556;285.857;267.545;92.500
41.230.000;111.096;0.2011;708.898;1.118.260;26.474;316.389;294.750;92.500
41.235.000;109.879;0.1794;709.328;1.063.120;26.696;350.183;324.755;92.500
41.240.000;108.671;0.1516;709.319;983.440;26.553;387.587;357.716;92.500
41.245.000;107.731;0.1422;709.871;932.700;26.361;429.072;393.836;92.500
41.250.000;108.072;0.1526;709.315;958.590;26.549;377.356;348.617;92.500
41.255.000;108.392;0.1942;709.335;996.180;26.241;336.164;311.954;92.500
41.260.000;108.706;0.2214;708.794;1.021.490;26.061;307.858;286.665;92.500
41.265.000;107.990;0.1976;704.443;1.026.550;26.291;316.345;294.143;92.500
41.270.000;107.304;0.1759;704.543;1.022.630;26.144;349.608;323.760;92.500
41.275.000;109.254;0.1479;709.651;1.014.360;25.848;370.466;342.720;92.500
41.280.000;108.295;0.1325;711.568;987.850;25.556;310.433;288.899;92.500
41.285.000;107.282;0.1306;712.230;963.060;25.558;168.619;160.276;92.500
41.290.000;107.257;0.1309;713.362;925.660;25.358;127.686;122.557;92.500
41.295.000;107.209;0.1302;712.982;874.480;25.321;90.921;88.300;92.500
41.300.000;107.159;0.1400;712.697;840.580;25.244;78.212;76.347;92.500
41.305.000;107.108;0.1365;711.714;837.980;25.303;75.424;73.713;92.500
41.310.000;107.100;0.1287;706.426;825.490;25.348;81.117;79.078;92.500
41.315.000;107.130;0.1188;705.987;817.940;25.160;92.803;90.055;92.500
41.320.000;107.202;0.1082;710.361;813.620;25.363;109.698;105.843;92.500
41.325.000;107.277;0.0987;710.593;825.760;25.745;136.313;130.540;92.500
41.330.000;107.108;0.1114;710.690;856.580;26.034;179.279;170.013;92.500
41.335.000;106.805;0.1295;711.431;930.360;26.149;233.616;219.420;92.500
41.340.000;106.810;0.1477;711.168;992.240;26.240;304.422;283.235;92.500
41.345.000;106.889;0.1658;710.800;1.044.920;26.309;373.499;344.971;92.500
41.350.000;107.650;0.1855;710.485;1.093.160;26.167;339.537;314.824;92.500
41.355.000;108.804;0.2189;705.040;1.051.750;25.756;290.897;271.446;92.500
41.360.000;109.912;0.2198;703.878;951.650;25.672;293.594;274.067;92.500
41.365.000;108.638;0.1745;703.328;861.260;26.240;319.063;296.688;92.500
41.370.000;107.132;0.1337;703.128;801.310;26.448;353.583;327.267;92.500
41.375.000;106.556;0.1215;703.817;795.210;26.521;411.719;378.425;92.500
41.380.000;106.217;0.1319;705.008;808.490;26.577;429.072;393.512;92.500
41.385.000;105.851;0.1423;704.993;831.070;26.388;412.803;379.232;92.500
41.390.000;106.039;0.1527;705.523;849.880;26.229;390.180;359.468;92.500
41.395.000;106.495;0.1603;702.437;862.020;26.351;353.340;326.929;92.500
41.400.000;106.234;0.1402;700.086;857.740;26.457;382.154;352.464;92.500
41.405.000;105.836;0.0969;691.367;810.460;26.486;466.852;426.312;92.500
41.410.000;105.435;0.0599;677.648;716.080;26.633;607.345;547.366;92.500
41.415.000;105.034;0.0356;664.317;668.660;26.780;840.600;745.287;92.500
41.420.000;104.623;0.0286;651.929;578.290;26.927;1.166.467;1.017.067;92.500
41.425.000;104.207;0.0216;643.405;511.040;26.914;1.511.324;1.300.235;92.500
41.430.000;103.576;0.0206;640.170;521.490;26.834;1.595.186;1.368.375;92.500
41.435.000;103.500;0.0229;636.901;552.370;26.736;1.581.818;1.357.471;92.500
41.440.000;103.508;0.0251;640.946;580.910;26.640;1.465.978;1.262.987;92.500
41.445.000;103.195;0.0285;649.862;603.480;26.588;1.331.037;1.152.315;92.500
41.450.000;102.847;0.0378;660.002;617.100;26.649;1.271.561;1.103.284;92.500
41.455.000;102.497;0.0483;665.891;636.910;26.689;1.225.296;1.065.036;92.500
41.460.000;102.150;0.0614;671.275;659.040;26.581;1.079.176;943.950;92.500
41.465.000;101.895;0.0778;677.226;684.380;26.517;894.274;789.523;92.500
41.470.000;101.900;0.1004;683.310;714.480;26.683;707.141;631.589;92.500
41.475.000;101.900;0.1231;688.991;752.350;26.694;557.522;503.765;92.500
41.480.000;101.900;0.1427;692.291;796.030;26.541;440.135;402.258;92.500
41.485.000;101.902;0.1532;691.947;836.330;26.566;410.200;376.166;92.500
41.490.000;101.909;0.1452;695.334;843.500;26.413;413.680;379.204;92.500
41.495.000;101.538;0.1319;697.119;819.160;26.217;345.568;319.068;92.500
41.500.000;101.166;0.1113;697.240;762.870;25.865;235.189;219.904;92.500
41.505.000;100.492;0.0906;695.548;689.800;25.503;157.570;149.186;92.500
41.510.000;99.824;0.0865;695.644;636.660;25.324;108.177;103.587;92.500
41.515.000;99.166;0.0884;702.306;594.180;25.127;111.339;106.425;92.500
41.520.000;98.874;0.0884;717.588;590.880;25.055;115.412;110.150;92.500
41.525.000;99.228;0.1012;735.349;586.130;24.717;99.171;95.149;92.500
41.530.000;98.583;0.1188;750.263;581.980;24.277;80.775;77.930;92.500
41.535.000;97.945;0.1364;760.916;575.880;24.088;58.629;57.077;92.500
41.540.000;97.310;0.1408;766.450;575.650;24.240;53.921;52.580;92.500
41.545.000;96.670;0.1214;762.115;569.770;24.698;57.267;55.689;92.500
41.550.000;97.146;0.1010;747.075;569.760;25.294;71.229;68.850;92.500
41.555.000;97.739;0.0812;722.799;569.740;25.691;106.744;101.974;92.500
41.560.000;98.320;0.0655;695.251;569.730;25.416;152.914;144.543;92.500
41.565.000;98.298;0.1036;672.465;571.100;24.828;121.977;116.124;92.500
41.570.000;97.182;0.1302;656.686;575.780;24.613;90.035;86.404;92.500
41.575.000;96.359;0.1569;650.967;575.760;24.427;66.598;64.435;92.500
41.580.000;95.944;0.1738;657.194;575.740;24.337;56.199;54.623;92.500
41.585.000;95.895;0.1737;669.238;575.730;24.169;59.317;57.555;92.500
41.590.000;95.899;0.1721;684.199;578.280;23.971;59.262;57.504;92.500
41.595.000;95.900;0.1853;698.939;581.780;23.886;57.664;56.000;92.500
41.600.000;95.900;0.1809;711.036;587.840;23.738;61.363;59.479;92.500
41.605.000;95.900;0.1792;719.947;594.750;23.506;64.666;62.581;92.500
41.610.000;95.900;0.1869;723.941;599.970;23.568;67.555;65.289;92.500
41.615.000;95.901;0.1875;723.245;599.950;23.606;64.650;62.566;92.500
41.620.000;95.831;0.1844;722.881;599.940;23.658;61.219;59.338;92.500
41.625.000;95.726;0.1745;723.038;593.840;23.540;57.966;56.269;92.500
41.630.000;95.619;0.1628;724.598;593.830;23.623;56.104;54.507;92.500
41.635.000;95.507;0.1533;727.127;590.340;23.623;57.682;55.984;92.500
41.640.000;95.716;0.1467;730.340;581.640;23.677;56.338;54.735;92.500
41.645.000;95.979;0.1497;734.684;581.330;23.662;54.444;52.970;92.500
41.650.000;96.313;0.1609;739.946;577.280;23.588;53.575;52.176;92.500
41.655.000;96.638;0.1711;746.168;584.790;23.514;54.429;53.007;92.500
41.660.000;96.962;0.1716;753.795;599.810;23.642;56.186;54.691;92.500
41.665.000;97.287;0.1681;762.902;618.110;23.794;56.104;54.639;92.500
41.670.000;97.609;0.1713;773.468;640.680;23.670;56.625;55.157;92.500
41.675.000;97.913;0.1678;783.809;672.040;24.054;52.750;51.517;92.500
41.680.000;98.566;0.1718;791.425;717.180;24.335;51.395;50.281;92.500
41.685.000;99.323;0.1645;792.914;757.800;24.570;50.659;49.638;92.500
41.690.000;100.086;0.1571;783.859;817.200;24.875;54.346;53.194;92.500
41.695.000;101.206;0.1505;771.496;895.550;25.241;62.133;60.652;92.500
41.700.000;102.322;0.1444;757.409;968.830;25.617;70.077;68.241;92.500
41.705.000;103.443;0.1622;742.348;1.031.290;26.021;92.310;89.208;92.500
41.710.000;104.560;0.1784;727.917;1.068.680;26.432;163.499;155.180;92.500
41.715.000;105.513;0.1957;714.680;1.071.430;26.534;260.992;243.923;92.500
41.720.000;105.407;0.1829;725.348;1.060.050;26.932;387.573;357.021;92.500
41.725.000;105.312;0.1712;724.179;1.031.230;26.721;360.158;332.761;92.500
41.730.000;105.883;0.1850;717.898;990.810;26.356;323.185;299.849;92.500
41.735.000;106.882;0.1799;697.161;941.380;26.522;290.008;270.280;92.500
41.740.000;107.722;0.1682;665.190;881.140;26.268;270.226;252.626;92.500
41.745.000;107.739;0.1379;634.533;800.170;26.553;351.385;325.387;92.500
41.750.000;107.773;0.1285;600.571;749.230;26.878;443.186;406.082;92.500
41.755.000;107.810;0.1194;552.411;707.710;26.751;571.516;517.118;92.500
41.760.000;107.847;0.1064;526.848;687.420;26.602;636.668;572.975;92.500
41.765.000;107.884;0.0821;521.676;678.520;26.696;677.308;607.666;92.500
41.770.000;107.920;0.0675;519.669;666.250;26.574;681.292;611.068;92.500
41.775.000;107.957;0.0603;519.569;658.700;26.426;632.710;569.615;92.500
41.780.000;107.994;0.0563;522.831;651.160;26.377;669.996;601.459;92.500
41.785.000;108.031;0.0521;522.029;643.610;26.437;732.558;654.676;92.500
41.790.000;108.068;0.0483;523.271;635.900;26.520;811.865;721.790;92.500
41.795.000;108.104;0.0512;522.702;629.800;26.601;899.757;795.760;92.500
41.800.000;108.141;0.0487;508.071;627.050;26.682;997.164;877.286;92.500
41.805.000;108.178;0.0453;508.807;623.690;26.757;1.105.116;967.135;92.500
41.810.000;108.215;0.0439;508.791;623.680;26.865;1.254.277;1.090.502;92.500
41.815.000;108.251;0.0461;508.084;624.670;26.766;1.146.385;1.001.369;92.500
41.820.000;108.284;0.0593;507.247;634.640;26.824;702.284;629.016;92.500
41.825.000;108.345;0.0765;506.259;653.620;26.781;621.352;559.982;92.500
41.830.000;108.643;0.1012;505.245;678.330;26.928;560.842;508.116;92.500
41.835.000;108.818;0.0914;504.677;684.390;27.117;572.700;518.357;92.500
41.840.000;108.985;0.0736;504.480;673.920;26.976;656.353;590.054;92.500
41.845.000;109.152;0.0391;505.121;662.480;26.837;964.872;850.585;92.500
41.850.000;109.320;0.0197;506.296;641.790;26.669;1.337.624;1.159.389;92.500
41.855.000;109.488;0.0191;507.001;628.690;26.587;1.670.673;1.431.223;92.500
41.860.000;109.655;0.0218;506.972;613.610;26.609;1.815.667;1.548.606;92.500
41.865.000;109.823;0.0308;507.248;618.740;26.799;848.702;753.298;92.500
41.870.000;109.990;0.0492;508.256;653.890;27.083;773.095;689.520;92.500
41.875.000;110.146;0.0660;509.049;678.760;26.998;768.320;685.518;92.500
41.880.000;110.278;0.0613;509.197;699.700;26.869;835.001;741.876;92.500
41.885.000;110.411;0.0509;508.736;711.650;26.862;1.113.028;974.326;92.500
41.890.000;110.543;0.0424;507.828;710.080;26.863;1.197.604;1.044.392;92.500
41.895.000;110.675;0.0500;507.397;702.450;26.988;1.031.150;906.324;92.500
41.900.000;110.808;0.0586;507.509;694.990;27.028;927.343;819.621;92.500
41.905.000;110.940;0.0679;524.317;690.260;26.739;798.334;711.106;92.500
41.910.000;111.072;0.0743;544.439;690.240;26.744;683.150;613.415;92.500
41.915.000;111.233;0.0822;566.911;702.390;26.885;591.836;535.352;92.500
41.920.000;111.401;0.0904;593.415;726.050;26.621;534.802;486.284;92.500
41.925.000;111.568;0.0942;620.160;761.160;26.483;510.543;465.350;92.500
41.930.000;111.736;0.0979;647.582;799.240;26.701;500.230;456.455;92.500
41.935.000;111.904;0.1100;671.486;836.060;26.639;463.284;424.411;92.500
41.940.000;112.071;0.1284;677.449;868.890;26.802;420.252;386.907;92.500
41.945.000;112.239;0.1346;681.584;886.940;26.730;398.475;367.866;92.500
41.950.000;112.407;0.1339;683.320;887.000;26.619;435.770;400.533;92.500
41.955.000;112.575;0.1266;682.831;884.630;26.474;465.391;426.382;92.500
41.960.000;112.743;0.0878;683.614;871.360;26.402;488.377;446.390;92.500
41.965.000;112.896;0.0744;686.432;850.290;26.561;429.681;395.312;92.500
41.970.000;112.966;0.0848;690.004;826.430;26.588;366.655;339.956;92.500
41.975.000;113.041;0.0949;694.120;908.890;26.509;373.396;345.974;92.500
41.980.000;113.118;0.1055;698.913;971.840;26.867;366.529;339.871;92.500
41.985.000;113.194;0.1168;703.806;1.035.560;27.048;352.463;327.339;92.500
41.990.000;113.270;0.1614;709.184;1.091.760;26.841;332.827;309.806;92.500
41.995.000;113.346;0.1849;711.156;1.133.750;26.927;298.083;278.667;92.500
42.000.000;113.422;0.1913;710.706;1.118.140;26.768;280.408;262.776;92.500
42.005.000;113.498;0.1902;710.310;1.098.810;26.871;300.760;281.098;92.500
42.010.000;113.574;0.1838;710.320;1.078.930;26.715;334.244;311.127;92.500
42.015.000;113.651;0.1633;709.082;1.027.940;26.665;386.593;357.697;92.500
42.020.000;113.727;0.1326;707.327;983.280;26.824;446.962;410.559;92.500
42.025.000;113.803;0.1355;704.595;953.270;26.878;479.427;438.835;92.500
42.030.000;113.882;0.1372;700.941;920.700;26.795;457.374;419.665;92.500
42.035.000;113.900;0.1348;696.351;906.170;26.752;437.081;401.970;92.500
42.040.000;113.900;0.1370;690.636;883.650;26.850;450.403;413.593;92.500
42.045.000;113.900;0.1396;684.830;864.720;26.710;491.680;449.493;92.500
42.050.000;113.900;0.1343;680.455;847.560;26.528;536.739;488.499;92.500
42.055.000;113.900;0.1176;676.884;835.020;26.366;585.929;530.880;92.500
42.060.000;113.899;0.0936;678.793;827.480;26.511;609.734;551.320;92.500
42.065.000;113.901;0.1012;684.492;819.940;26.781;523.870;477.374;92.500
42.070.000;113.895;0.1157;692.356;829.140;26.583;438.205;402.945;92.500
42.075.000;114.605;0.1322;698.798;847.340;26.432;374.782;347.479;92.500
42.080.000;115.854;0.1646;701.134;863.450;25.677;331.199;308.814;92.500
42.085.000;117.104;0.1890;702.490;888.650;24.992;301.517;282.417;92.500
42.090.000;118.156;0.1857;702.570;914.400;24.868;276.427;260.008;92.500
42.095.000;119.658;0.1904;697.445;932.260;24.816;253.406;239.452;92.500
42.100.000;119.555;0.1968;690.164;945.290;24.636;246.358;233.045;92.500
42.105.000;118.062;0.2245;682.012;952.740;24.505;258.988;244.234;92.500
42.110.000;116.586;0.2151;692.256;956.440;24.873;273.401;257.003;92.500
42.115.000;115.488;0.1962;695.175;950.310;24.512;285.643;267.846;92.500
42.120.000;118.342;0.1761;703.969;936.650;24.030;273.540;257.432;92.500
42.125.000;119.132;0.1917;708.724;912.220;23.757;262.347;247.454;92.500
42.130.000;118.265;0.2050;709.105;875.590;24.293;258.016;243.387;92.500
42.135.000;117.090;0.2009;712.203;834.630;24.910;283.188;265.915;92.500
42.140.000;115.502;0.1844;711.356;816.060;25.194;305.968;286.125;92.500
42.145.000;117.287;0.1671;697.777;782.960;25.547;323.014;301.739;92.500
42.150.000;116.873;0.1527;691.312;767.930;25.853;337.375;314.521;92.500
42.155.000;115.907;0.1428;678.092;752.900;25.927;335.265;312.456;92.500
42.160.000;117.684;0.1396;677.050;743.220;26.105;331.899;309.769;92.500
42.165.000;119.126;0.1372;676.643;750.300;26.334;328.566;307.047;92.500
42.170.000;118.179;0.1363;676.891;757.750;26.154;325.267;303.918;92.500
42.175.000;117.275;0.1349;673.351;761.320;25.946;322.131;300.943;92.500
42.180.000;116.364;0.1368;654.948;767.350;26.034;322.131;300.777;92.500
42.185.000;115.470;0.1429;657.272;761.230;26.145;333.008;310.354;92.500
42.190.000;115.082;0.1394;655.497;761.190;26.353;342.590;318.852;92.500
42.195.000;114.746;0.1357;630.702;754.240;26.448;352.732;327.848;92.500
42.200.000;114.360;0.1448;606.799;736.770;26.051;384.432;355.909;92.500
42.205.000;113.742;0.1448;597.807;730.260;26.245;502.211;458.565;92.500
42.210.000;113.138;0.1249;597.011;715.230;26.536;653.501;588.570;92.500
42.215.000;112.538;0.1050;611.480;703.230;26.760;835.001;742.400;92.500
42.220.000;112.065;0.0794;612.868;704.560;26.827;882.639;782.363;92.500
42.225.000;111.961;0.0756;620.845;718.310;27.098;761.248;679.921;92.500
42.230.000;111.853;0.0950;647.375;756.970;27.148;604.502;546.309;92.500
42.235.000;111.744;0.1191;673.343;809.380;27.179;497.493;454.035;92.500
42.240.000;111.636;0.1357;681.904;853.720;27.132;476.620;435.901;92.500
42.245.000;111.527;0.1471;689.113;894.420;27.369;462.836;423.895;92.500
42.250.000;111.418;0.1587;694.452;907.300;27.363;445.356;408.651;92.500
42.255.000;111.306;0.1705;697.505;912.570;27.118;449.347;412.105;92.500
42.260.000;111.299;0.1701;698.473;908.940;26.969;433.319;398.125;92.500
42.265.000;111.300;0.1764;695.212;906.390;26.937;403.237;371.817;92.500
42.270.000;111.300;0.1783;690.229;893.520;27.098;376.969;348.760;92.500
42.275.000;111.160;0.1741;684.048;878.490;27.260;384.005;354.917;92.500
42.280.000;110.890;0.1665;671.986;860.300;26.325;438.425;402.495;92.500
42.285.000;110.619;0.1598;646.774;828.640;26.425;653.547;587.970;92.500
42.290.000;110.349;0.1308;619.500;784.590;26.522;991.620;873.134;92.500
42.295.000;110.081;0.0447;591.637;565.710;26.807;1.749.733;1.495.197;92.500
42.300.000;109.896;0.0281;564.715;597.570;26.743;1.937.085;1.646.251;92.500
42.305.000;109.946;0.0211;559.117;630.850;26.716;1.884.503;1.603.939;92.500
42.310.000;110.007;0.0291;558.410;662.820;26.826;1.601.609;1.375.054;92.500
42.315.000;110.069;0.0371;565.708;690.670;26.788;1.281.349;1.113.149;92.500
42.320.000;110.130;0.0473;588.601;715.990;26.837;1.023.939;900.019;92.500
42.325.000;110.191;0.0664;610.354;734.650;26.774;818.915;728.171;92.500
42.330.000;110.253;0.0848;633.149;753.820;26.687;653.496;587.827;92.500
42.335.000;110.314;0.1016;654.389;766.420;26.618;602.473;544.181;92.500
42.340.000;110.376;0.1168;656.910;775.740;26.644;574.972;520.581;92.500
42.345.000;110.437;0.1272;659.050;790.680;26.593;535.126;486.273;92.500
42.350.000;110.500;0.1223;661.140;802.270;26.516;482.039;440.347;92.500
42.355.000;110.594;0.1208;663.272;808.360;26.414;412.136;379.459;92.500
42.360.000;110.689;0.1311;665.297;815.810;26.336;352.369;326.759;92.500
42.365.000;110.785;0.1329;667.480;823.250;26.449;307.575;286.703;92.500
42.370.000;110.869;0.1301;669.730;830.700;26.500;313.317;291.867;92.500
42.375.000;111.314;0.1371;677.982;832.450;26.580;339.287;315.191;92.500
42.380.000;111.300;0.1440;684.725;839.510;26.751;367.526;340.384;92.500
42.385.000;111.300;0.1464;690.998;844.510;26.814;398.115;367.313;92.500
42.390.000;111.301;0.1485;699.053;848.330;26.529;417.332;384.140;92.500
42.395.000;111.300;0.1428;708.915;850.500;26.244;228.311;215.287;92.500
42.400.000;111.215;0.1471;720.956;849.240;25.900;122.241;117.954;92.500
42.405.000;110.766;0.1510;733.205;834.210;25.226;93.300;90.871;92.500
42.410.000;110.328;0.1544;740.094;808.860;24.681;78.067;76.482;92.500
42.415.000;109.859;0.1565;748.478;759.130;24.576;66.005;65.012;92.500
42.420.000;109.906;0.1452;756.353;678.230;24.652;56.270;55.739;92.500
42.425.000;109.676;0.1546;762.943;612.850;24.393;47.970;47.767;92.500
42.430.000;109.408;0.1673;766.565;591.850;24.204;42.171;42.165;92.500
42.435.000;109.138;0.1721;768.663;584.310;24.081;40.591;40.622;92.500
42.440.000;109.100;0.1749;770.595;582.610;24.261;43.262;43.198;92.500
42.445.000;109.099;0.1796;772.401;583.740;24.464;47.094;46.887;92.500
42.450.000;109.099;0.1845;775.003;593.770;24.570;49.544;49.240;92.500
42.455.000;109.101;0.1808;775.819;612.710;24.515;50.212;49.881;92.500
42.460.000;109.192;0.1702;774.243;637.140;24.568;49.291;49.003;92.500
42.465.000;109.501;0.1545;771.675;664.400;24.797;57.682;57.056;92.500
42.470.000;109.769;0.1544;757.971;696.470;25.157;58.985;58.320;92.500
42.475.000;110.157;0.1663;743.557;748.160;25.753;109.402;105.872;92.500
42.480.000;110.551;0.1440;729.287;813.250;26.199;195.515;185.314;92.500
42.485.000;110.945;0.1315;713.500;850.650;26.440;280.107;262.038;92.500
42.490.000;111.299;0.1552;699.913;869.600;26.690;380.324;351.683;92.500
42.495.000;111.296;0.1697;687.161;870.760;26.552;367.753;340.575;92.500
42.500.000;111.150;0.1618;675.269;863.220;26.625;349.290;324.084;92.500
42.505.000;111.096;0.1546;672.602;849.500;26.345;340.509;316.232;92.500
42.510.000;111.099;0.1469;668.657;821.210;26.652;363.784;337.001;92.500
42.515.000;111.100;0.1327;665.017;801.410;26.506;397.182;366.439;92.500
42.520.000;111.069;0.1208;662.152;790.520;26.328;439.120;403.104;92.500
42.525.000;110.967;0.1168;661.028;782.440;26.403;474.470;433.848;92.500
42.530.000;110.866;0.1112;661.610;783.280;26.496;487.059;444.753;92.500
42.535.000;110.766;0.1224;663.966;795.330;26.527;499.982;455.931;92.500
42.540.000;110.665;0.1341;667.730;817.750;26.446;513.247;467.389;92.500
42.545.000;110.564;0.1412;671.395;830.890;26.790;530.762;482.501;92.500
42.550.000;110.503;0.1412;674.401;843.010;26.923;494.817;451.397;92.500
42.555.000;110.714;0.1577;676.867;844.830;27.266;432.275;397.055;92.500
42.560.000;110.938;0.1845;677.744;845.710;27.016;381.810;352.912;92.500
42.565.000;111.158;0.2119;676.584;842.860;26.853;366.655;339.565;92.500
42.570.000;111.161;0.1992;673.740;836.670;26.993;401.236;369.997;92.500
42.575.000;110.778;0.1620;668.857;820.220;26.911;451.668;413.971;92.500
42.580.000;110.402;0.1391;663.237;797.690;26.861;474.246;433.525;92.500
42.585.000;110.075;0.1237;657.551;770.890;26.852;502.522;457.971;92.500
42.590.000;109.987;0.1071;651.535;739.300;26.696;565.815;512.570;92.500
42.595.000;109.894;0.0906;646.696;711.870;26.610;671.615;603.140;92.500
42.600.000;109.801;0.0660;643.723;694.230;26.762;754.241;673.328;92.500
42.605.000;109.707;0.0738;642.942;690.530;26.619;712.324;637.738;92.500
42.610.000;109.613;0.0893;644.451;696.560;26.730;659.391;592.642;92.500
42.615.000;109.520;0.1048;648.285;717.130;26.832;614.966;554.643;92.500
42.620.000;109.426;0.1105;653.129;749.070;26.885;593.051;535.834;92.500
42.625.000;109.332;0.1106;659.162;779.630;26.739;626.886;564.799;92.500
42.630.000;109.284;0.1145;665.804;811.880;26.825;561.712;508.870;92.500
42.635.000;109.259;0.1166;672.006;830.750;26.740;523.459;475.887;92.500
42.640.000;109.235;0.1198;677.881;859.090;26.672;489.876;446.826;92.500
42.645.000;109.210;0.1235;683.532;878.530;26.776;470.804;430.274;92.500
42.650.000;109.186;0.1228;688.850;897.870;26.596;429.601;394.400;92.500
42.655.000;109.161;0.1270;693.786;915.000;26.623;396.224;365.208;92.500
42.660.000;109.137;0.1332;697.467;931.740;26.556;373.311;345.093;92.500
42.665.000;109.112;0.1413;700.033;956.520;26.490;351.724;325.867;92.500
42.670.000;109.072;0.1592;702.338;979.430;26.486;344.181;319.127;92.500
42.675.000;108.973;0.1771;704.183;1.006.000;26.336;334.269;310.253;92.500
42.680.000;108.876;0.1869;705.790;1.025.640;26.223;341.113;316.350;92.500
42.685.000;108.778;0.1739;706.941;1.038.450;26.441;347.762;322.268;92.500
42.690.000;108.681;0.1637;707.265;1.042.340;26.622;353.340;327.226;92.500
42.695.000;108.584;0.1764;707.502;1.042.290;26.845;321.842;299.065;92.500
42.700.000;108.486;0.1943;707.953;1.035.860;27.041;297.269;277.019;92.500
42.705.000;108.389;0.2237;707.730;1.028.330;26.565;281.993;263.274;92.500
42.710.000;108.292;0.2433;708.097;1.020.790;26.405;280.292;261.726;92.500
42.715.000;108.194;0.2323;708.359;1.008.710;26.466;293.701;273.762;92.500
42.720.000;108.097;0.2109;708.036;999.510;26.392;327.707;304.223;92.500
42.725.000;107.999;0.1887;708.337;984.720;26.915;366.655;338.964;92.500
42.730.000;107.903;0.1802;708.373;972.400;27.008;354.256;327.896;92.500
42.735.000;107.870;0.1820;707.772;964.860;26.808;346.835;321.269;92.500
42.740.000;107.840;0.1917;706.798;950.700;26.899;356.235;329.649;92.500
42.745.000;107.809;0.1857;705.049;948.910;26.712;366.729;338.993;92.500
42.750.000;107.779;0.1771;705.607;938.450;26.713;366.521;338.802;92.500
42.755.000;107.748;0.1551;703.983;938.400;26.517;384.005;354.212;92.500
42.760.000;107.716;0.1385;702.608;944.430;26.490;414.312;380.741;92.500
42.765.000;107.595;0.1295;703.932;950.910;26.190;446.943;409.174;92.500
42.770.000;107.335;0.1195;707.861;958.360;25.918;453.551;414.869;92.500
42.775.000;107.143;0.1095;707.291;959.270;26.013;382.731;352.978;92.500
42.780.000;108.129;0.1080;702.296;950.330;25.852;326.291;302.957;92.500
42.785.000;109.149;0.1379;687.189;925.770;25.745;269.815;252.435;92.500
42.790.000;110.108;0.1741;664.791;802.260;25.510;296.014;276.174;92.500
42.795.000;109.203;0.1705;641.660;631.110;25.737;444.472;407.348;92.500
42.800.000;108.134;0.1505;616.328;557.450;26.256;566.255;512.482;92.500
42.805.000;107.067;0.0955;588.974;529.660;26.845;1.028.813;903.042;92.500
42.810.000;106.500;0.0488;568.616;496.190;27.167;1.847.508;1.572.858;92.500
42.815.000;106.509;0.0151;552.423;469.770;27.056;2.164.419;1.827.292;92.500
42.820.000;106.514;0.0161;544.634;477.390;26.968;1.886.364;1.604.176;92.500
42.825.000;106.521;0.0188;543.955;492.320;27.055;1.606.859;1.378.038;92.500
42.830.000;106.527;0.0224;541.876;507.270;26.945;1.374.896;1.188.720;92.500
42.835.000;106.533;0.0243;538.699;518.220;26.860;1.388.257;1.199.669;92.500
42.840.000;106.538;0.0226;536.103;530.700;26.966;1.491.542;1.284.122;92.500
42.845.000;106.545;0.0209;533.347;538.150;27.070;1.565.954;1.344.766;92.500
42.850.000;106.550;0.0195;531.117;545.590;27.143;1.346.429;1.165.369;92.500
42.855.000;106.556;0.0195;530.447;548.430;26.881;1.132.966;989.383;92.500
42.860.000;106.562;0.0259;531.375;548.390;26.978;1.032.794;906.195;92.500
42.865.000;106.568;0.0298;533.320;540.910;27.023;1.216.193;1.058.195;92.500
42.870.000;106.574;0.0268;535.978;533.370;26.816;1.483.568;1.277.610;92.500
42.875.000;106.580;0.0213;537.627;525.840;26.782;1.953.848;1.658.469;92.500
42.880.000;106.586;0.0158;539.309;511.730;26.768;2.532.879;2.120.470;92.500
42.885.000;106.592;0.0139;540.447;505.610;26.860;1.350.585;1.168.777;92.500
42.890.000;106.598;0.0247;540.007;510.240;26.562;1.247.430;1.083.954;92.500
42.895.000;106.604;0.0332;538.419;525.180;26.551;1.209.669;1.052.810;92.500
42.900.000;106.610;0.0391;537.014;541.940;26.544;1.197.604;1.042.848;92.500
42.905.000;106.616;0.0329;535.124;548.970;26.662;1.492.583;1.284.964;92.500
42.910.000;106.622;0.0315;533.964;560.090;26.677;1.600.543;1.372.892;92.500
42.915.000;106.628;0.0417;532.572;563.370;26.500;1.149.535;1.003.103;92.500
42.920.000;106.634;0.0508;530.796;566.080;26.576;888.248;785.377;92.500
42.925.000;106.640;0.0599;528.665;566.030;26.462;819.699;727.721;92.500
42.930.000;106.646;0.0633;527.135;565.990;26.641;910.555;804.088;92.500
42.935.000;106.652;0.0573;525.760;568.850;26.725;1.073.106;939.723;92.500
42.940.000;106.658;0.0495;525.053;576.290;26.912;1.219.959;1.061.301;92.500
42.945.000;106.664;0.0468;523.696;578.010;26.765;1.005.692;883.617;92.500
42.950.000;106.670;0.0580;522.825;576.900;26.638;906.713;800.868;92.500
42.955.000;106.675;0.0596;522.513;571.840;26.622;915.205;807.986;92.500
42.960.000;106.681;0.0584;522.788;571.790;26.792;996.350;875.826;92.500
42.965.000;106.687;0.0475;522.892;565.660;27.051;1.227.667;1.067.659;92.500
42.970.000;106.693;0.0351;521.982;565.620;27.103;1.467.799;1.264.724;92.500
42.975.000;106.698;0.0383;520.526;565.580;26.947;1.565.954;1.344.748;92.500
42.980.000;106.740;0.0425;519.158;572.460;26.805;1.415.163;1.221.699;92.500
42.985.000;106.785;0.0464;516.802;583.720;26.895;1.276.210;1.107.675;92.500
42.990.000;106.831;0.0559;513.525;596.260;26.929;1.129.347;986.417;92.500
42.995.000;106.877;0.0640;511.048;612.840;26.827;955.320;841.607;92.500
43.000.000;106.922;0.0803;509.622;653.460;26.727;808.147;718.037;92.500
43.005.000;106.968;0.0953;509.743;694.160;26.786;682.470;611.567;92.500
43.010.000;107.013;0.1103;511.565;705.070;26.846;606.537;546.748;92.500
43.015.000;107.059;0.1198;535.892;719.590;26.727;587.248;530.223;92.500
43.020.000;107.105;0.1168;564.091;731.920;26.598;665.759;597.365;92.500
43.025.000;107.150;0.1096;591.170;747.410;26.524;737.911;658.700;92.500
43.030.000;107.195;0.1064;624.191;771.760;26.381;804.679;715.176;92.500
43.035.000;107.237;0.1030;656.639;792.280;25.884;760.368;677.741;92.500
43.040.000;107.308;0.0996;691.631;816.890;25.364;607.202;547.382;92.500
43.045.000;107.587;0.1151;715.195;850.430;25.308;469.664;428.882;92.500
43.050.000;109.261;0.1403;715.493;887.080;24.389;349.441;323.825;92.500
43.055.000;110.900;0.1648;715.814;913.070;23.418;267.367;250.512;92.500
43.060.000;112.552;0.1937;739.020;950.520;22.901;240.283;226.310;92.500
43.065.000;114.227;0.2487;739.397;968.880;22.699;226.684;214.246;92.500
43.070.000;114.632;0.2507;750.438;947.680;23.887;237.851;224.449;92.500
43.075.000;114.582;0.2498;747.889;923.330;24.741;269.121;252.726;92.500
43.080.000;114.200;0.2298;741.173;893.630;25.540;308.936;288.481;92.500
43.085.000;113.481;0.2004;738.486;869.100;26.043;354.642;329.239;92.500
43.090.000;112.888;0.1745;728.810;849.910;25.879;406.858;375.192;92.500
43.095.000;112.603;0.1566;700.238;825.880;26.210;460.337;421.820;92.500
43.100.000;111.386;0.1402;692.987;805.770;26.518;510.850;465.383;92.500
43.105.000;109.837;0.1197;672.361;793.070;26.781;567.500;513.892;92.500
43.110.000;109.486;0.1024;669.825;793.010;26.888;609.734;550.057;92.500
43.115.000;109.447;0.1105;673.427;813.540;26.975;578.695;523.422;92.500
43.120.000;109.420;0.1296;678.107;846.340;26.892;552.292;500.706;92.500
43.125.000;109.389;0.1249;683.130;881.840;26.739;527.013;478.904;92.500
43.130.000;109.358;0.1164;686.885;908.440;26.478;502.208;457.456;92.500
43.135.000;109.326;0.1080;688.866;922.770;26.553;488.095;445.226;92.500
43.140.000;109.295;0.1055;688.557;922.620;26.647;477.326;435.879;92.500
43.145.000;109.264;0.1079;685.607;907.580;26.416;471.786;431.063;92.500
43.150.000;109.233;0.1174;680.925;883.880;26.520;466.310;426.300;92.500
43.155.000;109.201;0.1288;674.864;842.080;26.818;434.763;398.837;92.500
43.160.000;109.170;0.1402;668.833;813.130;26.643;417.332;383.615;92.500
43.165.000;109.139;0.1500;664.566;798.830;26.349;417.332;383.608;92.500
43.170.000;109.107;0.1419;662.131;786.260;26.280;423.357;388.864;92.500
43.175.000;109.076;0.1250;661.801;782.600;26.450;429.072;393.845;92.500
43.180.000;109.045;0.1124;663.659;788.630;26.721;422.560;388.154;92.500
43.185.000;109.013;0.1241;667.739;802.610;26.967;415.038;381.576;92.500
43.190.000;108.982;0.1370;672.831;825.040;26.964;409.685;376.889;92.500
43.195.000;108.951;0.1488;678.630;850.940;26.811;443.596;406.478;92.500
43.200.000;108.920;0.1557;684.215;879.630;26.853;457.765;418.801;92.500
43.205.000;108.926;0.1572;688.811;898.420;26.662;427.396;392.348;92.500
43.210.000;108.999;0.1549;692.582;919.240;26.712;405.364;373.110;92.500
43.215.000;109.070;0.1720;695.325;931.150;26.629;389.609;359.322;92.500
43.220.000;109.142;0.1802;697.209;938.600;26.443;384.005;354.420;92.500
43.225.000;109.214;0.1761;698.730;940.200;26.361;423.161;388.707;92.500
43.230.000;109.289;0.1620;698.355;934.070;26.405;437.081;400.865;92.500
43.235.000;109.210;0.1499;703.970;931.430;26.683;401.118;369.431;92.500
43.240.000;109.098;0.1752;703.556;927.900;26.836;358.392;331.761;92.500
43.245.000;108.984;0.2010;701.006;921.770;26.428;320.218;297.642;92.500
43.250.000;108.871;0.2269;697.254;920.210;26.167;299.160;278.746;92.500
43.255.000;108.758;0.2066;690.582;903.010;26.629;313.317;291.420;92.500
43.260.000;108.645;0.1863;683.744;866.150;26.714;392.344;361.633;92.500
43.265.000;108.532;0.1660;676.396;812.170;26.581;490.221;446.877;92.500
43.270.000;108.419;0.1467;644.377;780.050;26.836;634.468;570.932;92.500
43.275.000;108.305;0.1288;617.303;746.040;27.007;859.482;761.573;92.500
43.280.000;108.192;0.0965;595.519;723.510;27.157;1.165.725;1.016.824;92.500
43.285.000;108.079;0.0672;577.112;691.860;26.936;1.387.647;1.199.432;92.500
43.290.000;107.966;0.0656;562.807;678.210;27.023;1.223.203;1.064.229;92.500
43.295.000;107.888;0.0829;549.083;746.900;26.833;1.007.601;885.447;92.500
43.300.000;107.863;0.1027;536.128;783.590;26.905;830.855;737.354;92.500
43.305.000;107.836;0.1224;539.333;789.420;26.927;675.828;606.065;92.500
43.310.000;107.810;0.1332;539.970;781.360;26.879;622.434;560.488;92.500
43.315.000;107.783;0.1408;536.485;752.540;27.225;576.941;521.491;92.500
43.320.000;107.757;0.1444;530.048;721.940;27.214;671.093;602.009;92.500
43.325.000;107.731;0.1246;523.783;710.640;26.952;767.019;683.429;92.500
43.330.000;107.703;0.1076;517.582;714.310;26.931;858.489;760.559;92.500
43.335.000;107.743;0.0873;513.483;714.750;27.097;728.245;650.585;92.500
43.340.000;107.795;0.0932;512.901;718.420;27.183;624.654;562.377;92.500
43.345.000;107.848;0.1042;514.039;704.280;27.151;582.184;526.002;92.500
43.350.000;107.900;0.1108;515.519;647.260;27.048;615.399;554.482;92.500
43.355.000;107.952;0.0931;517.200;604.460;27.046;734.404;655.858;92.500
43.360.000;108.004;0.0710;519.344;577.380;27.119;876.423;775.704;92.500
43.365.000;108.057;0.0495;522.831;562.370;26.864;1.015.375;891.952;92.500
43.370.000;108.109;0.0424;524.211;551.610;26.933;1.063.917;932.362;92.500
43.375.000;108.161;0.0406;523.931;549.770;26.737;1.141.950;997.107;92.500
43.380.000;108.213;0.0431;522.265;552.820;26.649;1.318.805;1.142.960;92.500
43.385.000;108.265;0.0351;519.008;580.160;26.839;1.565.954;1.345.006;92.500
43.390.000;108.317;0.0323;518.355;617.540;27.007;1.517.485;1.305.546;92.500
43.395.000;108.370;0.0361;539.735;652.930;27.126;1.389.863;1.201.285;92.500
43.400.000;108.422;0.0403;565.998;698.480;26.772;1.172.515;1.022.462;92.500
43.405.000;108.474;0.0481;595.524;737.920;26.612;979.933;862.497;92.500
43.410.000;108.526;0.0573;626.631;789.720;26.634;818.982;727.499;92.500
43.415.000;108.578;0.0692;659.345;853.350;26.078;682.790;612.155;92.500
43.420.000;108.633;0.0866;689.064;884.620;25.650;559.877;507.002;92.500
43.425.000;108.668;0.1039;712.294;920.440;25.809;459.090;419.868;92.500
43.430.000;109.578;0.1352;721.584;947.360;25.412;373.499;345.250;92.500
43.435.000;110.855;0.1778;725.158;960.950;24.716;350.319;324.868;92.500
43.440.000;112.150;0.2204;728.154;956.470;24.836;340.509;316.347;92.500
43.445.000;112.050;0.2377;733.835;939.590;25.159;359.243;333.046;92.500
43.450.000;111.532;0.2157;730.064;912.160;25.479;373.499;345.611;92.500
43.455.000;110.679;0.1736;729.800;901.630;25.640;395.950;365.159;92.500
43.460.000;109.748;0.1461;728.635;944.130;25.460;409.685;377.004;92.500
43.465.000;108.880;0.1358;719.153;970.620;25.601;354.397;328.140;92.500
43.470.000;109.206;0.1686;714.037;990.910;25.203;315.913;293.810;92.500
43.475.000;111.093;0.2172;724.716;1.002.280;24.431;289.633;270.565;92.500
43.480.000;112.948;0.2776;716.915;998.660;23.826;269.749;252.984;92.500
43.485.000;113.226;0.2650;711.107;975.230;24.118;280.704;262.904;92.500
43.490.000;111.847;0.2235;708.794;870.930;25.240;372.904;345.141;92.500
43.495.000;110.479;0.1549;703.265;831.030;26.285;487.700;445.075;92.500
43.500.000;109.045;0.1032;700.877;822.190;26.351;521.036;473.605;92.500
43.505.000;108.703;0.0801;696.839;846.460;26.809;497.493;453.174;92.500
43.510.000;108.696;0.1452;678.046;868.580;26.973;453.759;415.226;92.500
43.515.000;108.699;0.1769;677.518;885.560;26.876;456.165;417.318;92.500
43.520.000;108.700;0.1747;674.895;884.740;26.882;462.228;422.588;92.500
43.525.000;108.700;0.1734;667.756;852.350;26.610;436.072;399.826;92.500
43.530.000;108.700;0.1745;663.934;797.530;26.593;373.269;344.873;92.500
43.535.000;108.700;0.1564;659.058;742.700;26.463;310.182;288.580;92.500
43.540.000;108.700;0.1378;653.626;686.440;25.984;272.799;254.998;92.500
43.545.000;108.699;0.1204;650.220;633.320;25.781;220.260;207.497;92.500
43.550.000;108.659;0.1033;647.848;620.670;25.561;173.654;164.997;92.500
43.555.000;108.552;0.0976;643.099;611.260;25.574;149.382;142.689;92.500
43.560.000;108.819;0.1121;639.309;596.230;25.704;141.450;135.410;92.500
43.565.000;109.083;0.1184;621.787;584.510;25.945;152.311;145.457;92.500
43.570.000;108.852;0.1023;603.553;578.330;26.239;230.941;217.209;92.500
43.575.000;108.751;0.0700;586.899;563.300;26.338;401.140;369.319;92.500
43.580.000;108.647;0.0393;569.682;551.130;26.570;696.771;624.031;92.500
43.585.000;108.546;0.0173;553.578;543.590;26.783;1.164.837;1.016.082;92.500
43.590.000;108.445;0.0128;541.295;529.570;26.887;2.245.385;1.891.877;92.500
43.595.000;108.343;0.0131;529.707;530.550;26.932;2.804.085;2.334.393;92.500
43.600.000;108.301;0.0203;526.766;542.850;26.985;2.214.471;1.867.177;92.500
43.605.000;108.301;0.0272;523.397;565.290;26.879;1.813.476;1.545.453;92.500
43.610.000;108.402;0.0369;542.188;590.180;27.060;1.485.093;1.279.050;92.500
43.615.000;108.491;0.0481;541.272;604.670;26.985;1.072.709;939.696;92.500
43.620.000;108.474;0.0650;537.625;630.580;26.916;702.013;628.435;92.500
43.625.000;108.455;0.0850;537.575;645.510;27.473;440.123;403.292;92.500
43.630.000;108.436;0.1056;532.969;656.860;27.154;374.190;345.621;92.500
43.635.000;108.417;0.1222;532.040;662.900;26.631;370.061;341.989;92.500
43.640.000;108.398;0.1125;528.814;659.690;26.486;509.092;463.120;92.500
43.645.000;108.379;0.0840;520.489;644.660;26.696;668.903;600.229;92.500
43.650.000;108.361;0.0571;536.593;629.640;26.765;768.773;685.000;92.500
43.655.000;108.342;0.0493;559.226;626.240;26.542;647.133;581.652;92.500
43.660.000;108.323;0.0518;583.558;632.290;26.373;455.216;416.395;92.500
43.665.000;108.308;0.0569;604.086;632.230;26.176;320.993;298.182;92.500
43.670.000;108.145;0.0619;623.648;628.200;25.947;226.375;212.950;92.500
43.675.000;107.942;0.0544;639.558;619.980;25.721;159.647;152.043;92.500
43.680.000;107.736;0.0442;636.657;605.610;25.530;127.769;122.621;92.500
43.685.000;107.698;0.0380;632.755;580.920;25.654;133.684;128.089;92.500
43.690.000;107.557;0.0321;625.993;554.470;25.908;145.608;139.075;92.500
43.695.000;107.217;0.0220;617.637;534.690;26.167;250.725;234.829;92.500
43.700.000;106.879;0.0090;611.471;528.270;26.251;555.879;503.112;92.500
43.705.000;106.538;0.0051;611.855;524.160;26.124;483.881;440.890;92.500
43.710.000;106.709;0.0078;614.533;537.870;26.249;272.484;254.360;92.500
43.715.000;107.023;0.0168;621.985;560.300;26.287;145.059;138.498;92.500
43.720.000;106.888;0.0258;629.495;583.100;25.900;82.388;80.208;92.500
43.725.000;106.475;0.0343;633.245;601.300;25.803;65.051;63.809;92.500
43.730.000;106.058;0.0301;639.092;601.250;25.919;67.802;66.379;92.500
43.735.000;105.644;0.0251;642.581;597.080;25.991;83.317;80.962;92.500
43.740.000;105.326;0.0195;640.463;588.990;25.859;113.305;108.921;92.500
43.745.000;105.560;0.0227;640.053;582.000;25.908;147.487;140.540;92.500
43.750.000;105.702;0.0299;641.741;574.470;25.505;160.703;152.700;92.500
43.755.000;105.700;0.0379;645.882;566.930;25.096;178.239;168.755;92.500
43.760.000;105.700;0.0520;652.830;576.650;25.036;122.373;117.375;92.500
43.765.000;105.700;0.0749;661.694;595.290;24.969;89.635;86.891;92.500
43.770.000;105.700;0.0979;673.368;604.600;24.513;65.655;64.317;92.500
43.775.000;105.700;0.1210;687.059;619.530;23.849;48.795;48.277;92.500
43.780.000;105.700;0.1424;699.927;631.180;23.690;42.136;41.892;92.500
43.785.000;105.700;0.1629;712.279;637.220;23.758;40.398;40.220;92.500
43.790.000;105.700;0.1689;723.018;637.170;23.802;39.627;39.477;92.500
43.795.000;105.700;0.1711;731.747;637.130;24.006;39.481;39.336;92.500
43.800.000;105.768;0.1741;734.893;632.820;24.149;43.306;43.020;92.500
43.805.000;105.894;0.1725;733.090;630.950;24.444;47.828;47.364;92.500
43.810.000;106.021;0.1676;725.997;630.910;24.474;56.104;55.274;92.500
43.815.000;106.148;0.1599;717.687;633.280;24.637;65.089;63.817;92.500
43.820.000;106.275;0.1515;705.841;644.570;24.979;76.484;74.593;92.500
43.825.000;106.377;0.1429;690.068;673.320;25.092;109.498;105.500;92.500
43.830.000;106.474;0.1336;661.163;687.170;25.381;167.873;159.378;92.500
43.835.000;106.570;0.1240;635.887;709.600;26.090;257.291;240.638;92.500
43.840.000;106.667;0.1271;615.705;732.030;26.406;435.328;398.723;92.500
43.845.000;106.763;0.1265;600.035;752.170;26.594;434.143;397.710;92.500
43.850.000;106.860;0.1245;588.556;770.980;26.709;438.089;401.166;92.500
43.855.000;106.956;0.1218;584.167;799.320;26.472;445.159;407.339;92.500
43.860.000;107.053;0.1178;589.502;824.740;26.862;449.591;411.213;92.500
43.865.000;107.093;0.1089;614.287;859.040;26.747;454.066;415.112;92.500
43.870.000;107.081;0.0956;637.987;897.840;26.514;458.587;419.037;92.500
43.875.000;107.068;0.0900;659.483;928.960;26.605;462.018;422.014;92.500
43.880.000;107.056;0.1001;677.921;971.310;26.444;462.018;422.011;92.500
43.885.000;107.043;0.1110;692.432;1.004.750;26.536;462.018;422.007;92.500
43.890.000;107.030;0.1218;702.823;1.043.550;26.634;462.018;422.004;92.500
43.895.000;107.017;0.1248;705.894;1.061.750;26.636;462.018;422.001;92.500
43.900.000;107.005;0.1208;703.491;1.036.770;26.795;477.689;435.594;92.500
43.905.000;106.992;0.1091;700.214;967.000;26.896;502.198;456.811;92.500
43.910.000;106.979;0.0996;696.666;897.470;26.882;527.965;479.058;92.500
43.915.000;106.967;0.1044;693.600;884.990;27.014;541.035;490.319;92.500
43.920.000;106.954;0.1171;690.328;879.150;26.750;540.934;490.228;92.500
43.925.000;106.941;0.1316;687.820;885.340;26.819;507.955;461.773;92.500
43.930.000;106.929;0.1452;688.329;895.740;26.690;484.865;441.792;92.500
43.935.000;106.916;0.1503;688.668;903.330;26.590;465.938;425.377;92.500
43.940.000;106.902;0.1466;688.968;910.640;26.700;481.378;438.764;92.500
43.945.000;106.931;0.1373;688.008;915.400;26.734;500.331;455.177;92.500
43.950.000;106.973;0.1258;685.151;911.250;26.515;517.631;470.133;92.500
43.955.000;107.015;0.1139;681.307;897.060;26.460;526.095;477.446;92.500
43.960.000;107.057;0.0997;676.556;874.540;26.476;502.580;457.146;92.500
43.965.000;107.092;0.0960;676.152;841.550;26.253;394.889;363.479;92.500
43.970.000;107.355;0.1006;676.620;822.700;26.252;301.505;280.530;92.500
43.975.000;107.671;0.1082;677.765;805.690;26.383;230.205;216.328;92.500
43.980.000;107.993;0.1179;675.263;805.220;25.986;183.933;174.285;92.500
43.985.000;108.010;0.1294;677.697;797.690;25.893;181.567;172.125;92.500
43.990.000;107.878;0.1324;681.188;790.150;26.040;222.333;209.224;92.500
43.995.000;107.740;0.1241;683.135;781.680;26.204;285.031;265.806;92.500
44.000.000;107.691;0.1150;681.251;772.640;26.073;340.928;315.862;92.500
44.005.000;107.673;0.1116;678.664;763.600;26.147;334.682;310.281;92.500
44.010.000;107.654;0.1131;675.700;754.560;26.001;286.348;266.973;92.500
44.015.000;107.636;0.1083;678.718;745.520;25.979;244.995;229.704;92.500
44.020.000;107.618;0.1058;674.203;736.480;25.908;213.717;201.359;92.500
44.025.000;107.600;0.0913;670.104;715.960;25.817;201.008;189.797;92.500
44.030.000;107.581;0.0822;662.409;659.390;25.848;204.760;193.209;92.500
44.035.000;107.563;0.0750;655.424;610.730;25.911;218.503;205.696;92.500
44.040.000;107.545;0.0684;634.046;622.250;25.825;255.968;239.597;92.500
44.045.000;107.527;0.0642;627.764;659.760;26.106;299.704;278.940;92.500
44.050.000;107.508;0.0605;624.237;695.740;26.358;351.122;324.920;92.500
44.055.000;107.490;0.0726;610.339;721.060;26.486;384.005;354.007;92.500
44.060.000;107.472;0.0847;600.831;739.950;26.361;363.280;335.747;92.500
44.065.000;107.453;0.0887;595.464;766.560;26.426;407.569;374.628;92.500
44.070.000;107.435;0.0924;590.041;798.960;26.584;470.783;429.671;92.500
44.075.000;107.417;0.1010;599.417;817.480;26.667;575.401;519.947;92.500
44.080.000;107.399;0.1056;591.026;830.880;26.860;662.603;594.528;92.500
44.085.000;107.380;0.0968;581.810;835.350;27.089;623.879;561.469;92.500
44.090.000;107.362;0.1011;580.151;830.880;27.080;595.359;537.051;92.500
44.095.000;107.344;0.1091;572.345;823.130;27.127;582.184;525.748;92.500
44.100.000;107.326;0.1156;559.615;812.160;27.006;638.008;573.525;92.500
44.105.000;107.307;0.0856;545.774;776.820;26.798;744.648;664.199;92.500
44.110.000;107.300;0.0604;532.643;731.740;26.682;869.388;769.398;92.500
44.115.000;107.300;0.0516;520.403;695.350;26.756;1.014.734;890.965;92.500
44.120.000;107.300;0.0601;512.587;688.390;26.834;1.186.581;1.033.493;92.500
44.125.000;107.300;0.0711;512.268;683.130;26.927;1.242.732;1.079.811;92.500
44.130.000;107.300;0.0854;518.727;690.520;27.011;874.919;774.038;92.500
44.135.000;107.300;0.0997;529.458;725.620;27.099;656.552;589.334;92.500
44.140.000;107.300;0.1140;540.291;770.080;26.954;550.762;498.730;92.500
44.145.000;107.300;0.1296;549.879;796.270;26.994;555.879;503.132;92.500
44.150.000;107.300;0.1188;556.245;807.900;26.908;680.411;609.654;92.500
44.155.000;107.300;0.0897;557.893;810.610;26.804;998.632;877.533;92.500
44.160.000;107.299;0.0628;555.771;797.800;26.967;1.219.959;1.061.026;92.500
44.165.000;107.300;0.0628;551.973;763.350;27.113;951.232;837.961;92.500
44.170.000;107.338;0.0824;547.144;749.730;26.897;650.509;584.183;92.500
44.175.000;107.579;0.1044;541.609;754.100;26.750;582.184;525.788;92.500
44.180.000;107.819;0.0931;534.976;761.820;26.916;605.912;546.183;92.500
44.185.000;108.062;0.0677;530.292;754.530;27.029;662.137;594.273;92.500
44.190.000;108.061;0.0517;527.570;741.770;27.156;800.306;711.426;92.500
44.195.000;108.013;0.0433;524.626;711.140;27.287;967.350;851.619;92.500
44.200.000;107.964;0.0358;521.157;640.120;27.148;1.168.800;1.018.965;92.500
44.205.000;107.914;0.0293;518.582;595.900;27.020;1.384.273;1.196.221;92.500
44.210.000;107.973;0.0247;517.230;583.100;26.971;1.507.346;1.296.793;92.500
44.215.000;108.077;0.0263;518.544;579.240;26.960;1.624.751;1.392.323;92.500
44.220.000;108.183;0.0302;520.751;573.130;27.053;1.510.733;1.299.611;92.500
44.225.000;108.288;0.0343;522.537;566.570;27.040;1.307.976;1.133.739;92.500
44.230.000;108.394;0.0371;524.319;559.030;27.174;1.122.537;980.794;92.500
44.235.000;108.500;0.0425;525.791;551.490;26.888;1.071.817;938.749;92.500
44.240.000;108.605;0.0463;527.183;548.690;26.840;1.102.395;964.156;92.500
44.245.000;108.711;0.0336;527.774;548.660;26.798;1.149.811;1.003.461;92.500
44.250.000;108.816;0.0384;527.645;548.630;26.877;1.164.837;1.015.918;92.500
44.255.000;108.903;0.0467;525.483;551.550;26.758;926.271;817.499;92.500
44.260.000;108.938;0.0544;522.207;567.780;26.693;798.659;710.251;92.500
44.265.000;108.976;0.0588;536.073;585.010;26.465;754.241;672.717;92.500
44.270.000;109.013;0.0535;554.836;606.690;26.596;966.245;850.954;92.500
44.275.000;109.051;0.0496;574.883;636.920;26.699;1.202.042;1.046.712;92.500
44.280.000;109.089;0.0547;599.735;698.030;26.848;1.265.930;1.099.378;92.500
44.285.000;109.111;0.0758;624.980;761.180;27.340;977.147;860.080;92.500
44.290.000;109.160;0.1067;651.831;801.590;27.114;766.488;683.122;92.500
44.295.000;109.206;0.1299;675.841;839.100;27.424;598.903;540.485;92.500
44.300.000;109.252;0.1454;681.190;876.600;27.552;524.073;476.141;92.500
44.305.000;109.298;0.1576;682.047;900.880;26.986;492.914;449.214;92.500
44.310.000;109.344;0.1478;679.591;886.990;26.526;539.664;489.606;92.500
44.315.000;109.390;0.1328;658.393;853.220;26.724;622.551;560.772;92.500
44.320.000;109.436;0.1144;631.793;804.850;26.886;719.131;643.062;92.500
44.325.000;109.482;0.0891;604.290;754.860;26.752;820.076;728.442;92.500
44.330.000;109.528;0.0702;576.101;730.340;26.837;910.731;804.635;92.500
44.335.000;109.574;0.0608;551.665;709.270;26.822;1.010.768;888.236;92.500
44.340.000;109.621;0.0435;532.289;697.150;26.953;1.121.792;980.493;92.500
44.345.000;109.667;0.0431;520.482;693.950;27.045;1.254.277;1.089.928;92.500
44.350.000;109.701;0.0538;529.838;706.080;26.925;1.025.875;900.851;92.500
44.355.000;109.700;0.0729;548.018;748.130;26.808;826.244;733.689;92.500
44.360.000;109.700;0.0919;573.322;788.200;26.711;665.461;597.474;92.500
44.365.000;109.698;0.1122;602.392;829.240;26.817;535.965;486.488;92.500
44.370.000;109.705;0.1336;630.977;888.330;26.868;443.280;406.193;92.500
44.375.000;110.034;0.1561;656.369;933.900;26.574;405.881;373.615;92.500
44.380.000;110.393;0.1645;677.466;966.080;26.342;421.520;387.354;92.500
44.385.000;110.748;0.1526;693.161;996.360;26.390;441.707;405.033;92.500
44.390.000;110.609;0.1403;701.538;1.009.780;26.691;462.339;422.956;92.500
44.395.000;109.821;0.1342;703.479;1.009.360;26.484;462.436;422.875;92.500
44.400.000;110.575;0.1685;703.671;1.001.820;26.337;362.787;335.849;92.500
44.405.000;112.004;0.1848;707.495;991.030;26.089;331.421;308.118;92.500
44.410.000;111.839;0.1897;706.257;967.110;25.948;319.056;297.025;92.500
44.415.000;111.543;0.1743;703.666;942.620;25.573;313.317;291.831;92.500
44.420.000;112.669;0.1553;700.439;900.670;25.299;325.123;302.603;92.500
44.425.000;113.751;0.1432;674.009;840.590;25.147;346.525;321.927;92.500
44.430.000;114.034;0.1355;647.481;784.800;25.338;419.247;386.082;92.500
44.435.000;113.080;0.1256;621.190;723.800;26.056;612.096;552.682;92.500
44.440.000;112.187;0.0768;590.898;655.930;26.656;1.033.265;907.681;92.500
44.445.000;110.212;0.0332;569.096;578.870;26.970;1.744.039;1.489.441;92.500
44.450.000;110.181;0.0053;549.012;544.070;26.788;2.463.578;2.065.086;92.500
44.455.000;110.069;0.0054;533.214;474.430;26.578;2.436.752;2.043.789;92.500
44.460.000;109.949;0.0063;539.455;456.170;26.507;2.418.433;2.029.227;92.500
44.465.000;109.829;0.0063;543.286;456.140;26.706;2.588.763;2.164.084;92.500
44.470.000;109.710;0.0063;545.091;456.110;26.927;2.629.457;2.196.207;92.500
44.475.000;109.591;0.0075;544.931;462.150;26.980;2.652.740;2.214.562;92.500
44.480.000;109.510;0.0100;544.197;468.930;26.857;2.335.605;1.963.323;92.500
44.485.000;109.574;0.0150;541.491;485.720;26.862;2.131.842;1.800.905;92.500
44.490.000;109.634;0.0235;536.930;504.980;26.621;1.702.843;1.455.928;92.500
44.495.000;109.691;0.0327;531.748;534.980;26.695;1.098.152;960.862;92.500
44.500.000;109.766;0.0428;542.088;565.350;26.692;881.781;780.371;92.500
44.505.000;109.840;0.0529;555.521;590.680;26.813;752.890;671.741;92.500
44.510.000;109.915;0.0630;570.251;625.350;26.992;812.063;721.755;92.500
44.515.000;109.989;0.0686;589.230;655.340;26.844;935.085;825.102;92.500
44.520.000;110.064;0.0748;609.507;686.810;26.858;1.076.386;942.897;92.500
44.525.000;110.098;0.0809;631.622;711.390;26.746;1.154.115;1.007.324;92.500
44.530.000;110.098;0.0879;653.505;751.430;26.979;737.970;659.162;92.500
44.535.000;110.205;0.1042;660.255;781.440;27.086;528.688;480.297;92.500
44.540.000;111.028;0.1410;666.697;820.420;26.474;416.901;383.424;92.500
44.545.000;111.863;0.1743;672.770;846.820;26.517;437.135;401.251;92.500
44.550.000;110.819;0.1749;675.979;867.170;26.381;470.424;430.000;92.500
44.555.000;109.013;0.1415;677.143;878.600;26.676;557.320;504.691;92.500
44.560.000;108.758;0.1184;677.354;868.930;27.026;804.679;715.208;92.500
44.565.000;108.466;0.1217;664.086;843.600;26.930;769.262;685.221;92.500
44.570.000;108.163;0.1300;649.166;822.790;26.907;726.852;649.231;92.500
44.575.000;108.100;0.1229;636.335;810.940;26.980;789.933;702.587;92.500
44.580.000;108.099;0.1200;626.111;808.020;27.043;758.660;676.155;92.500
44.585.000;108.100;0.1133;623.946;814.070;26.891;720.280;643.637;92.500
44.590.000;108.100;0.1096;629.692;845.330;26.764;753.947;672.165;92.500
44.595.000;108.065;0.1129;638.486;882.860;26.712;660.863;593.103;92.500
44.600.000;107.847;0.1226;659.957;920.350;26.971;554.405;501.910;92.500
44.605.000;107.634;0.1323;680.181;965.930;27.043;465.097;424.700;92.500
44.610.000;107.536;0.1495;690.439;994.350;27.240;390.175;359.356;92.500
44.615.000;107.640;0.1699;693.959;1.029.280;27.462;331.192;307.109;92.500
44.620.000;107.740;0.2002;701.312;1.070.410;26.997;307.206;285.664;92.500
44.625.000;107.839;0.2308;704.542;1.105.620;27.092;296.406;275.996;92.500
44.630.000;107.861;0.2258;706.492;1.123.830;26.745;316.914;294.379;92.500
44.635.000;107.760;0.2218;708.294;1.123.800;26.448;338.729;313.861;92.500
44.640.000;107.658;0.2246;708.179;1.116.720;26.283;366.316;338.435;92.500
44.645.000;107.436;0.2123;708.093;1.099.420;26.417;384.005;353.927;92.500
44.650.000;107.217;0.1943;708.366;1.072.970;26.748;370.403;341.951;92.500
44.655.000;106.999;0.1688;704.664;1.016.920;26.996;359.936;332.632;92.500
44.660.000;106.781;0.1495;695.685;961.950;26.996;447.660;409.367;92.500
44.665.000;106.547;0.1198;681.031;898.690;26.798;577.509;521.449;92.500
44.670.000;106.305;0.0703;662.981;819.640;27.015;967.539;851.155;92.500
44.675.000;106.063;0.0371;643.192;731.650;27.188;1.841.836;1.836.597;92.500
44.680.000;105.820;0.0177;622.021;621.010;27.181;2.346.038;13.295.159;92.500
44.685.000;105.577;-0.0018;600.079;514.030;27.100;3.874.282;15.037.360;92.500
44.690.000;105.334;-0.0028;581.817;479.940;27.015;1.839.301;12.719.927;92.500
44.695.000;105.300;-0.0021;568.877;452.760;27.075;619.508;11.340.625;92.500
44.700.000;105.300;-0.0018;560.078;412.160;27.169;2.557.695;13.535.851;92.500
44.705.000;105.309;-0.0030;552.458;379.270;27.208;5.052.264;16.387.224;92.500
44.710.000;105.329;-0.0043;545.776;358.970;27.038;7.497.334;19.213.853;92.500
44.715.000;105.349;-0.0055;541.089;343.920;27.122;5.951.857;17.421.794;92.500
44.720.000;105.370;-0.0067;537.922;333.010;27.216;7.046.172;18.688.252;92.500
44.725.000;105.390;-0.0074;535.131;332.520;27.320;5.972.152;17.445.201;92.500
44.730.000;105.410;-0.0078;534.157;326.870;27.124;9.084.835;21.069.634;92.500
44.735.000;105.430;-0.0083;534.765;326.840;27.299;9.777.950;10.393.893;92.500
44.740.000;105.450;-0.0088;536.194;326.800;27.510;4.710.176;4.789.994;92.500
44.745.000;105.470;-0.0093;538.236;326.870;27.075;1.726.925;12.592.645;92.500
44.750.000;105.490;-0.0093;540.050;332.830;26.912;1.984.398;12.884.644;92.500
44.755.000;105.510;-0.0089;543.195;335.740;26.902;9.750.156;10.362.728;92.500
44.760.000;105.530;-0.0084;546.950;351.980;27.061;7.196.995;7.518.982;92.500
44.765.000;105.550;-0.0079;548.933;369.210;27.110;5.082.173;5.194.186;92.500
44.770.000;105.570;-0.0074;549.408;382.490;27.043;5.297.423;5.428.902;92.500
44.775.000;105.590;-0.0069;549.704;387.390;27.103;5.597.861;5.757.484;92.500
44.780.000;105.611;-0.0063;549.889;383.340;27.049;5.915.338;6.105.875;92.500
44.785.000;105.631;-0.0058;548.724;375.160;27.186;6.179.282;6.396.393;92.500
44.790.000;105.650;-0.0053;547.551;362.190;27.011;4.318.261;4.366.337;92.500
44.795.000;105.670;-0.0047;546.078;354.650;26.943;7.176.702;18.840.498;92.500
44.800.000;105.695;-0.0042;544.477;350.760;27.117;5.000.454;16.328.010;92.500
44.805.000;105.945;-0.0037;545.366;350.730;26.926;4.677.993;15.958.020;92.500
44.810.000;106.127;-0.0032;547.924;350.700;27.040;3.436.718;14.537.773;92.500
44.815.000;106.179;-0.0027;552.577;356.230;27.111;2.087.300;13.001.572;92.500
44.820.000;106.228;-0.0029;558.561;388.590;27.001;2.636.296;13.625.547;92.500
44.825.000;106.278;-0.0033;564.668;423.550;26.878;3.381.538;14.474.829;92.500
44.830.000;106.328;-0.0033;571.365;447.970;26.745;3.136.326;14.195.118;92.500
44.835.000;106.378;-0.0037;578.237;462.950;26.614;2.599.348;13.583.541;92.500
44.840.000;106.428;-0.0044;583.942;480.850;26.711;1.529.532;12.369.213;92.500
44.845.000;106.479;-0.0051;588.795;499.000;27.028;550.555;11.263.169;92.500
44.850.000;106.503;-0.0058;593.113;520.670;27.188;9.504.114;10.086.907;92.500
44.855.000;106.510;-0.0065;598.566;537.310;27.275;216.982;10.887.524;92.500
44.860.000;106.516;-0.0072;605.178;562.190;27.300;2.881.622;13.904.929;92.500
44.865.000;106.522;-0.0079;613.520;581.160;27.281;6.241.213;17.755.682;92.500
44.870.000;106.528;-0.0081;623.227;617.810;27.416;9.370.846;21.405.498;92.500
44.875.000;106.534;-0.0082;633.723;652.710;27.074;7.008.761;18.645.216;92.500
44.880.000;106.540;-0.0082;642.502;699.940;27.033;5.231.088;16.593.134;92.500
44.885.000;106.546;-0.0083;650.976;738.000;27.093;5.659.545;17.085.802;92.500
44.890.000;106.552;-0.0083;658.182;769.660;26.980;4.800.789;16.099.110;92.500
44.895.000;106.558;-0.0083;663.639;788.660;27.119;3.880.472;15.044.980;92.500
44.900.000;106.564;-0.0084;666.612;801.820;27.194;5.262.257;16.629.008;92.500
44.905.000;106.570;-0.0084;667.088;809.300;27.011;4.542.886;15.803.391;92.500
44.910.000;106.576;-0.0085;667.600;812.100;27.048;287.518;22.482.288;92.500
44.915.000;106.582;-0.0085;668.597;805.960;26.774;4.559.204;4.626.613;92.500
44.920.000;106.588;-0.0085;667.683;795.500;26.843;8.375.043;8.825.587;92.500
44.925.000;106.594;-0.0078;671.428;775.840;27.108;8.893.699;9.403.995;92.500
44.930.000;106.600;-0.0065;678.582;765.110;27.346;9.135.143;9.673.881;92.500
44.935.000;106.606;-0.0052;687.128;775.470;27.385;8.012.521;8.422.457;92.500
44.940.000;106.612;-0.0039;696.135;848.730;27.656;6.179.282;6.396.532;92.500
44.945.000;106.618;-0.0026;703.142;958.690;27.837;4.509.963;4.573.380;92.500
44.950.000;106.624;-0.0013;710.240;1.025.810;27.964;858.213;23.154.170;92.500
44.955.000;106.630;-0.0001;717.545;1.091.460;27.561;7.339.435;7.676.585;92.500
44.960.000;106.636;0.0025;719.790;1.176.100;27.246;6.812.921;7.095.670;92.500
44.965.000;106.642;0.0036;719.044;1.291.830;27.423;7.701.492;8.077.382;92.500
44.970.000;106.648;0.0000;717.213;1.371.810;27.364;9.158.647;9.700.233;92.500
44.975.000;106.654;-0.0027;716.390;1.395.280;27.425;3.136.326;14.195.468;92.500
44.980.000;106.660;-0.0025;716.379;1.388.450;27.440;1.818.387;12.696.825;92.500
44.985.000;106.666;-0.0020;716.276;1.371.610;26.906;834.659;11.583.878;92.500
44.990.000;106.672;-0.0014;716.585;1.345.830;27.111;9.932.814;10.568.241;92.500
44.995.000;106.678;-0.0028;715.761;1.303.980;27.277;9.329.954;9.892.012;92.500
45.000.000;106.684;-0.0022;714.178;1.528.880;27.440;9.504.114;10.087.146;92.500
45.005.000;106.690;-0.0008;713.018;1.690.110;27.518;6.938.491;7.234.050;92.500
45.010.000;106.696;0.0008;711.104;1.785.530;26.911;3.666.545;3.667.273;92.500
45.015.000;106.709;0.0058;708.755;1.831.650;26.493;1.066.872;763.155;92.500
45.020.000;106.738;0.0139;706.031;1.833.070;26.299;652.316;466.435;92.500
45.025.000;106.767;0.0288;703.892;1.631.930;26.195;450.156;317.079;92.500
45.030.000;106.795;0.0438;703.471;1.389.380;26.117;395.538;276.422;92.500
45.035.000;106.824;0.0595;703.699;1.100.680;26.052;384.005;267.875;92.500
45.040.000;106.852;0.0621;703.983;1.030.150;26.388;438.490;308.385;92.500
45.045.000;106.881;0.0646;702.401;1.002.990;26.688;493.251;349.355;92.500
45.050.000;106.909;0.0689;697.235;970.830;26.584;554.851;395.706;92.500
45.055.000;106.938;0.0721;691.128;926.140;26.372;624.145;446.286;92.500
45.060.000;106.966;0.0685;683.899;859.810;26.285;700.457;500.962;92.500
45.065.000;106.994;0.0600;676.619;808.510;26.359;755.917;540.688;92.500
45.070.000;107.023;0.0571;670.515;764.260;26.388;812.154;580.961;92.500
45.075.000;107.051;0.0628;666.669;771.730;26.455;775.458;554.692;92.500
45.080.000;107.080;0.0727;668.006;792.820;26.459;854.718;611.443;92.500
45.085.000;107.109;0.0800;674.740;811.030;26.507;897.237;641.881;92.500
45.090.000;107.137;0.0851;681.901;840.900;26.221;685.180;490.049;92.500
45.095.000;107.166;0.0956;687.716;868.090;26.489;523.357;372.021;92.500
45.100.000;107.194;0.1258;689.457;886.320;26.747;425.403;298.682;92.500
45.105.000;107.223;0.1560;686.542;883.860;26.477;398.475;278.663;92.500
45.110.000;107.251;0.1733;678.617;865.480;26.394;437.081;307.394;92.500
45.115.000;107.280;0.1324;667.188;815.490;26.660;616.538;440.894;92.500
45.120.000;107.308;0.0964;652.517;755.350;26.862;895.813;640.900;92.500
45.125.000;107.337;0.0343;636.684;695.290;27.083;1.300.979;933.208;92.500
45.130.000;107.365;0.0177;621.517;654.070;26.923;1.856.429;1.346.726;92.500
45.135.000;107.394;0.0139;609.450;607.810;26.800;2.223.460;1.621.475;92.500
45.140.000;107.422;0.0155;601.379;577.750;26.839;2.045.237;1.487.946;92.500
45.145.000;107.450;0.0144;595.717;555.350;26.944;2.146.900;1.564.094;92.500
45.150.000;107.485;0.0133;590.523;543.160;26.838;2.416.854;1.766.613;92.500
45.155.000;107.650;0.0128;587.347;546.600;26.793;2.531.534;1.852.502;92.500
45.160.000;107.703;0.0143;586.978;561.580;27.044;2.396.642;1.751.474;92.500
45.165.000;107.707;0.0174;587.904;573.460;27.259;2.454.126;1.794.642;92.500
45.170.000;107.831;0.0202;588.896;579.510;27.214;2.580.160;1.888.660;92.500
45.175.000;107.952;0.0230;589.620;593.010;26.957;2.205.388;1.608.027;92.500
45.180.000;108.073;0.0259;590.746;600.490;27.039;1.728.114;1.251.084;92.500
45.185.000;108.193;0.0287;592.637;603.740;27.118;1.388.578;998.399;92.500
45.190.000;108.314;0.0330;594.875;603.710;27.091;1.289.561;924.980;92.500
45.195.000;108.434;0.0319;596.412;603.680;26.892;1.425.001;1.025.507;92.500
45.200.000;108.555;0.0286;598.787;603.650;26.821;1.720.908;1.245.824;92.500
45.205.000;108.674;0.0275;603.412;607.480;26.739;2.053.665;1.494.520;92.500
45.210.000;108.834;0.0304;611.009;621.820;26.821;2.046.137;1.488.920;92.500
45.215.000;109.003;0.0365;623.183;649.940;26.922;1.652.921;1.195.244;92.500
45.220.000;109.171;0.0469;638.202;697.030;26.797;1.281.282;919.060;92.500
45.225.000;109.340;0.0650;653.764;760.010;26.723;919.843;658.551;92.500
45.230.000;109.509;0.0831;669.632;828.380;26.783;756.395;541.549;92.500
45.235.000;109.677;0.0996;684.300;866.730;26.697;656.258;469.827;92.500
45.240.000;109.846;0.1086;696.345;914.160;26.661;627.070;448.937;92.500
45.245.000;110.015;0.1131;704.685;941.030;26.812;658.640;471.602;92.500
45.250.000;110.127;0.1109;707.901;958.960;26.721;739.052;529.255;92.500
45.255.000;110.237;0.1081;709.293;961.980;26.828;829.280;593.913;92.500
45.260.000;110.342;0.1056;710.281;961.950;26.612;907.468;649.921;92.500
45.265.000;110.448;0.1027;710.528;961.910;26.468;770.266;551.686;92.500
45.270.000;110.553;0.1118;710.321;966.080;27.047;673.261;482.190;92.500
45.275.000;110.658;0.1287;710.031;974.010;27.234;588.170;421.199;92.500
45.280.000;110.764;0.1454;710.611;988.090;26.908;567.122;405.711;92.500
45.285.000;110.869;0.1575;711.086;1.003.070;26.516;560.424;400.669;92.500
45.290.000;110.976;0.1531;710.316;1.021.890;26.646;634.305;454.344;92.500
45.295.000;111.077;0.1464;709.013;1.034.680;26.966;565.013;404.177;92.500
45.300.000;111.470;0.1469;707.920;1.047.420;26.800;496.918;352.929;92.500
45.305.000;112.064;0.1685;707.146;1.054.900;26.624;450.513;318.242;92.500
45.310.000;112.663;0.1937;705.752;1.058.910;26.587;420.790;296.145;92.500
45.315.000;113.259;0.1997;703.515;1.058.870;26.325;391.174;274.193;92.500
45.320.000;113.705;0.1961;701.266;1.058.840;26.090;374.536;261.910;92.500
45.325.000;113.846;0.1976;699.387;1.057.140;26.044;365.808;255.461;92.500
45.330.000;114.017;0.1901;697.689;1.043.400;25.785;360.158;251.259;92.500
45.335.000;114.267;0.2045;696.703;1.016.330;25.623;354.595;247.135;92.500
45.340.000;114.859;0.1989;695.433;961.460;25.668;350.088;243.855;92.500
45.345.000;115.167;0.1962;691.883;923.200;25.581;380.471;266.542;92.500
45.350.000;115.404;0.2017;686.264;880.850;25.811;437.081;308.773;92.500
45.355.000;114.508;0.1797;681.288;843.280;26.374;619.309;444.287;92.500
45.360.000;112.701;0.1260;675.398;803.280;26.790;1.313.633;943.921;92.500
45.365.000;110.841;0.0813;669.823;777.060;26.662;1.135.588;813.213;92.500
45.370.000;110.782;0.0612;665.433;764.370;26.402;792.274;567.506;92.500
45.375.000;110.931;0.0715;663.024;764.440;25.945;368.354;256.892;92.500
45.380.000;111.087;0.0950;665.010;784.920;25.536;189.457;125.996;92.500
45.385.000;111.237;0.1185;670.878;811.520;25.429;137.580;89.876;92.500
45.390.000;111.387;0.1420;676.167;839.510;25.576;110.974;71.605;92.500
45.395.000;111.501;0.1625;680.507;855.140;25.695;105.218;67.707;92.500
45.400.000;111.461;0.1596;682.293;863.820;25.819;113.698;73.474;92.500
45.405.000;111.423;0.1544;680.899;863.590;25.773;119.790;77.644;92.500
45.410.000;111.386;0.1416;676.921;852.770;25.687;125.776;81.753;92.500
45.415.000;111.348;0.1428;669.871;830.220;25.501;127.769;83.120;92.500
45.420.000;111.311;0.1341;659.874;803.170;25.370;118.456;76.719;92.500
45.425.000;111.273;0.1288;648.225;772.490;25.145;109.455;70.557;92.500
45.430.000;111.236;0.1272;636.895;750.400;24.922;101.153;64.950;92.500
45.435.000;111.199;0.1392;627.682;727.850;24.695;89.419;57.077;92.500
45.440.000;111.161;0.1564;620.574;713.560;24.645;80.224;50.937;92.500
45.445.000;111.122;0.1666;616.278;711.580;24.680;77.483;49.110;92.500
45.450.000;110.911;0.1645;613.278;711.550;24.778;80.863;51.346;92.500
45.455.000;110.682;0.1610;611.524;716.210;24.677;86.918;55.368;92.500
45.460.000;110.643;0.1601;611.980;731.190;24.580;93.398;59.700;92.500
45.465.000;110.606;0.1622;613.153;735.780;24.720;99.585;63.847;92.500
45.470.000;110.571;0.1681;613.440;735.740;24.778;104.249;66.979;92.500
45.475.000;110.536;0.1645;611.976;735.710;24.853;95.592;61.162;92.500
45.480.000;110.489;0.1681;608.124;728.870;24.854;93.278;59.608;92.500
45.485.000;110.204;0.1508;604.398;711.330;25.003;100.148;64.194;92.500
45.490.000;109.918;0.1385;599.318;686.260;25.153;109.980;70.802;92.500
45.495.000;109.635;0.1260;593.838;657.810;25.271;113.297;73.044;92.500
45.500.000;109.351;0.1212;589.779;635.260;25.197;110.197;70.904;92.500
45.505.000;109.068;0.1240;588.206;617.170;25.450;120.921;78.212;92.500
45.510.000;108.778;0.1112;591.641;607.840;25.606;140.152;91.414;92.500
45.515.000;108.258;0.1015;600.925;617.630;26.010;173.049;114.195;92.500
45.520.000;107.681;0.0885;613.171;645.480;26.412;324.943;224.025;92.500
45.525.000;107.341;0.0772;628.867;711.680;26.735;411.583;288.373;92.500
45.530.000;106.950;0.0931;645.135;784.010;27.088;442.646;311.443;92.500
45.535.000;106.555;0.1043;659.849;811.820;27.152;533.542;379.505;92.500
45.540.000;106.161;0.0965;672.553;837.200;27.040;789.197;564.238;92.500
45.545.000;105.772;0.0729;681.246;844.710;26.899;1.171.683;837.695;92.500
45.550.000;105.495;0.0648;687.048;844.680;26.876;1.485.800;1.069.774;92.500
45.555.000;105.490;0.0636;692.652;844.650;26.996;1.805.378;1.307.904;92.500
45.560.000;105.476;0.0608;696.758;848.510;26.954;2.010.078;1.460.922;92.500
45.565.000;105.464;0.0799;700.639;870.240;27.072;1.333.912;956.980;92.500
45.570.000;105.452;0.1048;704.295;905.340;27.138;883.316;631.425;92.500
45.575.000;105.440;0.1304;707.293;929.930;27.019;632.788;452.092;92.500
45.580.000;105.428;0.1477;710.122;944.930;26.910;511.640;362.812;92.500
45.585.000;105.415;0.1498;705.386;953.890;26.775;550.762;392.245;92.500
45.590.000;105.403;0.1241;693.942;940.550;26.661;761.248;544.055;92.500
45.595.000;105.391;0.0872;677.749;905.200;26.825;1.573.565;1.135.021;92.500
45.600.000;105.379;0.0426;657.307;806.660;26.942;3.155.392;2.315.840;92.500
45.605.000;105.367;0.0263;636.356;691.780;26.862;5.368.497;4.057.360;92.500
45.610.000;105.354;0.0207;615.681;609.050;27.048;5.507.618;4.169.925;92.500
45.615.000;105.342;0.0254;595.977;540.330;27.150;4.330.581;3.223.942;92.500
45.620.000;105.330;0.0321;583.595;528.150;26.739;2.858.013;2.094.500;92.500
45.625.000;105.318;0.0407;577.434;544.830;26.791;1.947.447;1.413.992;92.500
45.630.000;105.306;0.0509;579.075;559.820;26.664;1.587.240;1.145.165;92.500
45.635.000;105.303;0.0475;584.324;576.680;26.766;1.537.259;1.107.962;92.500
45.640.000;105.312;0.0344;588.717;577.150;26.675;1.819.028;1.318.009;92.500
45.645.000;105.321;0.0135;591.781;580.790;26.595;2.899.005;2.124.975;92.500
45.650.000;105.329;0.0056;591.839;576.600;26.667;4.620.177;3.455.279;92.500
45.655.000;105.338;0.0047;589.632;564.400;26.853;8.273.146;6.499.337;92.500
45.660.000;105.347;0.0060;586.273;539.590;26.844;7.249.587;5.618.984;92.500
45.665.000;105.355;0.0094;580.114;514.160;27.021;5.255.942;3.966.428;92.500
45.670.000;105.364;0.0127;574.697;506.630;27.103;4.119.780;3.056.187;92.500
45.675.000;105.373;0.0161;571.835;507.900;26.974;3.690.046;2.716.003;92.500
45.680.000;105.381;0.0194;571.010;515.620;26.960;3.365.528;2.472.238;92.500
45.685.000;105.390;0.0227;572.578;536.200;27.041;3.230.781;2.371.891;92.500
45.690.000;105.399;0.0256;575.494;551.180;26.891;2.839.031;2.080.332;92.500
45.695.000;105.408;0.0288;578.518;562.130;26.808;2.074.242;1.508.862;92.500
45.700.000;105.416;0.0352;581.821;576.290;26.789;1.580.137;1.139.876;92.500
45.705.000;105.425;0.0418;585.599;582.340;26.610;1.390.056;998.573;92.500
45.710.000;105.434;0.0452;588.468;582.310;26.434;1.325.836;950.933;92.500
45.715.000;105.442;0.0351;589.988;578.600;26.528;1.454.289;1.046.276;92.500
45.720.000;105.451;0.0295;590.472;570.090;26.305;1.140.113;815.005;92.500
45.725.000;105.460;0.0381;591.037;563.530;25.986;363.952;252.757;92.500
45.730.000;105.469;0.0461;600.394;555.990;25.597;152.500;148.743;92.500
45.735.000;105.477;0.0608;615.189;548.450;25.192;113.418;109.850;92.500
45.740.000;105.486;0.0774;611.887;545.650;24.789;84.321;80.909;92.500
45.745.000;105.493;0.0940;609.116;539.540;24.745;64.525;61.280;92.500
45.750.000;105.509;0.1105;605.367;539.510;24.485;52.291;49.246;92.500
45.755.000;105.800;0.1487;598.784;542.430;24.184;44.726;41.789;92.500
45.760.000;106.093;0.1599;594.391;545.530;24.141;39.848;36.963;92.500
45.765.000;106.225;0.1709;581.887;557.660;24.232;41.721;38.828;92.500
45.770.000;106.534;0.1777;568.687;580.500;24.407;48.379;45.486;92.500
45.775.000;106.841;0.1674;576.481;615.660;24.622;56.098;53.082;92.500
45.780.000;107.151;0.1537;585.691;652.650;24.761;65.049;61.937;92.500
45.785.000;107.458;0.1604;599.042;685.200;24.869;70.958;67.816;92.500
45.790.000;107.709;0.1525;615.434;724.810;25.382;82.866;79.683;92.500
45.795.000;107.610;0.1436;630.989;754.800;25.898;123.017;119.654;92.500
45.800.000;107.342;0.1393;644.131;781.160;26.420;230.377;226.929;92.500
45.805.000;106.666;0.1362;653.052;806.650;26.930;377.232;373.798;92.500
45.810.000;106.574;0.1621;654.091;812.710;27.211;512.870;508.046;92.500
45.815.000;106.511;0.1557;644.974;808.960;27.082;523.229;518.274;92.500
45.820.000;106.287;0.1417;630.156;774.240;26.980;577.786;571.477;92.500
45.825.000;106.302;0.1032;612.546;691.030;26.963;686.478;677.174;92.500
45.830.000;106.300;0.0632;591.857;520.300;27.066;1.071.222;1.043.358;92.500
45.835.000;106.299;0.0213;569.376;457.210;27.113;2.850.623;2.755.478;92.500
45.840.000;106.331;-0.0008;550.344;394.120;27.088;4.329.430;13.751.517;92.500
45.845.000;106.379;-0.0039;536.009;331.030;27.107;5.164.061;4.955.805;92.500
45.850.000;106.428;-0.0009;529.048;265.350;27.218;5.197.666;4.988.066;92.500
45.855.000;106.476;-0.0018;527.250;274.780;27.149;9.150.911;18.378.679;92.500
45.860.000;106.525;0.0075;525.429;297.260;27.227;7.314.105;16.615.978;92.500
45.865.000;106.573;0.0038;526.552;319.760;27.133;4.771.492;14.175.920;92.500
45.870.000;106.622;-0.0007;533.641;338.170;26.948;3.381.538;12.842.039;92.500
45.875.000;106.670;0.0003;539.936;344.980;26.728;4.802.943;14.206.171;92.500
45.880.000;106.719;-0.0014;543.567;350.270;27.046;9.370.846;18.589.966;92.500
45.885.000;106.767;-0.0049;544.626;350.240;27.317;5.027.283;4.824.634;92.500
45.890.000;106.816;-0.0068;542.751;344.130;26.958;8.377.106;17.636.367;92.500
45.895.000;106.864;-0.0065;541.197;330.360;27.073;9.170.078;47.188.262;92.500
45.900.000;106.908;-0.0052;538.295;302.140;27.238;5.078.828;43.262.012;92.500
45.905.000;106.940;-0.0036;532.597;286.080;27.001;1.162.148;29.906.289;92.500
45.910.000;106.972;-0.0020;528.497;289.300;26.893;5.027.283;4.824.691;92.500
45.915.000;107.003;-0.0015;528.263;295.410;27.132;51.917;9.646.863;92.500
45.920.000;107.035;-0.0013;530.116;311.850;27.294;5.372.588;14.753.165;92.500
45.925.000;107.066;-0.0019;533.083;334.350;27.235;1.148.362;10.699.176;92.500
45.930.000;107.098;-0.0026;537.082;352.530;27.260;9.443.802;9.063.317;92.500
45.935.000;107.130;-0.0032;542.798;362.100;27.284;467.490;10.045.785;92.500
45.940.000;107.161;-0.0037;549.025;377.520;27.121;3.096.324;12.568.740;92.500
45.945.000;107.193;-0.0037;553.274;400.000;27.007;6.249.626;15.595.050;92.500
45.950.000;107.225;-0.0018;557.301;422.500;26.948;1.749.790;11.276.504;92.500
45.955.000;107.256;-0.0001;560.476;447.080;27.098;8.734.908;8.383.083;92.500
45.960.000;107.288;0.0042;561.497;473.550;27.144;4.727.982;4.537.560;92.500
45.965.000;107.320;0.0097;561.249;493.900;27.084;2.796.489;2.703.664;92.500
45.970.000;107.351;0.0155;560.884;494.530;27.153;2.028.502;1.964.315;92.500
45.975.000;107.383;0.0271;561.049;483.430;26.974;1.623.369;1.573.244;92.500
45.980.000;107.415;0.0380;562.844;471.250;27.230;1.226.801;1.193.107;92.500
45.985.000;107.446;0.0461;565.336;482.670;27.646;888.823;868.087;92.500
45.990.000;107.477;0.0523;570.845;508.390;27.459;711.084;696.365;92.500
45.995.000;107.477;0.0696;581.832;550.180;26.864;709.305;694.642;92.500
46.000.000;107.382;0.0732;595.098;574.470;26.934;1.037.681;1.011.446;92.500
46.005.000;107.291;0.0395;608.788;631.350;27.052;1.773.436;1.718.166;92.500
46.010.000;107.199;0.0199;622.498;689.850;26.910;3.468.651;3.337.605;92.500
46.015.000;107.105;0.0279;634.860;718.900;26.785;1.856.886;1.798.666;92.500
46.020.000;107.055;0.0501;640.308;759.280;26.391;930.368;908.015;92.500
46.025.000;107.006;0.0781;639.169;788.940;25.809;551.322;541.982;92.500
46.030.000;106.957;0.0968;632.047;792.940;25.945;425.122;420.939;92.500
46.035.000;106.908;0.0826;622.845;700.800;26.259;468.597;462.732;92.500
46.040.000;106.858;0.0589;613.759;628.950;26.553;613.830;601.947;92.500
46.045.000;106.809;0.0291;604.405;564.460;26.639;1.044.982;1.018.278;92.500
46.050.000;106.760;0.0165;596.672;537.380;26.457;1.773.914;1.718.451;92.500
46.055.000;106.710;0.0069;594.400;536.980;26.558;3.011.131;2.909.808;92.500
46.060.000;106.661;0.0055;595.054;532.950;26.438;4.620.177;4.434.306;92.500
46.065.000;106.612;0.0055;596.645;543.550;26.617;4.582.874;4.398.515;92.500
46.070.000;106.559;0.0068;598.813;561.450;26.828;4.512.644;4.331.120;92.500
46.075.000;106.498;0.0091;601.768;579.630;26.943;4.323.722;4.149.807;92.500
46.080.000;106.733;0.0136;607.057;609.220;27.223;3.959.358;3.800.108;92.500
46.085.000;106.812;0.0206;614.133;641.900;27.528;3.342.692;3.222.913;92.500
46.090.000;106.888;0.0275;623.355;675.130;27.375;2.909.748;2.812.449;92.500
46.095.000;106.961;0.0345;634.187;719.210;27.125;2.361.927;2.285.520;92.500
46.100.000;107.033;0.0478;646.909;759.280;26.977;1.890.151;1.830.747;92.500
46.105.000;107.152;0.0653;659.710;789.180;26.879;1.512.608;1.466.584;92.500
46.110.000;107.265;0.0785;672.441;819.090;26.672;1.210.477;1.177.390;92.500
46.115.000;107.233;0.0860;683.467;846.620;26.697;1.066.799;1.039.391;92.500
46.120.000;107.193;0.0836;692.705;865.780;26.680;1.004.640;979.582;92.500
46.125.000;107.153;0.0841;700.344;876.900;26.619;1.030.421;1.004.377;92.500
46.130.000;107.114;0.0912;705.816;880.150;26.793;1.072.858;1.045.176;92.500
46.135.000;107.074;0.0983;707.641;882.860;26.982;1.132.966;1.102.922;92.500
46.140.000;107.035;0.1054;706.796;882.740;27.002;1.101.225;1.072.415;92.500
46.145.000;106.996;0.1125;703.096;875.180;26.869;1.068.911;1.041.342;92.500
46.150.000;106.957;0.1204;697.878;867.630;26.734;1.031.333;1.005.189;92.500
46.155.000;106.917;0.1121;691.720;855.770;26.736;964.124;940.482;92.500
46.160.000;106.878;0.1036;684.813;833.920;26.837;899.115;877.820;92.500
46.165.000;106.839;0.1008;678.011;820.660;26.874;815.315;796.939;92.500
46.170.000;106.799;0.0969;672.965;813.100;26.824;736.634;720.877;92.500
46.175.000;106.760;0.0894;668.863;809.420;26.599;665.546;652.045;92.500
46.180.000;106.721;0.0818;666.249;809.360;26.417;601.319;589.760;92.500
46.185.000;106.681;0.0752;665.354;809.300;26.506;489.858;483.068;92.500
46.190.000;106.642;0.0922;666.172;811.270;26.344;387.071;384.168;92.500
46.195.000;106.603;0.1047;668.766;815.260;26.168;328.478;327.025;92.500
46.200.000;106.564;0.0993;672.831;827.350;26.148;325.123;323.723;92.500
46.205.000;106.525;0.0895;678.282;833.570;26.500;367.135;364.877;92.500
46.210.000;106.507;0.0751;685.148;842.610;26.723;481.056;474.584;92.500
46.215.000;106.525;0.0605;691.734;854.510;26.783;630.326;617.840;92.500
46.220.000;106.543;0.0593;697.281;870.820;26.853;825.913;807.079;92.500
46.225.000;106.562;0.0626;701.839;887.840;26.839;995.749;970.812;92.500
46.230.000;106.580;0.0568;704.971;902.310;26.631;1.096.044;1.067.279;92.500
46.235.000;106.598;0.0623;707.088;919.840;26.534;1.206.441;1.173.286;92.500
46.240.000;106.616;0.0724;708.173;942.240;26.640;1.254.277;1.219.168;92.500
46.245.000;106.635;0.0990;708.502;960.540;26.550;1.021.426;995.545;92.500
46.250.000;106.653;0.1287;709.568;988.610;26.614;789.933;772.356;92.500
46.255.000;106.671;0.1601;709.299;1.026.010;26.846;558.068;548.323;92.500
46.260.000;106.689;0.1915;708.891;1.063.410;27.727;394.260;391.114;92.500
46.265.000;106.707;0.2050;707.379;1.070.810;27.185;343.672;341.956;92.500
46.270.000;106.726;0.1960;701.965;1.040.300;26.282;373.398;370.970;92.500
46.275.000;106.744;0.1704;694.177;936.620;26.415;445.652;440.631;92.500
46.280.000;106.762;0.1260;684.524;861.610;26.708;530.762;522.249;92.500
46.285.000;106.780;0.0836;674.331;809.530;26.866;786.929;769.489;92.500
46.290.000;106.798;0.0710;666.760;777.630;27.001;1.154.115;1.123.128;92.500
46.295.000;106.817;0.0630;659.698;756.680;27.043;1.500.164;1.454.573;92.500
46.300.000;106.835;0.0437;655.807;744.380;26.833;2.230.198;2.158.606;92.500
46.305.000;106.853;0.0191;658.823;740.970;26.621;3.621.239;3.476.322;92.500
46.310.000;106.871;0.0272;667.194;753.070;26.547;5.280.330;5.068.503;92.500
46.315.000;106.889;0.0393;677.577;790.550;26.660;2.939.362;2.840.947;92.500
46.320.000;106.900;0.0577;687.740;850.470;26.810;1.242.732;1.208.189;92.500
46.325.000;106.900;0.0770;695.188;895.440;27.145;1.096.694;1.068.002;92.500
46.330.000;106.900;0.0880;698.395;923.030;27.361;1.023.388;997.512;92.500
46.335.000;106.900;0.0683;700.265;908.920;27.116;1.243.528;1.208.951;92.500
46.340.000;106.900;0.0478;701.035;869.520;26.781;1.595.867;1.546.488;92.500
46.345.000;106.900;0.0462;699.884;828.380;26.693;2.025.737;1.961.517;92.500
46.350.000;106.900;0.0625;699.297;837.680;26.808;1.550.199;1.502.395;92.500
46.355.000;106.900;0.0770;699.534;868.160;26.910;1.191.013;1.158.576;92.500
46.360.000;106.900;0.0896;701.990;887.660;26.848;1.099.728;1.070.916;92.500
46.365.000;106.925;0.0936;707.111;895.090;26.989;1.001.764;976.708;92.500
46.370.000;106.963;0.1097;711.071;898.240;26.968;860.627;840.703;92.500
46.375.000;107.002;0.1309;710.324;898.170;27.125;739.374;723.569;92.500
46.380.000;107.041;0.1396;703.334;897.080;26.963;621.780;609.678;92.500
46.385.000;107.079;0.1207;688.770;884.620;26.985;634.569;622.090;92.500
46.390.000;107.118;0.0891;671.191;858.250;26.851;791.787;774.275;92.500
46.395.000;107.156;0.0563;651.954;776.350;26.647;1.313.762;1.276.347;92.500
46.400.000;107.195;0.0151;632.752;573.860;26.543;2.168.050;2.098.821;92.500
46.405.000;107.233;0.0095;613.977;551.320;26.803;3.468.651;3.337.741;92.500
46.410.000;107.272;0.0083;598.535;539.090;26.926;4.420.471;4.243.339;92.500
46.415.000;107.310;0.0087;588.778;539.020;26.879;3.913.819;3.756.999;92.500
46.420.000;107.349;0.0119;585.254;538.970;26.922;3.559.084;3.419.942;92.500
46.425.000;107.387;0.0135;583.768;538.910;26.751;3.235.712;3.125.464;92.500
46.430.000;107.426;0.0152;582.965;538.840;26.728;2.964.064;2.864.789;92.500
46.435.000;107.465;0.0169;581.519;538.780;26.881;2.804.085;2.711.073;92.500
46.440.000;107.500;0.0170;579.780;532.640;26.803;2.908.224;2.811.158;92.500
46.445.000;107.500;0.0159;577.131;531.410;26.843;2.991.601;2.891.253;92.500
46.450.000;107.500;0.0151;575.165;523.860;26.899;2.425.356;2.346.765;92.500
46.455.000;107.500;0.0196;573.223;512.310;26.841;2.083.316;2.017.230;92.500
46.460.000;107.500;0.0235;570.619;495.920;26.653;2.006.857;1.943.496;92.500
46.465.000;107.500;0.0185;568.297;489.040;26.530;2.201.429;2.131.082;92.500
46.470.000;107.500;0.0147;567.274;481.490;26.739;2.397.007;2.319.474;92.500
46.475.000;107.500;0.0147;566.818;481.080;26.896;2.677.385;2.589.271;92.500
46.480.000;107.500;0.0175;566.751;489.600;26.900;2.578.967;2.494.604;92.500
46.485.000;107.500;0.0170;566.794;495.940;26.748;2.509.565;2.427.824;92.500
46.490.000;107.500;0.0171;567.415;503.370;26.908;2.604.130;2.518.813;92.500
46.495.000;107.500;0.0193;568.191;507.660;26.882;2.323.134;2.248.336;92.500
46.500.000;107.500;0.0219;568.744;507.600;26.682;2.071.899;2.006.223;92.500
46.505.000;107.500;0.0231;566.668;507.540;26.691;1.655.295;1.604.113;92.500
46.510.000;107.500;0.0251;564.071;500.090;26.685;1.640.059;1.589.391;92.500
46.515.000;107.500;0.0251;561.444;489.820;26.581;1.793.307;1.737.413;92.500
46.520.000;107.500;0.0292;558.374;478.910;26.821;1.991.576;1.928.757;92.500
46.525.000;107.500;0.0330;555.727;464.740;26.743;1.689.500;1.637.158;92.500
46.530.000;107.498;0.0396;553.884;465.560;26.819;1.420.528;1.378.655;92.500
46.535.000;107.511;0.0462;551.938;470.700;26.881;1.194.377;1.161.996;92.500
46.540.000;107.731;0.0525;551.457;474.350;26.817;1.071.817;1.044.348;92.500
46.545.000;107.945;0.0556;551.390;476.660;26.923;1.126.489;1.096.960;92.500
46.550.000;108.103;0.0517;551.108;476.600;26.627;1.189.807;1.157.808;92.500
46.555.000;108.100;0.0496;550.653;476.530;26.420;1.254.627;1.219.983;92.500
46.560.000;108.100;0.0532;550.326;476.470;26.355;1.176.297;1.144.839;92.500
46.565.000;108.110;0.0491;549.718;470.320;26.549;1.122.529;1.093.209;92.500
46.570.000;108.154;0.0418;549.267;470.260;26.591;1.209.511;1.176.730;92.500
46.575.000;108.196;0.0331;548.673;466.450;26.671;1.409.942;1.368.762;92.500
46.580.000;108.238;0.0283;547.886;461.220;26.771;1.629.943;1.579.862;92.500
46.585.000;108.281;0.0272;546.897;453.660;26.834;1.729.784;1.676.328;92.500
46.590.000;108.323;0.0317;545.809;445.710;26.752;1.749.733;1.695.607;92.500
46.595.000;108.365;0.0335;544.248;439.570;26.720;1.481.435;1.437.182;92.500
46.600.000;108.408;0.0319;542.977;437.090;26.687;1.414.498;1.373.191;92.500
46.605.000;108.450;0.0419;542.163;433.370;26.782;1.495.198;1.450.364;92.500
46.610.000;108.492;0.0414;541.326;427.230;26.678;1.422.072;1.380.464;92.500
46.615.000;108.534;0.0387;540.460;420.500;26.941;1.375.797;1.336.200;92.500
46.620.000;108.577;0.0375;539.374;412.950;27.223;1.435.724;1.393.550;92.500
46.625.000;108.619;0.0362;537.620;405.400;27.100;1.499.814;1.454.831;92.500
46.630.000;108.661;0.0349;535.962;396.590;27.081;1.565.954;1.518.160;92.500
46.635.000;108.704;0.0339;533.969;384.040;27.135;1.458.455;1.415.327;92.500
46.640.000;108.746;0.0376;531.103;369.000;27.011;1.336.472;1.298.621;92.500
46.645.000;108.788;0.0312;528.388;353.950;27.232;1.208.730;1.176.188;92.500
46.650.000;108.830;0.0235;525.718;338.910;27.444;1.383.634;1.343.799;92.500
46.655.000;108.873;0.0103;522.923;317.260;27.338;1.907.929;1.848.492;92.500
46.660.000;108.915;0.0014;520.968;302.730;27.468;3.402.697;3.277.893;92.500
46.665.000;108.957;-0.0025;519.324;287.690;27.593;7.048.755;6.767.125;92.500
46.670.000;109.000;-0.0010;518.714;280.610;27.420;2.149.469;11.664.069;92.500
46.675.000;109.042;0.0006;519.452;286.620;27.464;8.929.271;8.572.547;92.500
46.680.000;109.085;0.0022;521.349;306.980;27.114;7.196.654;6.909.163;92.500
46.685.000;109.100;0.0036;524.269;329.410;26.974;5.715.301;5.487.001;92.500
46.690.000;109.100;0.0036;529.621;351.820;27.084;3.991.234;3.831.811;92.500
46.695.000;109.099;0.0031;534.727;377.560;27.174;3.302.410;3.186.558;92.500
46.700.000;109.152;0.0008;540.331;389.970;27.134;3.305.779;3.189.635;92.500
46.705.000;109.233;-0.0016;544.281;397.400;27.102;4.212.094;4.043.878;92.500
46.710.000;109.315;-0.0025;547.540;401.700;27.258;9.803.599;9.412.102;92.500
46.715.000;109.398;-0.0025;549.258;401.640;27.035;8.943.762;18.187.302;92.500
46.720.000;109.480;0.0002;550.947;401.580;26.913;9.433.479;18.657.509;92.500
46.725.000;109.562;0.0027;552.516;408.890;26.857;9.915.756;19.120.573;92.500
46.730.000;109.644;0.0071;555.828;421.720;27.077;8.894.749;8.539.626;92.500
46.735.000;109.726;0.0111;561.241;448.270;26.974;4.491.392;4.312.083;92.500
46.740.000;109.809;0.0242;570.083;498.600;26.791;2.380.083;2.303.808;92.500
46.745.000;109.891;0.0421;580.294;555.880;26.641;1.261.256;1.226.929;92.500
46.750.000;109.973;0.0600;593.609;621.580;26.676;1.115.013;1.086.590;92.500
46.755.000;110.055;0.0696;608.302;662.770;26.806;1.032.895;1.007.653;92.500
46.760.000;110.137;0.0742;624.188;698.960;26.514;1.099.292;1.071.535;92.500
46.765.000;110.219;0.0800;640.493;737.580;26.621;1.219.959;1.187.433;92.500
46.770.000;110.302;0.0833;653.166;775.000;26.804;1.032.449;1.007.303;92.500
46.775.000;110.384;0.0858;662.577;809.130;27.152;869.676;850.460;92.500
46.780.000;110.466;0.0943;666.198;829.670;27.322;746.780;731.711;92.500
46.785.000;110.519;0.1028;665.722;835.420;26.290;687.621;674.437;92.500
46.790.000;110.551;0.0944;665.020;814.480;26.580;721.594;707.354;92.500
46.795.000;110.583;0.0678;661.964;741.090;26.890;964.293;941.765;92.500
46.800.000;110.616;0.0344;663.285;711.850;27.020;1.854.521;1.797.513;92.500
46.805.000;110.648;0.0143;667.499;728.810;26.950;3.817.538;3.665.253;92.500
46.810.000;110.680;0.0075;672.969;785.340;26.665;46.344;9.645.610;92.500
46.815.000;110.712;0.0144;681.492;880.490;26.301;3.433.166;3.305.752;92.500
46.820.000;110.744;0.0478;690.174;947.700;26.523;1.308.540;1.272.528;92.500
46.825.000;110.777;0.0900;688.420;1.007.580;26.518;114.138;110.239;92.500
46.830.000;110.809;0.1298;679.968;1.038.540;25.592;13.506;13.936;92.500
46.835.000;110.841;0.1729;665.124;1.008.080;25.919;17.546;17.986;92.500
46.840.000;110.873;0.1388;648.304;740.770;26.562;63.535;49.746;92.500
46.845.000;110.905;0.0520;632.152;643.970;26.947;230.834;188.807;92.500
46.850.000;110.937;0.0483;618.215;624.620;27.082;827.906;705.920;92.500
46.855.000;110.970;0.0615;604.789;618.770;26.927;1.487.756;1.390.898;92.500
46.860.000;111.002;0.0729;599.350;618.720;26.977;1.084.418;934.930;92.500
46.865.000;111.034;0.0833;598.289;624.750;26.950;939.112;804.992;92.500
46.870.000;111.066;0.0864;597.540;624.680;26.993;924.578;792.034;92.500
46.875.000;111.098;0.0732;596.955;624.620;26.725;915.899;784.302;92.500
46.880.000;111.131;0.0629;596.453;624.560;26.811;983.038;844.241;92.500
46.885.000;111.163;0.0525;595.838;611.410;26.924;1.105.029;953.445;92.500
46.890.000;111.195;0.0441;595.892;603.860;27.009;1.242.158;1.076.603;92.500
46.895.000;111.227;0.0359;596.762;600.060;26.774;1.467.799;1.363.583;92.500
46.900.000;111.259;0.0343;599.789;606.070;26.853;1.595.186;1.540.406;92.500
46.905.000;111.293;0.0413;605.841;619.170;26.691;1.531.436;1.451.394;92.500
46.910.000;111.293;0.0461;613.210;639.860;26.813;1.438.945;1.324.171;92.500
46.915.000;111.284;0.0536;623.030;680.580;27.023;1.159.079;1.001.963;92.500
46.920.000;111.274;0.0676;636.905;721.330;27.163;945.977;811.172;92.500
46.925.000;111.265;0.0815;653.179;739.880;27.091;773.115;657.337;92.500
46.930.000;111.255;0.0954;668.687;781.740;26.970;630.351;531.105;92.500
46.935.000;111.246;0.1099;681.852;838.750;27.061;551.603;463.245;92.500
46.940.000;111.237;0.1098;692.377;888.980;27.115;497.608;417.018;92.500
46.945.000;111.227;0.1052;701.431;939.880;26.716;479.427;401.465;92.500
46.950.000;111.218;0.0966;707.501;937.700;26.716;501.989;420.760;92.500
46.955.000;111.208;0.0878;709.423;922.650;26.661;545.684;458.163;92.500
46.960.000;111.199;0.0792;708.681;907.600;26.749;643.819;542.955;92.500
46.965.000;111.189;0.0724;708.643;884.920;26.564;774.498;658.533;92.500
46.970.000;111.180;0.0648;708.867;872.060;26.708;931.728;798.414;92.500
46.975.000;111.171;0.0600;709.072;866.570;26.672;1.154.115;997.448;92.500
46.980.000;111.161;0.0658;709.605;869.970;26.723;1.081.774;932.566;92.500
46.985.000;111.152;0.0744;710.266;890.750;26.821;924.408;791.872;92.500
46.990.000;111.142;0.0880;710.134;921.940;26.776;932.995;799.527;92.500
46.995.000;111.133;0.1036;709.614;946.980;27.027;592.473;498.235;92.500
47.000.000;111.124;0.1208;707.520;948.330;26.897;516.339;433.012;92.500
47.005.000;111.114;0.1119;701.836;936.320;26.609;465.105;389.189;92.500
47.010.000;111.105;0.0937;694.339;914.770;26.354;401.402;334.797;92.500
47.015.000;111.113;0.0776;685.897;857.670;26.292;351.931;292.554;92.500
47.020.000;111.139;0.0816;678.502;810.370;26.388;317.764;263.179;92.500
47.025.000;111.165;0.0792;671.520;784.960;26.505;296.406;244.866;92.500
47.030.000;111.191;0.0685;665.607;774.710;26.644;349.182;290.200;92.500
47.035.000;111.216;0.0648;662.203;781.500;26.517;461.335;385.984;92.500
47.040.000;111.242;0.0771;661.556;788.930;26.454;553.329;464.705;92.500
47.045.000;111.268;0.0855;660.703;792.770;26.604;610.633;513.829;92.500
47.050.000;111.294;0.0953;658.298;792.700;26.957;572.152;480.843;92.500
47.055.000;111.320;0.1067;652.804;791.960;26.652;539.795;453.128;92.500
47.060.000;111.346;0.1176;646.262;773.370;26.294;521.036;437.071;92.500
47.065.000;111.372;0.0950;637.190;740.170;26.561;638.588;538.365;92.500
47.070.000;111.397;0.0686;627.097;695.190;26.928;883.074;755.077;92.500
47.075.000;111.423;0.0438;618.055;670.820;26.862;1.229.018;1.064.781;92.500
47.080.000;111.449;0.0399;610.817;626.870;26.980;1.467.799;1.363.560;92.500
47.085.000;111.475;0.0436;605.568;622.070;26.958;1.313.997;1.156.204;92.500
47.090.000;111.501;0.0471;602.673;626.170;27.006;1.208.730;1.046.561;92.500
47.095.000;111.527;0.0421;599.874;628.020;26.933;1.242.732;1.077.138;92.500
47.100.000;111.553;0.0336;598.435;627.050;27.006;1.373.889;1.236.141;92.500
47.105.000;111.578;0.0304;596.299;619.500;26.859;1.522.626;1.439.169;92.500
47.110.000;111.604;0.0306;592.933;604.470;27.024;1.669.747;1.645.849;92.500
47.115.000;111.630;0.0315;589.712;585.220;27.230;1.733.628;1.737.260;92.500
47.120.000;111.656;0.0337;587.308;559.870;27.317;1.468.614;1.364.749;92.500
47.125.000;111.682;0.0359;585.979;548.630;27.139;1.316.064;1.159.014;92.500
47.130.000;111.683;0.0363;588.533;555.190;27.044;1.265.930;1.098.042;92.500
47.135.000;111.619;0.0324;592.301;578.890;26.862;1.381.960;1.247.002;92.500
47.140.000;111.556;0.0272;596.285;597.260;26.933;1.653.489;1.622.696;92.500
47.145.000;111.498;0.0231;602.018;619.690;26.706;2.027.689;2.169.591;92.500
47.150.000;111.624;0.0334;606.851;639.210;26.680;1.473.186;1.370.983;92.500
47.155.000;111.800;0.0510;610.094;654.130;26.821;1.063.523;916.348;92.500
47.160.000;111.976;0.0692;612.281;669.780;27.022;768.462;653.343;92.500
47.165.000;112.153;0.0769;610.835;669.730;26.653;609.734;513.244;92.500
47.170.000;112.330;0.0821;608.857;667.200;26.521;545.692;458.383;92.500
47.175.000;112.507;0.0821;606.445;659.650;26.855;595.249;500.901;92.500
47.180.000;112.681;0.0868;601.916;645.220;26.529;656.734;554.672;92.500
47.185.000;112.665;0.0813;598.018;631.770;26.731;762.290;648.050;92.500
47.190.000;112.624;0.0680;594.296;612.650;26.531;943.006;808.832;92.500
47.195.000;112.584;0.0494;590.165;586.050;26.708;1.217.417;1.054.665;92.500
47.200.000;112.543;0.0327;586.221;559.870;26.653;1.587.408;1.529.893;92.500
47.205.000;112.505;0.0226;582.722;547.260;26.745;2.083.398;2.253.921;92.500
47.210.000;112.711;0.0161;579.807;533.830;26.856;2.734.362;3.217.521;92.500
47.215.000;112.946;0.0175;578.315;526.280;27.015;3.086.012;3.511.525;92.500
47.220.000;113.183;0.0195;578.065;523.160;26.908;3.104.330;3.526.540;92.500
47.225.000;113.335;0.0232;578.732;523.100;27.064;2.909.748;3.365.732;92.500
47.230.000;113.456;0.0272;580.831;539.940;27.144;2.539.647;2.962.044;92.500
47.235.000;113.576;0.0357;583.851;564.650;27.223;2.032.883;2.178.297;92.500
47.240.000;113.696;0.0459;586.550;583.580;27.259;1.471.665;1.369.831;92.500
47.245.000;113.816;0.0529;590.852;595.800;27.329;1.091.824;942.287;92.500
47.250.000;113.962;0.0569;594.377;601.830;26.992;1.046.516;901.742;92.500
47.255.000;114.174;0.0462;597.655;601.760;26.846;1.081.774;933.386;92.500
47.260.000;114.384;0.0299;600.352;601.700;26.778;1.338.187;1.189.593;92.500
47.265.000;114.595;0.0237;602.314;595.550;26.837;1.693.027;1.680.394;92.500
47.270.000;114.805;0.0213;605.398;595.500;26.642;2.184.527;2.408.705;92.500
47.275.000;115.016;0.0233;609.520;595.440;26.588;2.101.309;2.282.132;92.500
47.280.000;115.226;0.0251;613.278;601.710;26.644;1.915.000;2.003.417;92.500
47.285.000;115.437;0.0267;617.292;616.620;26.604;1.745.209;1.755.667;92.500
47.290.000;115.647;0.0291;621.559;643.890;26.678;1.589.284;1.533.974;92.500
47.295.000;115.858;0.0377;627.796;668.690;26.676;1.517.895;1.434.555;92.500
47.300.000;116.068;0.0518;636.507;700.610;26.823;1.408.443;1.284.752;92.500
47.305.000;116.279;0.0652;649.716;723.040;26.780;1.249.598;1.084.718;92.500
47.310.000;116.488;0.0902;661.983;753.070;26.872;879.277;753.081;92.500
47.315.000;116.696;0.1156;673.314;786.260;27.025;624.936;527.590;92.500
47.320.000;116.904;0.1470;684.708;856.550;26.776;395.671;330.945;92.500
47.325.000;117.113;0.1782;694.957;908.970;26.437;339.382;282.762;92.500
47.330.000;117.321;0.2025;703.577;941.270;26.308;310.472;257.938;92.500
47.335.000;117.529;0.2113;709.112;935.140;26.390;344.801;287.499;92.500
47.340.000;117.738;0.1849;709.462;931.310;26.902;391.349;327.404;92.500
47.345.000;117.946;0.1540;710.013;916.260;27.141;445.240;373.526;92.500
47.350.000;118.154;0.1364;710.792;898.470;27.030;466.310;391.605;92.500
47.355.000;118.348;0.1421;711.355;892.340;26.837;425.966;357.112;92.500
47.360.000;118.505;0.1464;710.199;896.660;26.656;392.079;328.166;92.500
47.365.000;118.663;0.1376;707.915;919.060;26.736;366.655;306.476;92.500
47.370.000;118.821;0.1443;704.734;937.200;26.757;373.453;312.309;92.500
47.375.000;118.979;0.1553;701.167;952.880;26.298;380.471;318.332;92.500
47.380.000;119.137;0.1589;697.988;958.910;25.897;322.521;268.596;92.500
47.385.000;119.295;0.1284;694.796;956.400;25.312;271.125;224.517;92.500
47.390.000;119.453;0.1081;691.899;944.990;25.017;181.911;148.027;92.500
47.395.000;119.590;0.1001;689.510;934.400;25.100;122.366;97.514;92.500
47.400.000;119.719;0.0953;688.290;914.290;25.186;91.167;72.318;92.500
47.405.000;119.848;0.0831;688.616;893.770;25.271;79.727;63.221;92.500
47.410.000;119.978;0.0668;689.097;878.720;25.003;116.139;92.324;92.500
47.415.000;120.106;0.0523;689.601;861.210;24.542;218.275;179.328;92.500
47.420.000;120.233;0.0688;691.340;848.810;23.809;452.404;380.059;92.500
47.425.000;120.305;0.1018;693.466;841.260;23.054;681.292;578.174;92.500
47.430.000;120.773;0.1557;696.513;836.720;21.407;381.866;319.701;92.500
47.435.000;122.431;0.2241;699.706;845.510;21.755;309.517;257.571;92.500
47.440.000;123.892;0.2862;701.776;854.830;22.929;274.833;227.832;92.500
47.445.000;122.710;0.2462;703.156;848.690;25.695;274.762;227.762;92.500
47.450.000;120.349;0.1927;703.439;843.470;26.719;366.988;306.986;92.500
47.455.000;120.157;0.1417;702.603;832.410;27.046;493.231;415.039;92.500
47.460.000;120.231;0.1134;702.230;824.190;27.127;493.462;415.236;92.500
47.465.000;120.305;0.1196;701.036;825.610;26.641;440.506;369.863;92.500
47.470.000;120.365;0.1154;698.882;838.390;26.360;399.590;334.850;92.500
47.475.000;120.424;0.1088;694.442;845.820;26.311;362.474;303.128;92.500
47.480.000;120.483;0.1012;688.434;848.270;26.015;328.806;274.143;92.500
47.485.000;120.499;0.0960;680.507;847.560;25.590;241.915;199.655;92.500
47.490.000;120.500;0.1023;668.880;825.590;24.940;136.311;109.318;92.500
47.495.000;120.508;0.1206;651.714;783.720;24.732;74.532;59.101;92.500
47.500.000;120.669;0.1462;633.240;741.650;24.541;40.753;31.773;92.500
47.505.000;120.595;0.1717;614.851;695.990;24.206;28.041;21.348;92.500
47.510.000;119.592;0.1976;598.528;660.290;23.940;25.900;19.592;92.500
47.515.000;118.585;0.2060;585.033;635.710;23.946;24.409;18.357;92.500
47.520.000;117.574;0.1973;574.664;616.540;23.978;26.716;20.188;92.500
47.525.000;117.206;0.1838;566.128;592.400;24.080;28.607;21.708;92.500
47.530.000;117.375;0.1720;561.617;577.550;24.110;30.239;23.041;92.500
47.535.000;117.307;0.1597;559.785;557.290;24.110;31.193;23.816;92.500
47.540.000;116.709;0.1573;561.950;545.960;24.230;32.213;24.625;92.500
47.545.000;116.121;0.1456;566.778;537.440;24.696;41.909;29.237;92.500
47.550.000;116.458;0.1123;571.678;531.310;25.200;131.069;97.778;92.500
47.555.000;117.107;0.0695;576.796;533.110;25.574;429.013;340.121;92.500
47.560.000;117.758;0.0332;583.008;540.550;25.870;559.892;447.591;92.500
47.565.000;118.029;0.0215;589.613;543.280;25.765;340.483;266.903;92.500
47.570.000;117.561;0.0324;594.539;549.330;25.862;225.229;171.457;92.500
47.575.000;117.115;0.0503;595.717;558.200;25.633;177.540;133.408;92.500
47.580.000;117.350;0.0682;596.759;573.130;25.357;145.254;108.705;92.500
47.585.000;117.551;0.0861;597.863;588.060;25.484;117.749;87.728;92.500
47.590.000;117.279;0.1032;598.740;597.690;25.255;107.081;79.582;92.500
47.595.000;117.061;0.0788;599.709;610.800;25.083;104.039;77.250;92.500
47.600.000;116.843;0.0962;600.756;615.810;24.918;91.462;67.579;92.500
47.605.000;116.626;0.1036;601.987;615.740;25.015;95.941;71.064;92.500
47.610.000;116.503;0.0984;603.021;615.680;24.885;107.108;79.533;92.500
47.615.000;116.385;0.0867;602.771;615.030;25.125;101.008;74.889;92.500
47.620.000;116.253;0.0784;601.669;607.470;25.312;97.797;72.441;92.500
47.625.000;115.997;0.0844;600.326;603.340;25.139;103.329;76.617;92.500
47.630.000;115.860;0.0964;599.633;603.270;25.117;94.846;70.166;92.500
47.635.000;115.730;0.1117;597.182;603.560;25.031;90.747;66.921;92.500
47.640.000;115.601;0.1269;593.988;618.480;24.818;95.924;70.966;92.500
47.645.000;115.472;0.1422;591.052;633.410;24.526;77.331;56.381;92.500
47.650.000;115.339;0.1574;589.200;639.510;24.514;67.253;48.541;92.500
47.655.000;115.236;0.1704;587.710;645.530;24.577;62.112;44.567;92.500
47.660.000;114.960;0.1616;585.310;639.390;24.683;68.080;49.155;92.500
47.665.000;114.696;0.1389;583.434;639.330;24.881;75.613;54.984;92.500
47.670.000;114.430;0.1512;583.549;639.270;24.714;76.192;55.416;92.500
47.675.000;114.303;0.1673;585.635;639.200;24.474;70.866;51.268;92.500
47.680.000;114.301;0.1777;588.745;658.840;24.380;57.973;41.331;92.500
47.685.000;114.297;0.1791;591.153;675.910;24.328;54.348;38.561;92.500
47.690.000;114.087;0.1796;594.631;694.770;24.506;53.788;38.122;92.500
47.695.000;113.857;0.1787;598.400;711.910;24.433;52.878;37.416;92.500
47.700.000;113.684;0.1713;601.483;711.850;24.625;51.751;36.549;92.500
47.705.000;113.582;0.1801;603.780;710.080;24.768;51.098;36.048;92.500
47.710.000;113.477;0.1764;605.776;705.650;24.676;55.961;39.744;92.500
47.715.000;113.373;0.1695;607.085;701.050;24.967;62.667;44.875;92.500
47.720.000;113.269;0.1553;607.545;699.450;25.054;71.353;51.572;92.500
47.725.000;113.166;0.1376;608.820;699.390;24.990;67.473;48.564;92.500
47.730.000;113.101;0.1534;611.587;704.740;24.692;62.831;44.983;92.500
47.735.000;113.008;0.1784;614.941;715.550;24.781;58.508;41.662;92.500
47.740.000;112.890;0.1698;620.404;723.520;25.059;55.588;39.425;92.500
47.745.000;112.772;0.1471;625.891;730.410;25.582;83.501;60.992;92.500
47.750.000;112.713;0.1231;632.695;740.120;25.703;121.565;90.166;92.500
47.755.000;112.749;0.1047;639.734;751.350;25.626;176.982;132.452;92.500
47.760.000;112.784;0.0993;646.394;759.750;25.518;201.008;151.087;92.500
47.765.000;112.819;0.0971;652.876;772.730;25.817;181.567;135.971;92.500
47.770.000;112.854;0.1036;659.487;785.810;26.106;189.474;142.034;92.500
47.775.000;112.889;0.1126;665.049;796.500;26.194;201.846;151.779;92.500
47.780.000;112.924;0.1186;670.819;808.130;26.294;218.453;165.267;92.500
47.785.000;112.960;0.1226;674.885;820.240;26.495;214.133;161.758;92.500
47.790.000;112.995;0.1248;676.563;821.610;26.889;210.520;158.827;92.500
47.795.000;113.030;0.0946;674.162;826.200;27.259;411.970;325.426;92.500
47.800.000;113.065;0.0696;667.216;813.370;27.307;674.657;540.980;92.500
47.805.000;113.100;0.0345;656.832;777.440;27.165;1.104.841;898.556;92.500
47.810.000;113.135;0.0191;644.921;711.580;27.250;1.809.326;1.510.239;92.500
47.815.000;113.170;0.0254;631.294;666.800;27.372;2.204.822;1.858.105;92.500
47.820.000;113.205;0.0319;618.706;629.780;27.449;1.635.074;1.357.937;92.500
47.825.000;113.240;0.0383;608.968;619.140;27.475;1.325.936;1.089.262;92.500
47.830.000;113.275;0.0419;601.897;613.010;27.087;1.242.175;1.016.870;92.500
47.835.000;113.298;0.0392;598.343;610.960;27.026;1.318.574;1.082.904;92.500
47.840.000;113.414;0.0384;597.394;603.410;27.085;1.427.296;1.177.162;92.500
47.845.000;113.574;0.0465;598.170;600.660;26.844;1.467.799;1.212.383;92.500
47.850.000;113.735;0.0573;600.812;613.230;26.750;1.042.619;845.774;92.500
47.855.000;113.896;0.0681;604.545;637.180;26.653;823.326;663.978;92.500
47.860.000;114.060;0.0760;609.067;664.130;26.556;707.906;568.631;92.500
47.865.000;114.223;0.0757;613.326;682.150;26.490;681.426;546.823;92.500
47.870.000;114.391;0.0778;618.504;691.550;26.651;671.119;538.363;92.500
47.875.000;114.558;0.0853;622.631;697.580;26.697;584.975;467.465;92.500
47.880.000;114.726;0.0872;624.455;697.510;26.249;500.872;398.446;92.500
47.885.000;114.896;0.0786;624.178;701.410;26.007;411.827;325.637;92.500
47.890.000;115.039;0.0731;620.568;697.380;25.438;341.439;267.178;92.500
47.895.000;115.182;0.0725;613.448;689.810;25.027;284.720;220.011;92.500
47.900.000;115.326;0.0800;604.760;662.000;24.807;149.272;111.548;92.500
47.905.000;115.469;0.1003;593.055;602.010;24.743;84.321;61.844;92.500
47.910.000;115.613;0.1376;581.046;563.400;24.467;67.111;48.445;92.500
47.915.000;115.757;0.1489;571.172;545.110;24.288;53.627;38.091;92.500
47.920.000;115.899;0.1607;562.997;545.050;24.216;44.524;31.191;92.500
47.925.000;115.984;0.1681;557.458;548.100;24.377;46.631;32.787;92.500
47.930.000;116.069;0.1597;555.476;555.530;24.236;44.704;31.335;92.500
47.935.000;116.129;0.1652;555.671;563.100;24.189;39.368;27.328;92.500
47.940.000;116.202;0.1747;557.603;570.390;24.347;34.687;23.849;92.500
47.945.000;116.274;0.1764;559.960;575.140;24.469;37.008;25.571;92.500
47.950.000;116.346;0.1690;562.748;575.080;24.788;44.132;30.917;92.500
47.955.000;116.417;0.1604;564.503;568.930;25.234;56.398;40.247;92.500
47.960.000;116.485;0.1364;565.268;561.950;25.491;79.124;57.852;92.500
47.965.000;116.684;0.0876;566.741;554.390;25.619;104.028;77.201;92.500
47.970.000;116.899;0.0907;568.582;543.160;25.730;110.924;82.463;92.500
47.975.000;117.115;0.0952;579.896;532.210;25.731;121.813;90.774;92.500
47.980.000;117.331;0.0900;581.760;526.080;25.491;138.858;103.803;92.500
47.985.000;117.545;0.0904;579.273;526.020;25.217;110.302;82.048;92.500
47.990.000;117.701;0.1060;579.864;529.210;24.831;84.668;62.292;92.500
47.995.000;117.776;0.1313;579.243;544.120;24.565;64.975;46.934;92.500
48.000.000;117.845;0.1567;579.289;550.150;24.780;50.998;36.200;92.500
48.005.000;118.107;0.1575;578.307;563.910;24.984;42.121;29.484;92.500
48.010.000;118.040;0.1605;569.828;577.680;25.052;43.306;30.374;92.500
48.015.000;117.989;0.1607;572.885;591.440;25.161;45.576;32.088;92.500
48.020.000;117.937;0.1569;578.531;605.200;25.348;47.962;33.894;92.500
48.025.000;117.900;0.1594;583.722;618.050;25.514;61.244;44.060;92.500
48.030.000;117.933;0.1683;587.874;623.010;25.754;79.759;58.457;92.500
48.035.000;117.968;0.1606;591.878;630.940;25.997;103.733;77.088;92.500
48.040.000;118.005;0.1636;594.369;647.290;25.752;126.786;94.652;92.500
48.045.000;118.043;0.1671;596.711;654.130;25.317;133.815;100.022;92.500
48.050.000;118.079;0.1709;612.661;663.830;25.469;87.186;64.302;92.500
48.055.000;117.923;0.1683;633.974;671.570;24.839;63.759;46.003;92.500
48.060.000;116.454;0.1628;634.190;659.390;24.285;46.627;32.806;92.500
48.065.000;114.971;0.1585;632.018;645.920;23.973;35.661;24.522;92.500
48.070.000;113.526;0.1642;627.498;623.350;23.865;32.877;22.408;92.500
48.075.000;113.278;0.1705;620.074;600.790;23.783;31.319;21.254;92.500
48.080.000;113.408;0.1729;621.273;574.220;23.828;33.126;22.587;92.500
48.085.000;113.603;0.1717;611.831;568.030;23.895;31.070;21.083;92.500
48.090.000;113.562;0.1820;609.637;560.500;24.072;29.198;19.712;92.500
48.095.000;112.863;0.1949;634.279;555.940;24.253;27.439;18.410;92.500
48.100.000;112.006;0.2042;656.017;555.930;24.273;25.564;17.028;92.500
48.105.000;111.089;0.2139;673.556;555.910;23.787;26.082;17.376;92.500
48.110.000;110.760;0.2225;674.020;555.900;23.753;26.527;17.687;92.500
48.115.000;110.509;0.2183;663.886;558.520;23.993;25.134;16.677;92.500
48.120.000;110.588;0.2121;651.763;566.020;24.194;24.184;15.998;92.500
48.125.000;111.026;0.2061;630.954;580.170;24.660;28.301;18.979;92.500
48.130.000;111.833;0.2029;611.574;593.180;25.132;26.283;17.542;92.500
48.135.000;112.645;0.1884;598.555;605.280;25.944;35.172;26.420;92.500
48.140.000;113.464;0.1637;593.683;627.810;26.230;93.017;79.388;92.500
48.145.000;114.258;0.1389;604.763;659.130;26.348;292.422;278.400;92.500
48.150.000;113.829;0.1179;615.775;685.550;26.430;322.528;304.742;92.500
48.155.000;113.319;0.1169;625.546;715.610;26.365;327.189;308.752;92.500
48.160.000;112.797;0.1202;633.330;742.260;26.213;342.223;321.894;92.500
48.165.000;112.454;0.1195;639.338;762.410;26.330;366.655;343.289;92.500
48.170.000;112.247;0.1137;643.445;768.480;26.438;407.747;379.115;92.500
48.175.000;112.030;0.1078;645.684;766.830;26.279;455.650;420.926;92.500
48.180.000;111.750;0.0996;648.696;759.300;26.627;474.885;437.683;92.500
48.185.000;111.339;0.1025;653.071;751.770;26.752;461.414;425.823;92.500
48.190.000;110.873;0.1260;659.495;762.340;26.277;438.206;405.450;92.500
48.195.000;111.662;0.1529;666.726;799.220;26.080;425.122;394.179;92.500
48.200.000;111.934;0.1729;671.549;836.780;26.019;483.524;445.276;92.500
48.205.000;110.916;0.1629;675.180;861.830;26.305;544.120;497.245;92.500
48.210.000;109.915;0.1323;676.941;859.540;26.458;609.734;553.190;92.500
48.215.000;108.896;0.1040;672.770;838.400;26.065;321.853;303.305;92.500
48.220.000;108.475;0.0916;665.368;811.010;25.727;101.860;69.852;92.500
48.225.000;108.186;0.0904;656.881;777.290;25.852;47.319;30.405;92.500
48.230.000;107.902;0.1169;652.002;756.140;25.823;40.832;25.810;92.500
48.235.000;107.651;0.1521;653.114;750.050;25.916;42.534;26.995;92.500
48.240.000;107.402;0.1470;657.812;776.630;25.717;43.306;27.527;92.500
48.245.000;107.025;0.1389;666.199;822.240;26.030;99.723;68.174;92.500
48.250.000;106.567;0.1312;678.322;853.340;26.385;170.536;122.159;92.500
48.255.000;106.107;0.1166;689.641;871.860;26.651;253.288;190.581;92.500
48.260.000;105.647;0.1032;699.191;879.360;26.833;396.334;309.369;92.500
48.265.000;105.180;0.1040;704.552;880.530;27.123;534.876;424.181;92.500
48.270.000;105.100;0.1121;706.413;877.600;27.161;593.051;472.793;92.500
48.275.000;105.099;0.1087;705.685;877.580;27.113;587.593;468.222;92.500
48.280.000;105.100;0.1017;702.209;870.090;27.180;721.159;580.509;92.500
48.285.000;105.100;0.1046;697.808;862.560;27.282;719.467;579.080;92.500
48.290.000;105.100;0.1066;693.252;850.770;27.378;720.367;579.838;92.500
48.295.000;105.100;0.0996;687.123;841.050;27.118;843.186;686.740;92.500
48.300.000;105.100;0.1074;679.422;832.830;27.217;727.076;585.498;92.500
48.305.000;105.100;0.1116;670.359;817.780;27.278;627.234;501.450;92.500
48.310.000;105.100;0.1089;656.977;798.790;27.059;604.122;482.063;92.500
48.315.000;105.100;0.0923;640.939;774.120;26.729;671.959;539.040;92.500
48.320.000;105.100;0.0668;623.909;740.990;26.909;962.495;792.840;92.500
48.325.000;105.100;0.0380;608.826;631.400;26.842;1.374.020;1.164.753;92.500
48.330.000;105.100;0.0161;597.527;531.140;26.960;1.962.753;1.739.335;92.500
48.335.000;105.100;0.0117;590.562;512.660;27.160;2.193.665;1.976.149;92.500
48.340.000;105.100;0.0079;587.599;525.600;27.032;2.330.612;2.117.906;92.500
48.345.000;105.100;0.0070;590.753;540.610;26.793;2.010.078;1.787.619;92.500
48.350.000;105.113;0.0095;598.578;562.160;26.492;1.937.085;1.713.185;92.500
48.355.000;105.142;0.0067;608.123;597.700;26.624;2.010.078;1.787.625;92.500
48.360.000;105.171;0.0103;617.985;628.440;26.829;1.866.742;1.641.763;92.500
48.365.000;105.200;0.0147;628.643;672.030;27.007;1.919.254;1.695.067;92.500
48.370.000;105.229;0.0265;638.575;712.520;27.216;1.795.796;1.570.041;92.500
48.375.000;105.258;0.0473;648.503;757.590;27.148;1.163.491;973.503;92.500
48.380.000;105.287;0.0753;659.022;792.160;27.322;721.594;580.901;92.500
48.385.000;105.316;0.1081;669.194;813.880;27.061;483.881;381.738;92.500
48.390.000;105.345;0.1346;678.925;833.800;26.927;492.914;389.250;92.500
48.395.000;105.374;0.1104;685.611;852.860;26.851;593.051;472.834;92.500
48.400.000;105.403;0.0869;688.999;865.040;26.919;700.457;563.099;92.500
48.405.000;105.432;0.0688;691.593;864.210;27.116;821.626;667.731;92.500
48.410.000;105.461;0.0788;693.315;854.400;27.026;749.603;604.590;92.500
48.415.000;105.490;0.0962;693.906;843.070;27.049;664.237;532.617;92.500
48.420.000;105.519;0.1192;692.952;846.750;27.179;586.327;467.232;92.500
48.425.000;105.546;0.1117;691.102;859.380;26.905;612.398;489.084;92.500
48.430.000;105.574;0.0995;688.926;864.950;26.738;761.248;614.534;92.500
48.435.000;105.601;0.0868;686.817;858.210;26.635;704.029;566.152;92.500
48.440.000;105.629;0.0840;683.047;840.610;27.000;656.552;526.181;92.500
48.445.000;105.657;0.1079;676.117;828.430;26.791;662.651;531.317;92.500
48.450.000;105.684;0.1220;666.397;826.830;26.613;572.838;455.975;92.500
48.455.000;105.712;0.1036;654.941;807.160;26.731;511.488;404.772;92.500
48.460.000;105.740;0.0888;643.351;769.590;26.583;558.661;444.132;92.500
48.465.000;105.767;0.0787;634.762;718.950;26.696;631.716;505.339;92.500
48.470.000;105.795;0.0570;630.759;671.330;26.820;795.283;644.556;92.500
48.475.000;105.822;0.0403;631.862;654.750;26.885;1.149.173;960.703;92.500
48.480.000;105.850;0.0381;637.432;691.180;26.995;1.514.229;1.293.287;92.500
48.485.000;105.878;0.0686;645.951;767.520;26.980;803.449;651.779;92.500
48.490.000;105.905;0.0910;655.274;813.760;27.134;635.669;508.687;92.500
48.495.000;105.933;0.1133;662.366;836.730;26.804;477.175;376.277;92.500
48.500.000;105.961;0.1212;665.543;836.630;26.684;405.914;317.297;92.500
48.505.000;105.988;0.1024;662.819;816.090;26.770;475.014;374.492;92.500
48.510.000;106.016;0.0815;656.086;789.390;26.506;580.287;462.272;92.500
48.515.000;106.042;0.0617;649.721;755.260;26.605;723.424;582.605;92.500
48.520.000;106.067;0.0516;646.611;724.010;26.726;900.016;737.379;92.500
48.525.000;106.146;0.0596;648.094;718.770;26.587;997.711;824.574;92.500
48.530.000;106.401;0.0667;653.541;744.390;26.891;871.286;711.949;92.500
48.535.000;106.547;0.0834;663.397;781.920;27.296;710.372;571.714;92.500
48.540.000;106.686;0.1078;675.987;819.490;27.453;567.723;451.904;92.500
48.545.000;106.825;0.1321;689.128;857.050;26.548;453.719;356.985;92.500
48.550.000;106.965;0.1581;700.315;901.060;26.902;402.177;314.391;92.500
48.555.000;107.104;0.1515;707.572;922.010;27.414;443.391;348.480;92.500
48.560.000;107.244;0.1433;712.225;928.630;27.560;542.840;431.227;92.500
48.565.000;107.384;0.1268;714.793;921.100;27.247;626.886;501.643;92.500
48.570.000;107.523;0.1393;711.041;901.000;26.938;535.052;424.784;92.500
48.575.000;107.663;0.1600;696.169;886.780;27.130;458.762;361.327;92.500
48.580.000;107.801;0.1689;674.840;871.740;27.297;393.350;307.260;92.500
48.585.000;107.902;0.1749;650.681;841.090;26.609;366.655;285.307;92.500
48.590.000;107.900;0.1466;623.866;669.940;26.474;378.366;294.937;92.500
48.595.000;107.923;0.1073;596.241;542.820;26.627;427.587;335.550;92.500
48.600.000;107.949;0.0614;569.507;463.540;26.822;623.994;499.340;92.500
48.605.000;107.974;0.0299;547.143;371.380;27.432;1.181.289;990.354;92.500
48.610.000;107.999;0.0057;536.207;329.450;27.654;2.352.263;1.973.243;92.500
48.615.000;108.024;-0.0021;530.010;317.280;27.722;5.429.924;4.452.538;92.500
48.620.000;108.050;-0.0015;527.385;315.470;27.497;7.018.595;13.955.248;92.500
48.625.000;108.075;-0.0007;528.664;314.400;27.130;6.695.128;13.690.005;92.500
48.630.000;108.100;0.0012;532.839;323.310;26.966;2.606.864;10.337.628;92.500
48.635.000;108.125;0.0032;538.620;353.780;26.944;9.643.910;7.908.006;92.500
48.640.000;108.150;0.0051;545.112;386.730;26.822;7.382.881;6.053.962;92.500
48.645.000;108.174;0.0070;552.453;431.830;26.705;5.378.021;4.409.977;92.500
48.650.000;108.199;0.0087;561.173;468.240;26.820;3.616.038;2.965.151;92.500
48.655.000;108.224;0.0099;569.380;499.530;27.051;2.824.521;2.346.059;92.500
48.660.000;108.248;0.0107;576.095;533.280;27.029;2.286.319;1.920.881;92.500
48.665.000;108.273;0.0169;582.116;553.260;26.914;2.008.506;1.699.243;92.500
48.670.000;108.299;0.0215;586.841;568.270;26.820;2.021.261;1.709.458;92.500
48.675.000;108.399;0.0283;590.406;584.570;26.857;2.028.752;1.715.476;92.500
48.680.000;108.508;0.0239;592.531;596.720;26.735;1.884.956;1.600.182;92.500
48.685.000;108.617;0.0271;593.525;596.700;26.815;1.732.073;1.477.056;92.500
48.690.000;108.726;0.0312;592.083;596.690;26.855;1.506.948;1.294.610;92.500
48.695.000;108.835;0.0370;589.857;590.590;26.626;1.265.260;1.097.031;92.500
48.700.000;108.944;0.0446;585.627;584.040;26.368;1.060.560;928.065;92.500
48.705.000;109.053;0.0522;581.313;574.620;26.594;889.100;785.167;92.500
48.710.000;109.162;0.0584;577.673;556.240;26.787;733.265;653.989;92.500
48.715.000;109.271;0.0709;573.353;535.820;26.922;569.576;514.556;92.500
48.720.000;109.380;0.0855;569.008;517.320;27.100;503.346;457.574;92.500
48.725.000;109.489;0.1020;567.732;503.840;27.476;444.817;406.889;92.500
48.730.000;109.598;0.0974;568.032;496.310;27.185;391.174;360.126;92.500
48.735.000;109.700;0.0924;569.912;497.640;26.975;369.308;340.980;92.500
48.740.000;109.735;0.0962;591.056;511.430;27.489;348.129;322.273;92.500
48.745.000;109.767;0.0993;617.699;526.020;27.862;328.062;304.376;92.500
48.750.000;109.800;0.1066;638.854;538.370;28.108;309.131;287.454;92.500
48.755.000;109.833;0.1202;643.071;541.780;27.798;291.293;271.472;92.500
48.760.000;109.869;0.1328;640.638;535.680;27.754;274.484;256.378;92.500
48.765.000;109.874;0.1357;635.326;518.180;27.869;265.274;248.090;92.500
48.770.000;110.452;0.1312;625.014;477.720;27.277;274.254;256.269;92.500
48.775.000;110.817;0.1254;597.575;451.410;27.076;299.437;278.944;92.500
48.780.000;111.077;0.1117;567.903;432.280;27.226;354.256;327.967;92.500
48.785.000;111.496;0.0914;548.511;426.190;27.090;449.523;411.376;92.500
48.790.000;111.184;0.0706;548.960;428.160;26.845;618.217;556.632;92.500
48.795.000;110.654;0.0508;553.350;439.090;26.639;850.217;752.956;92.500
48.800.000;110.124;0.0339;562.536;474.770;26.871;1.132.966;988.329;92.500
48.805.000;109.600;0.0390;574.876;506.690;26.890;1.205.753;1.048.248;92.500
48.810.000;109.282;0.0472;588.003;562.610;26.414;1.327.677;1.148.331;92.500
48.815.000;108.700;0.0413;603.933;624.020;26.290;1.651.791;1.412.103;92.500
48.820.000;108.189;0.0311;621.507;681.160;26.707;2.127.214;1.794.028;92.500
48.825.000;107.723;0.0457;642.065;717.860;26.941;2.580.160;2.153.425;92.500
48.830.000;107.306;0.0693;660.754;775.760;26.827;1.577.582;1.351.552;92.500
48.835.000;107.193;0.0930;675.038;828.310;26.672;1.064.212;930.562;92.500
48.840.000;107.077;0.1000;687.460;876.730;26.799;914.488;805.847;92.500
48.845.000;106.960;0.0904;699.203;912.320;26.986;846.011;748.433;92.500
48.850.000;106.842;0.0876;707.897;924.470;26.797;782.662;695.097;92.500
48.855.000;106.724;0.0972;713.093;924.450;27.007;837.552;741.264;92.500
48.860.000;106.606;0.0754;710.570;920.580;27.109;1.007.425;883.222;92.500
48.865.000;106.489;0.0332;709.796;906.180;27.262;1.313.633;1.136.002;92.500
48.870.000;106.372;0.0120;709.254;884.010;27.245;2.774.606;2.306.376;92.500
48.875.000;106.287;0.0464;707.524;855.620;26.632;6.041.218;4.953.799;92.500
48.880.000;106.220;0.0675;706.451;912.920;26.707;2.090.971;1.764.572;92.500
48.885.000;106.152;0.1034;704.864;1.003.390;26.523;1.055.221;922.796;92.500
48.890.000;106.084;0.1441;702.806;1.046.870;26.320;650.509;582.943;92.500
48.895.000;106.017;0.1766;701.557;1.062.390;26.425;541.889;490.020;92.500
48.900.000;105.949;0.1937;690.091;1.048.490;26.463;482.392;438.713;92.500
48.905.000;105.840;0.1859;674.067;924.300;25.930;453.272;413.469;92.500
48.910.000;105.579;0.1773;656.155;869.570;25.461;313.781;290.868;92.500
48.915.000;105.326;0.1737;635.190;767.020;24.868;160.629;152.395;92.500
48.920.000;105.073;0.1844;613.917;709.710;24.278;79.819;77.530;92.500
48.925.000;104.819;0.1937;593.786;665.710;23.742;41.999;41.659;92.500
48.930.000;104.556;0.1982;576.290;644.590;23.821;27.507;27.606;92.500
48.935.000;104.571;0.1953;568.559;625.250;23.949;27.023;27.133;92.500
48.940.000;104.666;0.1985;578.913;615.200;24.021;29.208;29.272;92.500
48.945.000;104.763;0.1942;593.396;604.110;24.020;31.918;31.919;92.500
48.950.000;104.861;0.1901;606.263;596.580;23.904;33.032;33.008;92.500
48.955.000;104.897;0.2074;620.506;589.050;23.776;33.427;33.394;92.500
48.960.000;104.823;0.2024;632.215;579.330;23.717;31.030;31.056;92.500
48.965.000;104.745;0.1946;645.104;571.530;23.997;29.430;29.492;92.500
48.970.000;104.667;0.1857;654.937;565.440;23.916;28.406;28.489;92.500
48.975.000;104.589;0.1773;639.558;559.350;23.925;27.751;27.845;92.500
48.980.000;104.511;0.1793;624.319;559.330;23.836;27.527;27.623;92.500
48.985.000;104.500;0.1723;612.105;559.320;23.802;29.192;29.249;92.500
48.990.000;104.500;0.1693;626.812;559.300;24.124;32.277;32.255;92.500
48.995.000;104.500;0.1608;645.262;559.370;23.935;35.972;35.844;92.500
49.000.000;104.500;0.1577;660.002;566.870;24.025;40.091;39.808;92.500
49.005.000;104.500;0.1522;680.986;577.330;23.833;44.681;44.208;92.500
49.010.000;104.500;0.1445;709.826;587.950;23.916;49.291;48.613;92.500
49.015.000;104.500;0.1396;740.312;595.700;23.980;49.291;48.613;92.500
49.020.000;104.500;0.1388;742.172;595.680;23.825;47.786;47.177;92.500
49.025.000;104.501;0.1426;713.293;598.290;23.871;45.157;44.664;92.500
49.030.000;104.579;0.1496;715.842;601.730;23.746;42.674;42.291;92.500
49.035.000;104.665;0.1664;722.468;601.720;23.830;40.324;40.041;92.500
49.040.000;104.735;0.1611;713.966;600.860;23.847;38.105;37.911;92.500
49.045.000;104.835;0.1569;707.103;595.610;23.749;36.010;35.898;92.500
49.050.000;104.932;0.1649;697.823;595.590;23.625;34.716;34.649;92.500
49.055.000;105.030;0.1888;711.042;595.580;23.455;33.607;33.575;92.500
49.060.000;105.128;0.1936;721.237;595.050;23.441;32.814;32.808;92.500
49.065.000;105.225;0.1902;700.372;589.470;23.439;32.814;32.813;92.500
49.070.000;105.323;0.1869;665.139;589.450;23.502;33.427;33.415;92.500
49.075.000;105.421;0.1949;646.923;595.510;23.593;32.987;32.991;92.500
49.080.000;105.519;0.2009;630.755;595.680;23.789;32.128;32.159;92.500
49.085.000;105.617;0.1923;616.774;603.180;23.965;31.292;31.348;92.500
49.090.000;105.714;0.1787;608.160;619.850;24.075;30.758;30.831;92.500
49.095.000;105.810;0.1652;603.058;649.900;24.188;34.769;34.746;92.500
49.100.000;105.901;0.1502;603.757;692.700;24.413;41.733;41.467;92.500
49.105.000;106.089;0.1343;620.209;722.150;24.627;40.603;40.392;92.500
49.110.000;106.951;0.1212;639.451;754.910;24.771;38.757;38.664;92.500
49.115.000;107.851;0.1253;656.234;792.460;25.049;40.591;40.483;92.500
49.120.000;107.100;0.1308;670.185;844.620;25.512;60.155;59.138;92.500
49.125.000;107.011;0.1140;683.346;885.420;26.078;147.290;140.370;92.500
49.130.000;107.551;0.1200;694.699;956.170;26.363;306.327;284.527;92.500
49.135.000;108.102;0.1351;704.440;997.420;26.529;400.682;368.108;92.500
49.140.000;108.653;0.1516;711.814;1.014.770;26.903;511.488;464.380;92.500
49.145.000;109.114;0.1693;714.816;1.008.060;27.146;480.498;437.701;92.500
49.150.000;109.192;0.1806;717.046;996.430;27.639;462.018;421.705;92.500
49.155.000;109.283;0.1897;716.683;966.880;27.871;490.232;446.156;92.500
49.160.000;109.391;0.2001;710.650;917.440;27.604;502.115;456.446;92.500
49.165.000;109.538;0.2072;699.479;885.890;27.465;462.018;421.774;92.500
49.170.000;109.685;0.2033;685.768;854.130;27.265;456.099;416.667;92.500
49.175.000;109.832;0.1909;670.945;794.450;26.979;449.377;410.859;92.500
49.180.000;109.980;0.1621;655.972;728.930;26.800;577.904;521.779;92.500
49.185.000;110.127;0.1274;639.709;710.680;26.818;734.197;654.915;92.500
49.190.000;110.274;0.0973;624.184;689.660;27.273;891.338;787.237;92.500
49.195.000;110.422;0.0828;613.024;674.620;27.315;870.150;769.518;92.500
49.200.000;110.569;0.1045;605.352;651.070;26.614;854.041;756.039;92.500
49.205.000;110.710;0.1076;598.578;613.360;26.500;847.292;750.408;92.500
49.210.000;110.766;0.0751;592.837;591.960;26.770;1.332.560;1.152.592;92.500
49.215.000;110.825;0.0422;587.867;574.370;26.942;1.995.793;1.689.368;92.500
49.220.000;110.885;0.0319;586.467;570.760;27.012;2.421.622;2.028.386;92.500
49.225.000;110.944;0.0239;588.130;570.740;26.962;2.734.940;2.275.592;92.500
49.230.000;111.002;0.0235;591.799;572.890;27.115;2.962.225;2.453.873;92.500
49.235.000;111.057;0.0263;598.377;595.400;27.338;2.724.548;2.267.430;92.500
49.240.000;110.885;0.0302;606.308;614.350;27.502;2.515.858;2.102.905;92.500
49.245.000;110.807;0.0329;614.092;643.630;27.604;2.396.172;2.008.193;92.500
49.250.000;110.715;0.0372;623.753;687.290;26.777;2.396.172;2.008.171;92.500
49.255.000;110.767;0.0431;633.170;709.850;26.680;2.332.811;1.957.937;92.500
49.260.000;110.851;0.0618;642.753;735.610;26.675;1.949.342;1.652.131;92.500
49.265.000;110.936;0.0851;652.613;765.150;26.794;1.393.615;1.202.569;92.500
49.270.000;111.020;0.1034;660.224;777.430;26.955;996.318;875.073;92.500
49.275.000;111.093;0.1218;666.309;797.000;27.028;712.283;636.573;92.500
49.280.000;111.315;0.1391;671.466;801.580;26.934;604.206;544.592;92.500
49.285.000;111.500;0.1479;672.995;801.570;27.076;556.612;503.830;92.500
49.290.000;111.718;0.1531;668.895;795.470;26.376;512.766;466.120;92.500
49.295.000;112.033;0.1573;661.031;784.800;26.584;470.715;429.811;92.500
49.300.000;112.354;0.1696;649.588;754.710;26.429;430.704;395.101;92.500
49.305.000;112.673;0.1653;636.679;716.600;26.518;394.017;363.124;92.500
49.310.000;113.333;0.1573;622.015;679.910;26.604;352.989;327.195;92.500
49.315.000;114.173;0.1374;605.195;651.500;26.313;356.137;330.142;92.500
49.320.000;113.936;0.1126;588.857;613.910;26.723;414.243;381.048;92.500
49.325.000;113.268;0.0806;575.690;557.900;26.640;592.585;535.088;92.500
49.330.000;112.593;0.0486;563.740;473.160;26.952;843.873;748.000;92.500
49.335.000;111.925;0.0314;554.810;428.210;27.118;1.294.911;1.122.006;92.500
49.340.000;111.473;0.0173;549.375;392.520;27.256;2.008.248;1.699.424;92.500
49.345.000;111.421;0.0077;547.301;379.200;27.174;2.841.631;2.359.344;92.500
49.350.000;111.363;0.0027;548.654;406.230;27.092;3.075.756;2.542.543;92.500
49.355.000;111.305;0.0039;552.757;437.340;26.880;2.784.517;2.314.494;92.500
49.360.000;111.247;0.0142;558.258;473.300;26.931;2.358.084;1.978.012;92.500
49.365.000;111.190;0.0236;565.920;503.360;26.969;1.996.957;1.690.300;92.500
49.370.000;111.132;0.0329;574.178;533.400;26.739;1.692.604;1.445.501;92.500
49.375.000;111.074;0.0423;581.976;558.130;26.727;1.465.613;1.261.305;92.500
49.380.000;111.017;0.0517;590.792;593.500;26.973;1.350.641;1.167.400;92.500
49.385.000;110.959;0.0611;599.666;626.210;27.140;1.133.078;988.455;92.500
49.390.000;110.901;0.0712;608.091;659.670;27.083;951.138;837.346;92.500
49.395.000;110.843;0.0819;616.817;679.650;27.149;815.024;723.265;92.500
49.400.000;110.786;0.0927;623.835;692.700;27.045;746.265;665.243;92.500
49.405.000;110.729;0.0971;628.402;704.910;27.158;761.672;678.249;92.500
49.410.000;110.752;0.0960;631.606;719.860;27.246;861.084;761.944;92.500
49.415.000;110.905;0.0970;634.244;728.220;27.057;943.947;831.337;92.500
49.420.000;110.732;0.0882;637.571;721.550;26.822;971.593;854.352;92.500
49.425.000;110.418;0.0784;640.308;722.070;26.991;1.053.548;922.424;92.500
49.430.000;110.104;0.0756;640.993;737.710;26.851;1.132.989;988.125;92.500
49.435.000;109.789;0.0792;640.447;758.550;26.965;978.478;859.827;92.500
49.440.000;109.475;0.0756;639.631;758.300;27.010;867.697;767.144;92.500
49.445.000;109.161;0.0844;637.378;749.090;26.624;720.450;642.976;92.500
49.450.000;108.847;0.0861;634.204;734.040;26.473;535.363;484.943;92.500
49.455.000;108.533;0.0850;630.786;718.990;26.567;397.825;365.655;92.500
49.460.000;108.216;0.0844;629.155;703.770;26.512;295.876;275.258;92.500
49.465.000;108.102;0.0799;630.954;706.450;26.387;233.350;218.952;92.500
49.470.000;108.101;0.0748;634.805;724.230;26.467;220.147;206.999;92.500
49.475.000;108.091;0.0763;639.874;746.780;26.698;222.298;208.946;92.500
49.480.000;107.882;0.0758;645.649;776.660;26.804;269.692;251.690;92.500
49.485.000;107.672;0.0815;650.580;789.810;26.648;331.608;307.118;92.500
49.490.000;107.463;0.0916;652.863;792.410;26.755;407.739;374.103;92.500
49.495.000;107.253;0.1017;651.642;784.890;26.900;501.348;455.277;92.500
49.500.000;107.047;0.1204;647.702;770.520;27.084;616.448;554.017;92.500
49.505.000;106.907;0.1044;644.176;743.480;27.214;757.972;674.128;92.500
49.510.000;106.942;0.0834;642.583;717.630;27.128;931.988;820.249;92.500
49.515.000;106.973;0.0614;643.074;709.680;27.000;1.145.955;997.928;92.500
49.520.000;107.006;0.0501;645.811;733.980;26.899;1.413.191;1.217.338;92.500
49.525.000;107.037;0.0531;650.951;766.050;26.809;1.782.395;1.516.783;92.500
49.530.000;107.069;0.0720;657.156;800.070;26.703;2.047.599;1.729.702;92.500
49.535.000;107.101;0.0918;660.904;819.390;26.616;1.296.736;1.122.056;92.500
49.540.000;107.133;0.1195;657.451;825.110;26.762;899.448;793.090;92.500
49.545.000;107.165;0.1443;648.058;812.910;26.958;680.788;608.822;92.500
49.550.000;107.197;0.1373;634.653;768.750;26.889;594.241;535.065;92.500
49.555.000;107.229;0.1143;618.324;659.310;26.985;571.516;515.612;92.500
49.560.000;107.261;0.0776;600.515;587.400;27.080;599.378;539.471;92.500
49.565.000;107.292;0.0485;584.180;533.240;27.216;705.335;629.677;92.500
49.570.000;107.324;0.0226;572.758;496.180;27.295;1.040.785;910.926;92.500
49.575.000;107.356;0.0113;568.161;458.710;27.415;1.535.770;1.317.259;92.500
49.580.000;107.388;0.0075;567.288;464.010;27.775;2.266.166;1.904.038;92.500
49.585.000;107.420;0.0084;568.307;502.780;27.742;3.412.655;2.804.398;92.500
49.590.000;107.452;0.0100;570.202;521.780;27.909;5.293.892;4.340.992;92.500
49.595.000;107.484;0.0128;572.734;527.070;27.982;6.041.218;4.953.799;92.500
49.600.000;107.505;0.0220;574.235;530.700;27.724;4.797.126;3.933.643;92.500
49.605.000;107.515;0.0312;573.937;527.030;27.545;2.739.134;2.278.044;92.500
49.610.000;107.525;0.0384;571.640;520.500;27.537;1.564.032;1.340.246;92.500
49.615.000;107.535;0.0332;568.245;511.090;27.683;1.208.730;1.049.819;92.500
49.620.000;107.545;0.0226;564.699;492.740;27.872;1.254.277;1.087.288;92.500
49.625.000;107.556;0.0115;561.491;460.100;27.914;1.686.194;1.439.215;92.500
49.630.000;107.566;0.0119;559.459;447.710;27.669;3.002.449;2.484.599;92.500
49.635.000;107.576;0.0148;558.645;437.300;27.700;4.027.115;3.302.234;92.500
49.640.000;107.586;0.0209;559.173;444.800;27.557;4.362.471;3.577.226;92.500
49.645.000;107.596;0.0269;562.726;456.720;27.930;3.154.481;2.603.374;92.500
49.650.000;107.606;0.0329;567.504;472.190;28.208;2.764.254;2.297.775;92.500
49.655.000;107.616;0.0391;572.842;496.460;28.093;2.589.445;2.160.089;92.500
49.660.000;107.626;0.0455;578.431;528.720;28.520;2.171.042;1.828.310;92.500
49.665.000;107.636;0.0476;583.236;547.180;28.198;1.783.549;1.517.798;92.500
49.670.000;107.646;0.0404;586.469;569.390;27.774;1.481.435;1.273.096;92.500
49.675.000;107.656;0.0342;588.083;576.330;27.759;1.525.928;1.309.297;92.500
49.680.000;107.667;0.0315;587.557;581.520;27.860;1.981.106;1.676.534;92.500
49.685.000;107.677;0.0402;586.978;581.500;27.384;2.804.085;2.329.056;92.500
49.690.000;107.686;0.0492;586.880;575.410;27.090;2.502.612;2.091.489;92.500
49.695.000;107.697;0.0427;587.388;569.320;27.022;1.984.223;1.679.030;92.500
49.700.000;107.731;0.0314;587.414;567.330;27.365;1.749.733;1.490.538;92.500
49.705.000;107.858;0.0202;589.828;566.620;27.910;1.924.586;1.631.250;92.500
49.710.000;107.980;0.0163;596.388;581.430;28.040;2.579.862;2.152.549;92.500
49.715.000;108.102;0.0246;608.172;595.010;27.350;4.400.119;3.608.098;92.500
49.720.000;108.224;0.0434;625.455;645.960;27.004;4.209.538;3.451.821;92.500
49.725.000;108.346;0.0686;644.415;709.480;27.169;2.454.124;2.053.236;92.500
49.730.000;108.468;0.0984;662.727;790.650;27.248;1.364.202;1.177.629;92.500
49.735.000;108.589;0.1236;681.299;860.990;27.397;887.603;783.512;92.500
49.740.000;108.711;0.1280;696.439;889.210;27.498;706.964;631.372;92.500
49.745.000;108.833;0.1142;706.242;903.510;27.309;545.692;493.774;92.500
49.750.000;108.956;0.1001;708.779;899.320;27.334;581.031;524.125;92.500
49.755.000;109.079;0.0822;705.352;885.240;26.784;706.964;631.460;92.500
49.760.000;109.092;0.0644;700.437;862.140;26.872;921.012;811.590;92.500
49.765.000;109.047;0.0620;696.383;834.170;27.019;1.265.930;1.097.233;92.500
49.770.000;109.003;0.0759;694.036;834.330;26.862;1.414.498;1.218.863;92.500
49.775.000;108.958;0.0938;692.747;842.630;26.623;1.201.672;1.044.350;92.500
49.780.000;108.914;0.1116;692.993;856.690;26.374;681.292;609.629;92.500
49.785.000;108.903;0.1274;695.162;881.290;26.163;299.308;278.429;92.500
49.790.000;109.060;0.1400;697.967;904.320;26.020;221.019;207.922;92.500
49.795.000;109.399;0.1461;700.797;921.590;26.104;150.944;144.020;92.500
49.800.000;109.696;0.1464;701.929;927.970;26.068;129.911;124.660;92.500
49.805.000;109.660;0.1309;698.424;930.240;26.422;133.815;128.265;92.500
49.810.000;109.620;0.1225;693.344;915.190;26.517;174.074;165.264;92.500
49.815.000;109.581;0.1319;684.648;878.980;25.991;267.880;250.323;92.500
49.820.000;109.543;0.1239;673.901;836.410;25.867;412.236;378.386;92.500
49.825.000;109.504;0.1215;662.380;806.450;25.469;462.018;421.674;92.500
49.830.000;109.466;0.1354;651.328;776.390;25.346;250.073;234.258;92.500
49.835.000;109.428;0.1595;644.016;754.870;25.398;159.161;151.572;92.500
49.840.000;109.389;0.1623;641.773;739.090;25.805;111.798;107.825;92.500
49.845.000;109.351;0.1415;643.636;743.360;26.155;95.924;93.018;92.500
49.850.000;109.313;0.1288;650.758;773.400;26.407;109.197;105.396;92.500
49.855.000;109.274;0.1182;659.666;795.570;26.332;135.353;129.636;92.500
49.860.000;109.236;0.1120;668.287;811.970;26.977;185.401;175.556;92.500
49.865.000;109.198;0.1141;674.725;824.860;27.359;253.955;237.714;92.500
49.870.000;109.159;0.1209;677.345;830.180;27.343;347.857;321.838;92.500
49.875.000;109.120;0.1288;675.951;830.170;27.008;431.060;394.697;92.500
49.880.000;109.035;0.1258;670.018;824.070;26.664;470.642;429.045;92.500
49.885.000;108.890;0.1198;661.045;810.310;26.443;431.369;394.920;92.500
49.890.000;108.746;0.1134;652.415;780.210;26.220;378.862;349.053;92.500
49.895.000;108.601;0.1112;645.741;750.140;26.104;328.614;304.578;92.500
49.900.000;108.457;0.1177;641.792;726.740;26.125;285.010;265.524;92.500
49.905.000;108.313;0.1228;640.810;739.020;26.291;265.749;248.189;92.500
49.910.000;108.169;0.1195;643.422;754.040;26.498;260.413;243.361;92.500
49.915.000;107.981;0.1157;648.761;769.060;26.820;293.678;273.217;92.500
49.920.000;107.752;0.1147;655.489;784.070;26.880;396.496;364.291;92.500
49.925.000;107.524;0.1212;661.652;799.620;26.895;530.369;480.279;92.500
49.930.000;107.296;0.1320;666.352;806.850;26.948;700.457;625.466;92.500
49.935.000;107.068;0.1420;668.768;811.750;26.932;821.347;727.466;92.500
49.940.000;106.842;0.1444;668.700;811.730;27.222;866.465;765.283;92.500
49.945.000;106.699;0.1455;666.351;811.720;27.130;747.298;664.961;92.500
49.950.000;106.705;0.1412;662.143;797.870;27.193;786.855;698.338;92.500
49.955.000;106.510;0.1236;655.971;782.820;26.945;845.777;747.838;92.500
49.960.000;106.271;0.1040;647.508;767.780;26.869;1.144.126;996.068;92.500
49.965.000;106.029;0.0912;637.756;744.790;26.992;1.686.194;1.438.629;92.500
49.970.000;105.686;0.0918;626.802;724.040;26.781;1.701.859;1.451.194;92.500
49.975.000;105.696;0.0856;615.706;688.370;26.782;1.424.529;1.226.030;92.500
49.980.000;105.646;0.0630;603.949;654.930;26.913;1.350.182;1.165.259;92.500
49.985.000;105.394;0.0329;591.585;604.910;27.035;1.348.416;1.163.741;92.500
49.990.000;105.150;0.0248;578.935;567.410;27.134;2.017.723;1.705.048;92.500
49.995.000;104.906;0.0258;568.387;522.330;27.082;2.731.790;2.271.547;92.500
50.000.000;104.663;0.0277;560.252;471.120;27.171;2.315.456;1.942.336;92.500
50.005.000;104.419;0.0248;555.355;419.950;27.002;2.028.718;1.713.660;92.500
50.010.000;104.228;0.0211;553.251;434.620;27.029;1.757.045;1.495.337;92.500
50.015.000;104.082;0.0247;553.743;457.920;27.067;1.642.001;1.402.318;92.500
50.020.000;103.933;0.0275;556.771;485.250;27.210;1.565.954;1.340.618;92.500
50.025.000;103.806;0.0239;563.035;507.790;27.272;1.624.963;1.388.437;92.500
50.030.000;103.630;0.0201;570.667;525.740;27.221;1.833.164;1.556.503;92.500
50.035.000;103.455;0.0163;579.411;540.680;27.095;2.086.772;1.759.836;92.500
50.040.000;103.282;0.0150;587.793;563.220;27.012;2.333.803;1.956.589;92.500
50.045.000;103.120;0.0154;597.766;585.750;26.782;2.352.263;1.971.210;92.500
50.050.000;102.905;0.0148;609.982;616.870;26.697;2.245.979;1.886.673;92.500
50.055.000;102.901;0.0139;623.661;639.300;26.900;2.414.545;2.020.568;92.500
50.060.000;102.900;0.0130;636.441;689.830;26.990;2.636.697;2.196.243;92.500
50.065.000;102.900;0.0123;648.574;741.870;26.865;2.677.385;2.228.324;92.500
50.070.000;102.900;0.0127;662.662;787.020;26.970;2.653.085;2.209.162;92.500
50.075.000;102.900;0.0132;675.753;824.290;26.890;2.759.581;2.293.049;92.500
50.080.000;102.900;0.0142;686.269;846.810;26.778;2.804.085;2.328.049;92.500
50.085.000;102.900;0.0169;694.092;897.590;26.858;2.771.795;2.302.651;92.500
50.090.000;102.900;0.0195;699.565;1.051.830;26.593;2.718.299;2.260.540;92.500
50.095.000;102.900;0.0223;705.353;1.176.000;26.621;2.587.926;2.157.722;92.500
50.100.000;102.900;0.0239;709.856;1.340.900;26.519;2.314.570;1.941.188;92.500
50.105.000;102.900;0.0256;710.453;1.361.620;26.694;2.048.073;1.728.717;92.500
50.110.000;102.900;0.0260;705.910;1.332.880;27.061;2.067.324;1.744.111;92.500
50.115.000;102.899;0.0240;695.079;1.194.180;27.321;2.085.114;1.758.329;92.500
50.120.000;102.907;0.0220;681.321;938.320;27.094;1.992.221;1.683.994;92.500
50.125.000;103.036;0.0203;664.504;785.120;27.064;1.937.865;1.640.439;92.500
50.130.000;103.163;0.0188;645.146;691.340;27.136;2.053.819;1.733.362;92.500
50.135.000;103.289;0.0163;624.079;643.010;27.120;2.370.507;1.985.663;92.500
50.140.000;103.414;0.0143;604.008;611.710;27.223;2.916.262;2.416.154;92.500
50.145.000;103.519;0.0200;590.616;580.420;27.116;3.533.400;2.897.495;92.500
50.150.000;103.659;0.0299;583.500;549.120;26.892;3.533.400;2.897.489;92.500
50.155.000;103.801;0.0439;579.536;542.000;26.464;1.915.805;1.622.910;92.500
50.160.000;103.942;0.0580;577.620;574.470;26.569;1.313.001;1.134.257;92.500
50.165.000;104.083;0.0607;577.761;580.590;26.674;1.065.506;930.348;92.500
50.170.000;104.224;0.0584;579.333;586.630;26.804;1.042.491;911.298;92.500
50.175.000;104.365;0.0588;580.082;580.550;26.963;1.091.970;952.343;92.500
50.180.000;104.506;0.0556;579.529;576.360;27.230;1.041.361;910.435;92.500
50.185.000;104.648;0.0468;577.798;568.390;27.357;1.076.613;939.702;92.500
50.190.000;104.789;0.0380;574.658;554.470;27.239;1.237.882;1.072.822;92.500
50.195.000;104.901;0.0293;570.995;537.290;27.097;1.570.336;1.344.362;92.500
50.200.000;104.835;0.0221;566.490;518.540;27.146;1.974.939;1.670.579;92.500
50.205.000;104.769;0.0163;561.993;495.440;27.106;2.483.789;2.075.666;92.500
50.210.000;104.704;0.0155;557.848;482.610;27.148;2.882.965;2.390.135;92.500
50.215.000;104.639;0.0147;553.876;467.690;27.037;2.765.373;2.297.750;92.500
50.220.000;104.574;0.0139;550.297;452.760;27.353;2.702.259;2.248.066;92.500
50.225.000;104.508;0.0131;547.248;442.320;27.248;2.852.469;2.366.161;92.500
50.230.000;104.525;0.0123;544.273;428.570;27.096;2.988.283;2.472.646;92.500
50.235.000;104.555;0.0120;541.762;420.150;27.062;3.130.563;2.583.906;92.500
50.240.000;104.585;0.0116;539.548;407.780;27.135;3.279.618;2.700.154;92.500
50.245.000;104.614;0.0119;538.083;400.320;27.056;3.363.052;2.765.089;92.500
50.250.000;104.644;0.0124;537.164;398.180;26.978;3.405.089;2.797.768;92.500
50.255.000;104.674;0.0130;536.509;398.180;27.111;3.272.131;2.694.312;92.500
50.260.000;104.701;0.0135;536.071;398.180;27.259;3.063.597;2.531.567;92.500
50.265.000;104.723;0.0138;535.854;398.180;27.136;2.846.079;2.361.140;92.500
50.270.000;104.747;0.0135;535.891;398.180;26.921;2.727.363;2.267.817;92.500
50.275.000;104.772;0.0146;535.670;398.180;26.995;2.752.701;2.287.754;92.500
50.280.000;104.796;0.0158;535.519;398.180;26.943;2.723.835;2.265.040;92.500
50.285.000;104.821;0.0169;535.529;398.180;27.031;2.689.499;2.238.004;92.500
50.290.000;104.846;0.0181;535.944;398.180;26.970;2.655.597;2.211.292;92.500
50.295.000;104.870;0.0192;536.344;398.180;27.162;2.622.121;2.184.897;92.500
50.300.000;104.895;0.0203;537.010;399.090;27.094;2.518.237;2.102.865;92.500
50.305.000;104.910;0.0239;537.612;404.260;27.236;2.340.139;1.961.780;92.500
50.310.000;104.923;0.0275;538.860;404.260;27.084;2.174.635;1.830.132;92.500
50.315.000;104.936;0.0297;540.286;410.330;27.159;2.020.837;1.707.295;92.500
50.320.000;104.950;0.0288;541.513;410.710;27.115;1.877.916;1.592.679;92.500
50.325.000;104.963;0.0277;542.612;418.160;27.463;1.782.395;1.515.809;92.500
50.330.000;104.976;0.0267;543.871;422.490;27.574;1.717.670;1.463.593;92.500
50.335.000;104.989;0.0270;544.769;427.000;27.303;1.701.859;1.450.822;92.500
50.340.000;105.002;0.0283;545.863;434.650;27.213;1.739.409;1.481.145;92.500
50.345.000;105.015;0.0295;546.390;440.730;27.095;1.799.595;1.529.670;92.500
50.350.000;105.028;0.0308;546.831;443.310;27.008;1.798.680;1.528.934;92.500
50.355.000;105.041;0.0320;547.434;446.810;27.076;1.799.308;1.529.440;92.500
50.360.000;105.054;0.0323;547.799;446.810;27.170;1.723.079;1.467.967;92.500
50.365.000;105.067;0.0334;548.029;446.150;27.306;1.644.767;1.404.657;92.500
50.370.000;105.080;0.0347;547.966;440.730;27.372;1.580.502;1.352.580;92.500
50.375.000;105.093;0.0325;547.480;440.730;27.299;1.689.120;1.440.536;92.500
50.380.000;105.078;0.0301;547.087;434.650;27.371;1.815.667;1.542.610;92.500
50.385.000;105.036;0.0279;546.701;434.650;27.172;1.782.395;1.515.797;92.500
50.390.000;104.994;0.0316;546.885;436.140;27.004;1.763.235;1.500.337;92.500
50.395.000;104.951;0.0335;547.615;443.600;27.027;1.653.877;1.411.984;92.500
50.400.000;104.909;0.0311;548.827;451.070;26.958;1.738.002;1.479.953;92.500
50.405.000;104.866;0.0337;550.924;458.970;27.110;1.864.728;1.582.011;92.500
50.410.000;104.824;0.0382;553.525;473.020;27.020;1.591.976;1.361.797;92.500
50.415.000;104.782;0.0423;556.886;487.930;26.901;1.467.799;1.260.862;92.500
50.420.000;104.739;0.0355;558.694;499.150;27.017;1.689.878;1.441.030;92.500
50.425.000;104.697;0.0293;559.237;513.680;26.840;1.937.049;1.640.034;92.500
50.430.000;104.654;0.0239;559.629;513.280;26.715;3.328.318;2.737.886;92.500
50.435.000;104.612;0.0417;559.930;504.040;26.753;2.600.639;2.167.797;92.500
50.440.000;104.569;0.0574;559.866;489.120;26.706;1.242.732;1.076.656;92.500
50.445.000;104.527;0.0768;558.864;492.380;26.779;1.034.632;904.775;92.500
50.450.000;104.484;0.0752;556.552;507.600;26.840;800.226;708.908;92.500
50.455.000;104.442;0.0754;554.702;506.370;26.879;688.174;614.241;92.500
50.460.000;104.400;0.0674;552.664;493.670;26.749;793.444;703.176;92.500
50.465.000;104.357;0.0400;549.923;471.290;26.944;980.926;860.080;92.500
50.470.000;104.316;0.0238;546.381;440.730;26.929;1.197.604;1.039.445;92.500
50.475.000;104.221;0.0185;543.081;421.120;26.877;1.823.660;1.548.770;92.500
50.480.000;104.102;0.0175;540.483;406.210;27.044;2.375.394;1.989.467;92.500
50.485.000;103.982;0.0165;539.207;398.180;27.154;2.673.966;2.225.475;92.500
50.490.000;103.862;0.0192;540.646;398.180;27.260;2.936.780;2.431.996;92.500
50.495.000;103.743;0.0226;544.010;404.650;27.120;2.653.394;2.209.215;92.500
50.500.000;103.623;0.0252;549.336;430.100;27.070;1.999.740;1.689.972;92.500
50.505.000;103.503;0.0271;555.536;473.190;27.228;1.637.304;1.398.120;92.500
50.510.000;103.385;0.0290;561.657;512.580;27.136;1.579.521;1.351.252;92.500
50.515.000;103.292;0.0272;569.335;544.070;27.317;1.535.367;1.315.373;92.500
50.520.000;103.234;0.0237;576.394;557.200;27.350;1.559.671;1.335.095;92.500
50.525.000;103.173;0.0203;580.860;567.030;27.114;1.648.969;1.407.465;92.500
50.530.000;103.113;0.0168;583.451;574.470;26.850;1.749.733;1.488.874;92.500
50.535.000;103.053;0.0136;582.476;562.310;26.727;1.853.797;1.572.682;92.500
50.540.000;102.993;0.0107;578.005;548.460;26.867;1.997.689;1.688.151;92.500
50.545.000;102.933;0.0077;572.072;516.800;26.734;2.051.281;1.731.028;92.500
50.550.000;102.873;0.0048;563.531;476.290;26.876;2.452.780;2.050.507;92.500
50.555.000;102.812;0.0031;554.041;431.530;27.137;3.500.876;2.871.831;92.500
50.560.000;102.752;0.0044;545.134;404.260;27.301;5.205.541;4.268.543;92.500
50.565.000;102.705;0.0057;536.741;377.420;27.375;6.548.546;5.369.808;92.500
50.570.000;102.759;0.0069;530.115;362.490;26.989;4.696.792;3.851.369;92.500
50.575.000;102.812;0.0082;525.565;347.570;27.092;3.477.350;2.853.544;92.500
50.580.000;102.864;0.0088;521.593;331.310;27.190;2.835.820;2.352.572;92.500
50.585.000;102.907;0.0079;518.374;317.720;26.889;3.130.241;2.583.199;92.500
50.590.000;102.926;0.0070;516.171;300.700;27.002;3.015.623;2.493.566;92.500
50.595.000;102.945;0.0065;513.770;281.790;27.092;2.803.680;2.327.316;92.500
50.600.000;102.964;0.0057;510.986;264.440;26.756;2.607.896;2.173.116;92.500
50.605.000;102.984;0.0039;508.145;251.940;26.636;2.486.465;2.077.155;92.500
50.610.000;103.003;0.0020;505.724;237.020;26.760;3.420.899;2.809.656;92.500
50.615.000;103.022;0.0003;503.821;225.030;26.838;5.151.879;4.224.541;92.500
50.620.000;103.041;0.0011;502.326;217.560;27.025;6.654.230;5.456.469;92.500
50.625.000;103.061;0.0020;501.132;209.730;27.130;8.351.343;6.848.101;92.500
50.630.000;103.080;0.0028;501.310;210.730;27.232;7.553.867;6.194.171;92.500
50.635.000;103.099;0.0027;502.909;218.190;27.446;5.997.812;4.918.206;92.500
50.640.000;103.118;0.0020;505.138;229.420;27.516;4.493.766;3.684.888;92.500
50.645.000;103.138;0.0012;507.024;240.120;27.663;4.964.133;4.070.589;92.500
50.650.000;103.157;0.0004;508.715;252.740;27.866;5.217.107;4.278.028;92.500
50.655.000;103.176;0.0005;509.797;260.200;27.766;5.286.396;4.334.845;92.500
50.660.000;103.195;0.0025;510.443;267.660;27.269;6.222.126;5.102.143;92.500
50.665.000;103.215;0.0039;510.916;276.600;27.115;7.057.562;5.787.201;92.500
50.670.000;103.234;0.0043;510.611;276.600;27.053;5.180.306;4.247.851;92.500
50.675.000;103.253;0.0046;510.395;282.670;26.963;4.499.271;3.689.402;92.500
50.680.000;103.272;0.0040;510.584;282.670;27.188;5.205.756;4.268.720;92.500
50.685.000;103.292;0.0030;510.795;282.670;26.999;4.493.766;3.684.888;92.500
50.690.000;103.311;0.0020;511.386;276.600;26.933;5.710.930;4.682.963;92.500
50.695.000;103.330;0.0010;511.059;276.600;27.192;8.665.451;7.105.670;92.500
50.700.000;103.350;0.0016;510.356;274.470;27.337;3.148.479;10.781.753;92.500
50.705.000;103.369;0.0029;510.294;270.520;26.789;7.018.595;13.955.248;92.500
50.710.000;103.388;0.0042;510.235;264.440;26.909;108.054;8.288.604;92.500
50.715.000;103.407;0.0055;510.699;264.630;27.013;5.679.098;4.656.860;92.500
50.720.000;103.427;0.0069;511.445;273.680;27.166;4.559.561;3.738.840;92.500
50.725.000;103.446;0.0079;512.722;288.600;27.019;3.835.145;3.144.819;92.500
50.730.000;103.465;0.0086;514.935;303.520;27.005;4.137.578;3.392.814;92.500
50.735.000;103.484;0.0096;517.352;319.150;26.939;3.792.224;3.109.624;92.500
50.740.000;103.500;0.0106;519.565;332.340;26.836;3.246.257;2.673.623;92.500
50.745.000;103.500;0.0116;521.463;342.220;26.895;2.740.194;2.277.346;92.500
50.750.000;103.500;0.0123;522.750;349.540;26.967;2.576.698;2.148.467;92.500
50.755.000;103.500;0.0117;524.024;349.540;27.102;2.799.701;2.324.135;92.500
50.760.000;103.516;0.0128;525.149;349.540;27.102;3.205.441;2.641.781;92.500
50.765.000;103.606;0.0147;527.141;349.540;26.845;3.468.651;2.846.606;92.500
50.770.000;103.694;0.0166;529.634;346.290;26.676;3.004.168;2.484.520;92.500
50.775.000;103.782;0.0181;532.054;343.470;26.500;2.712.011;2.255.182;92.500
50.780.000;103.870;0.0163;534.327;349.540;26.371;2.448.267;2.046.962;92.500
50.785.000;103.958;0.0146;536.621;364.350;26.400;2.210.172;1.857.921;92.500
50.790.000;104.046;0.0128;537.416;373.860;26.531;2.047.599;1.728.205;92.500
50.795.000;104.135;0.0110;536.474;373.860;26.636;2.257.063;1.895.272;92.500
50.800.000;104.223;0.0092;534.457;361.700;26.589;2.673.499;2.224.900;92.500
50.805.000;104.311;0.0088;531.742;354.850;26.780;3.166.776;2.611.630;92.500
50.810.000;104.399;0.0120;529.422;349.540;26.962;3.652.332;2.994.912;92.500
50.815.000;104.487;0.0161;527.613;346.000;26.994;3.804.708;3.119.861;92.500
50.820.000;104.575;0.0203;526.352;349.540;26.888;2.999.800;2.481.149;92.500
50.825.000;104.663;0.0206;526.316;355.850;27.068;2.717.682;2.259.741;92.500
50.830.000;104.751;0.0176;527.536;364.920;26.949;2.664.571;2.217.927;92.500
50.835.000;104.839;0.0188;529.376;373.860;27.004;2.602.234;2.168.789;92.500
50.840.000;104.927;0.0181;531.518;378.240;26.964;2.727.363;2.267.387;92.500
50.845.000;105.015;0.0159;532.677;379.940;27.134;2.752.701;2.287.328;92.500
50.850.000;105.100;0.0138;533.317;379.940;27.528;2.580.160;2.151.404;92.500
50.855.000;105.155;0.0117;533.638;379.940;27.755;2.782.302;2.310.612;92.500
50.860.000;105.208;0.0125;534.615;379.940;27.258;3.019.393;2.496.509;92.500
50.865.000;105.260;0.0138;536.365;379.940;27.003;2.836.115;2.352.887;92.500
50.870.000;105.313;0.0139;538.285;380.460;27.055;2.515.633;2.100.461;92.500
50.875.000;105.366;0.0113;540.236;387.920;26.800;2.231.366;1.875.046;92.500
50.880.000;105.419;0.0087;543.835;398.660;26.717;1.991.576;1.683.654;92.500
50.885.000;105.471;0.0061;549.314;416.410;26.812;1.866.742;1.583.522;92.500
50.890.000;105.524;0.0035;553.265;422.490;26.916;2.118.792;1.785.367;92.500
50.895.000;105.577;0.0009;555.532;434.650;26.844;2.721.988;2.263.213;92.500
50.900.000;105.630;-0.0001;556.048;437.390;26.837;3.500.876;2.871.490;92.500
50.905.000;105.682;0.0024;555.994;440.730;26.863;8.707.220;7.139.920;92.500
50.910.000;105.735;0.0084;556.488;446.810;26.945;6.400.588;13.448.483;92.500
50.915.000;105.788;0.0165;557.493;448.420;27.083;1.543.816;9.465.929;92.500
50.920.000;105.840;0.0246;558.954;465.530;27.000;8.157.762;6.689.365;92.500
50.925.000;105.893;0.0327;563.323;487.930;26.886;5.777.133;4.737.249;92.500
50.930.000;105.946;0.0389;568.950;531.910;26.954;3.876.787;3.178.965;92.500
50.935.000;105.999;0.0431;575.060;569.700;26.986;2.495.006;2.084.234;92.500
50.940.000;106.051;0.0426;580.225;600.420;26.969;1.655.295;1.413.164;92.500
50.945.000;106.104;0.0346;584.025;601.840;27.119;1.731.613;1.474.838;92.500
50.950.000;106.157;0.0191;585.023;594.370;27.192;1.969.598;1.666.192;92.500
50.955.000;106.210;0.0152;583.775;580.550;27.305;2.724.086;2.264.911;92.500
50.960.000;106.262;0.0123;580.645;563.990;27.453;3.767.596;3.089.429;92.500
50.965.000;106.303;0.0099;577.145;536.640;27.524;4.626.483;3.793.716;92.500
50.970.000;106.348;0.0081;574.112;521.980;27.515;5.307.617;4.352.246;92.500
50.975.000;106.392;0.0099;572.285;513.680;27.278;7.404.196;6.071.441;92.500
50.980.000;106.437;0.0120;571.966;513.680;27.125;6.778.831;5.558.641;92.500
50.985.000;106.481;0.0149;572.833;513.680;27.009;6.260.911;5.133.947;92.500
50.990.000;106.525;0.0177;574.000;516.990;26.780;6.451.812;5.290.486;92.500
50.995.000;106.569;0.0194;577.064;531.910;26.698;7.505.971;6.154.896;92.500
51.000.000;106.614;0.0232;580.619;544.070;26.727;8.625.643;7.073.027;92.500
51.005.000;106.658;0.0280;584.677;563.150;27.020;9.329.954;7.650.562;92.500
51.010.000;106.702;0.0327;588.691;594.920;27.099;7.943.492;6.513.663;92.500
51.015.000;106.747;0.0383;593.048;609.010;27.014;5.443.099;4.463.341;92.500
51.020.000;106.791;0.0356;599.849;623.100;27.155;3.729.761;3.058.404;92.500
51.025.000;106.835;0.0300;608.749;636.930;27.093;2.804.826;2.328.401;92.500
51.030.000;106.880;0.0233;618.506;654.060;27.153;2.556.410;2.132.833;92.500
51.035.000;106.868;0.0167;631.792;672.860;26.938;2.832.928;2.350.457;92.500
51.040.000;106.809;0.0100;647.620;702.130;26.644;3.464.164;2.842.879;92.500
51.045.000;106.750;0.0059;663.099;754.460;26.553;4.236.051;3.473.562;92.500
51.050.000;106.691;0.0041;677.191;844.860;26.715;5.019.603;4.116.075;92.500
51.055.000;106.631;0.0045;688.804;908.930;26.712;5.507.618;4.516.247;92.500
51.060.000;106.572;0.0052;697.512;973.080;26.644;4.685.823;3.842.375;92.500
51.065.000;106.506;0.0062;703.694;1.054.710;26.585;3.608.744;2.959.170;92.500
51.070.000;106.722;0.0072;705.901;1.280.010;26.650;3.022.364;2.498.797;92.500
51.075.000;106.913;0.0081;705.142;1.455.930;26.266;2.937.686;2.432.552;92.500
51.080.000;106.941;0.0110;704.370;1.532.050;26.253;2.856.428;2.368.866;92.500
51.085.000;106.972;0.0144;703.383;1.677.500;26.294;2.628.323;2.189.527;92.500
51.090.000;107.002;0.0167;702.422;1.867.490;26.362;2.288.880;1.920.982;92.500
51.095.000;107.032;0.0127;702.119;1.989.000;26.225;1.984.223;1.678.037;92.500
51.100.000;107.062;0.0086;701.645;2.110.520;26.061;1.815.667;1.542.743;92.500
51.105.000;107.092;0.0046;701.417;2.098.260;26.110;2.066.622;1.743.949;92.500
51.110.000;107.122;0.0018;701.228;2.008.720;26.126;1.795.962;1.526.891;92.500
51.115.000;107.152;0.0005;701.198;1.919.170;26.021;1.670.673;1.425.812;92.500
51.120.000;107.182;-0.0007;701.434;1.829.620;26.198;2.046.009;1.727.489;92.500
51.125.000;107.212;-0.0006;701.323;1.830.700;26.254;2.486.465;2.077.568;92.500
51.130.000;107.242;0.0014;701.901;1.902.820;26.196;3.019.393;2.496.472;92.500
51.135.000;107.272;0.0038;703.393;1.974.950;26.163;1.345.467;1.161.398;92.500
51.140.000;107.302;0.0080;704.859;2.047.070;26.034;1.193.828;1.036.936;92.500
51.145.000;107.332;0.0143;706.558;2.119.190;26.465;1.120.780;976.680;92.500
51.150.000;107.362;0.0241;708.407;1.902.150;26.855;1.441.702;1.240.003;92.500
51.155.000;107.392;0.0392;703.834;1.543.880;26.990;2.149.102;1.809.806;92.500
51.160.000;107.422;0.0663;690.286;1.121.580;27.088;2.727.363;2.267.505;92.500
51.165.000;107.452;0.0935;672.701;992.650;27.106;1.323.289;1.143.282;92.500
51.170.000;107.482;0.1138;652.157;788.100;27.239;928.073;816.666;92.500
51.175.000;107.512;0.1085;630.697;629.180;27.082;799.043;708.521;92.500
51.180.000;107.542;0.0830;610.118;588.100;26.742;701.650;626.277;92.500
51.185.000;107.572;0.0572;592.934;560.780;26.644;687.621;614.387;92.500
51.190.000;107.602;0.0421;584.425;546.230;26.822;934.420;821.991;92.500
51.195.000;107.632;0.0303;586.096;550.150;26.949;1.317.331;1.138.441;92.500
51.200.000;107.662;0.0135;591.838;570.840;26.894;1.951.588;1.651.989;92.500
51.205.000;107.693;0.0216;598.800;600.660;26.877;2.891.223;2.396.134;92.500
51.210.000;107.701;0.0168;607.326;627.150;26.958;3.566.226;2.924.305;92.500
51.215.000;107.775;0.0233;617.046;653.500;26.808;3.445.087;2.827.914;92.500
51.220.000;107.854;0.0280;626.172;672.020;26.972;3.373.747;2.772.536;92.500
51.225.000;107.933;0.0305;636.878;707.920;27.283;3.443.085;2.826.353;92.500
51.230.000;108.012;0.0374;648.251;737.740;27.362;3.533.358;2.897.354;92.500
51.235.000;108.091;0.0476;660.581;776.020;27.183;2.975.251;2.461.945;92.500
51.240.000;108.170;0.0577;673.917;811.550;27.124;2.981.763;2.467.043;92.500
51.245.000;108.249;0.0655;685.744;839.450;27.139;1.765.417;1.502.511;92.500
51.250.000;108.328;0.0629;695.828;869.310;26.989;1.607.976;1.375.327;92.500
51.255.000;108.407;0.0604;703.620;891.820;27.019;1.481.435;1.272.608;92.500
51.260.000;108.486;0.0740;706.756;902.740;26.920;1.507.947;1.294.192;92.500
51.265.000;108.475;0.0834;705.709;895.960;27.034;1.735.754;1.478.645;92.500
51.270.000;108.414;0.0827;701.425;879.290;27.030;1.583.116;1.355.194;92.500
51.275.000;108.353;0.0769;698.123;853.800;26.994;1.507.937;1.294.140;92.500
51.280.000;108.292;0.0733;696.473;832.950;26.853;1.899.567;1.610.383;92.500
51.285.000;108.231;0.0762;694.779;829.790;26.469;2.287.904;1.920.336;92.500
51.290.000;108.169;0.0844;693.301;863.740;26.361;1.887.348;1.600.538;92.500
51.295.000;108.108;0.0925;692.327;880.990;26.271;1.450.712;1.247.491;92.500
51.300.000;108.105;0.0957;691.071;884.500;26.208;1.113.745;971.028;92.500
51.305.000;108.228;0.0978;688.707;872.340;25.958;842.758;745.415;92.500
51.310.000;108.351;0.1120;679.594;864.990;25.687;499.429;453.583;92.500
51.315.000;108.473;0.1262;666.607;848.030;25.368;235.700;221.038;92.500
51.320.000;108.596;0.1404;653.596;818.850;25.002;137.846;131.806;92.500
51.325.000;108.717;0.1529;642.120;769.000;25.096;93.888;91.017;92.500
51.330.000;108.834;0.1488;642.616;719.930;24.934;85.671;83.331;92.500
51.335.000;108.637;0.1430;649.023;685.550;24.640;80.946;78.874;92.500
51.340.000;108.108;0.1400;657.639;663.160;24.220;67.849;66.477;92.500
51.345.000;107.583;0.1514;674.383;645.020;23.988;51.082;50.505;92.500
51.350.000;107.062;0.1550;700.234;629.180;23.997;38.047;37.966;92.500
51.355.000;106.709;0.1461;699.038;615.170;23.971;33.427;33.471;92.500
51.360.000;106.842;0.1502;693.393;600.240;23.858;34.582;34.604;92.500
51.365.000;106.919;0.1580;679.490;592.710;23.816;35.009;35.024;92.500
51.370.000;106.984;0.1596;662.205;604.860;23.935;31.851;31.946;92.500
51.375.000;107.047;0.1587;646.808;642.850;24.208;29.745;29.890;92.500
51.380.000;107.110;0.1531;627.696;669.180;24.454;28.245;28.423;92.500
51.385.000;107.172;0.1460;606.591;680.960;24.352;27.446;27.642;92.500
51.390.000;107.234;0.1319;613.013;683.890;24.866;27.019;27.226;92.500
51.395.000;107.303;0.1015;621.017;677.810;25.502;30.231;30.377;92.500
51.400.000;107.544;0.0627;629.972;670.520;25.990;40.963;40.802;92.500
51.405.000;107.796;0.0311;640.696;678.650;26.194;73.913;72.176;92.500
51.410.000;108.047;0.0452;655.761;727.930;26.496;225.555;211.791;92.500
51.415.000;108.366;0.0658;671.021;793.310;26.915;611.221;549.511;92.500
51.420.000;108.701;0.0928;685.215;857.460;27.063;828.362;733.421;92.500
51.425.000;109.037;0.1199;698.086;894.760;27.021;987.349;866.420;92.500
51.430.000;109.373;0.1334;707.852;925.190;27.329;915.746;806.805;92.500
51.435.000;109.624;0.1436;714.324;945.290;27.524;827.315;732.778;92.500
51.440.000;109.829;0.1329;716.106;957.690;27.494;889.028;784.580;92.500
51.445.000;109.988;0.1105;716.048;969.600;27.306;1.021.116;894.747;92.500
51.450.000;110.201;0.0871;715.418;963.830;26.891;1.155.460;1.006.010;92.500
51.455.000;110.410;0.0828;714.407;948.900;27.109;1.279.491;1.108.101;92.500
51.460.000;110.618;0.0891;712.305;920.970;27.033;1.351.702;1.167.304;92.500
51.465.000;110.832;0.0790;709.306;893.770;27.068;1.299.136;1.124.324;92.500
51.470.000;110.707;0.0700;706.156;873.740;26.952;1.231.293;1.068.597;92.500
51.475.000;110.855;0.0760;702.155;858.810;27.015;1.358.110;1.172.605;92.500
51.480.000;111.005;0.0727;698.151;848.020;26.784;1.440.152;1.239.612;92.500
51.485.000;111.153;0.0677;695.189;835.870;26.930;1.365.251;1.178.521;92.500
51.490.000;111.301;0.0659;694.095;834.070;26.810;1.278.172;1.107.255;92.500
51.495.000;111.449;0.0676;694.871;832.960;26.798;1.242.732;1.078.196;92.500
51.500.000;111.596;0.0690;696.691;844.990;26.858;1.242.732;1.078.236;92.500
51.505.000;111.772;0.0707;699.025;860.180;26.949;1.242.732;1.078.283;92.500
51.510.000;112.018;0.0764;701.330;874.830;26.669;1.138.293;992.326;92.500
51.515.000;112.264;0.0895;699.364;884.500;26.428;1.032.999;905.216;92.500
51.520.000;112.509;0.1008;693.478;876.480;26.343;903.650;797.504;92.500
51.525.000;112.754;0.0889;683.644;860.180;26.223;778.908;692.815;92.500
51.530.000;112.999;0.0714;670.384;817.420;26.067;739.006;659.179;92.500
51.535.000;113.243;0.0540;656.505;756.520;25.815;657.281;589.902;92.500
51.540.000;113.487;0.0458;641.392;715.200;25.496;442.482;405.278;92.500
51.545.000;113.735;0.0660;626.493;671.730;25.105;195.696;185.528;92.500
51.550.000;114.056;0.0807;617.476;640.570;25.171;136.692;131.413;92.500
51.555.000;114.354;0.0955;613.583;609.410;25.287;100.836;98.093;92.500
51.560.000;114.626;0.1058;613.860;619.460;25.242;88.078;86.145;92.500
51.565.000;114.897;0.1076;616.941;652.470;25.299;77.546;76.231;92.500
51.570.000;115.172;0.1052;621.738;689.970;25.371;78.993;77.625;92.500
51.575.000;115.219;0.1028;630.330;716.270;25.477;82.915;81.334;92.500
51.580.000;115.073;0.0970;641.606;728.810;25.803;90.141;88.129;92.500
51.585.000;114.925;0.0779;655.845;740.030;26.486;118.167;114.331;92.500
51.590.000;114.777;0.0633;668.559;775.080;26.800;207.034;196.008;92.500
51.595.000;114.632;0.0648;679.974;808.540;26.903;346.865;321.776;92.500
51.600.000;114.357;0.0946;691.811;858.990;26.959;600.224;541.462;92.500
51.605.000;114.165;0.1204;702.306;897.330;27.117;890.839;787.200;92.500
51.610.000;114.620;0.1461;710.026;917.990;27.068;858.152;759.926;92.500
51.615.000;115.089;0.1569;715.106;933.130;27.222;804.679;715.105;92.500
51.620.000;115.271;0.1581;715.563;934.410;27.151;804.679;715.151;92.500
51.625.000;115.230;0.1469;715.523;936.550;27.237;903.449;798.030;92.500
51.630.000;115.184;0.1365;715.614;929.090;27.348;987.670;868.295;92.500
51.635.000;115.138;0.1233;715.594;920.970;27.204;1.079.743;944.729;92.500
51.640.000;115.106;0.1280;715.046;907.360;27.063;1.180.399;1.027.873;92.500
51.645.000;115.155;0.1340;714.013;892.430;27.126;1.277.691;1.107.878;92.500
51.650.000;115.203;0.1466;712.537;912.460;27.231;1.082.245;946.814;92.500
51.655.000;115.251;0.1721;710.927;963.530;26.849;865.127;765.930;92.500
51.660.000;115.298;0.1941;709.536;981.950;26.688;691.568;619.520;92.500
51.665.000;115.364;0.1825;708.225;987.840;26.537;582.184;526.232;92.500
51.670.000;115.477;0.1671;706.925;984.890;26.379;619.635;558.302;92.500
51.675.000;115.500;0.1553;703.536;973.100;26.366;650.509;584.645;92.500
51.680.000;115.500;0.1444;695.709;945.290;26.489;609.960;550.037;92.500
51.685.000;115.500;0.1438;685.083;899.690;26.537;582.184;526.259;92.500
51.690.000;115.500;0.1320;672.459;832.480;26.245;605.576;546.287;92.500
51.695.000;115.500;0.1174;658.761;776.690;25.872;634.351;570.866;92.500
51.700.000;115.500;0.1028;644.115;726.440;25.818;656.552;589.787;92.500
51.705.000;115.500;0.0882;629.319;680.580;25.876;547.683;496.634;92.500
51.710.000;115.499;0.0712;616.924;633.920;25.503;443.641;406.663;92.500
51.715.000;115.504;0.0807;607.856;617.020;25.315;353.706;327.974;92.500
51.720.000;115.651;0.0959;601.009;610.940;25.168;270.216;253.312;92.500
51.725.000;115.806;0.1110;595.545;604.860;25.006;206.433;195.609;92.500
51.730.000;115.960;0.1261;590.120;597.480;24.838;157.706;151.040;92.500
51.735.000;116.115;0.1321;585.773;590.020;24.710;111.426;108.178;92.500
51.740.000;116.273;0.1368;582.078;582.550;24.569;68.129;67.410;92.500
51.745.000;116.308;0.1400;579.050;580.550;24.627;60.022;59.676;92.500
51.750.000;115.971;0.1316;576.932;574.470;24.716;56.625;56.397;92.500
51.755.000;115.559;0.1238;574.102;572.330;24.841;70.890;69.975;92.500
51.760.000;115.149;0.1200;570.887;568.390;24.984;83.500;81.876;92.500
51.765.000;114.984;0.1296;568.221;568.390;24.821;75.424;74.226;92.500
51.770.000;115.203;0.1481;565.441;568.390;24.624;61.071;60.594;92.500
51.775.000;115.409;0.1665;562.720;568.390;24.692;48.321;48.376;92.500
51.780.000;114.986;0.1770;560.536;565.410;24.736;37.646;38.014;92.500
51.785.000;113.702;0.1659;559.774;562.310;24.947;37.978;38.265;92.500
51.790.000;113.990;0.1516;560.002;556.230;25.064;46.574;46.599;92.500
51.795.000;114.680;0.1374;560.714;556.230;25.018;57.292;56.941;92.500
51.800.000;114.813;0.1200;561.498;556.230;25.208;71.353;70.351;92.500
51.805.000;114.109;0.1273;563.168;560.050;24.996;64.380;63.664;92.500
51.810.000;113.883;0.1397;566.574;568.390;24.700;52.253;52.054;92.500
51.815.000;114.341;0.1510;570.895;575.980;24.566;43.650;43.798;92.500
51.820.000;114.478;0.1575;575.403;598.360;24.472;43.079;43.254;92.500
51.825.000;114.101;0.1605;581.018;620.740;24.297;42.506;42.677;92.500
51.830.000;113.574;0.1612;587.973;641.340;24.282;43.297;43.410;92.500
51.835.000;112.960;0.1610;597.788;665.650;24.425;45.060;45.074;92.500
51.840.000;113.301;0.1585;609.415;692.650;24.745;48.125;48.048;92.500
51.845.000;113.518;0.1503;621.174;713.000;25.000;58.225;57.746;92.500
51.850.000;113.007;0.1358;634.732;746.960;25.197;70.376;69.271;92.500
51.855.000;112.418;0.1224;649.127;781.160;25.296;101.660;98.653;92.500
51.860.000;111.831;0.1307;663.062;816.280;25.130;114.349;110.419;92.500
51.865.000;111.623;0.1589;676.080;861.090;25.292;88.406;86.156;92.500
51.870.000;111.955;0.1556;686.207;905.840;25.584;69.401;68.258;92.500
51.875.000;111.769;0.1516;693.407;945.290;25.859;72.016;70.719;92.500
51.880.000;111.390;0.1516;698.966;971.050;26.211;86.646;84.480;92.500
51.885.000;111.003;0.1601;702.349;1.020.710;26.354;149.824;143.128;92.500
51.890.000;110.617;0.1701;704.577;1.127.020;26.417;263.059;246.029;92.500
51.895.000;110.227;0.1621;706.180;1.308.670;26.390;473.611;431.576;92.500
51.900.000;110.031;0.1500;707.275;1.455.930;26.638;637.944;572.602;92.500
51.905.000;109.854;0.1661;707.853;1.553.190;26.768;717.961;640.509;92.500
51.910.000;109.450;0.1825;708.490;1.474.670;26.725;768.320;682.958;92.500
51.915.000;109.147;0.1869;709.311;1.318.160;26.775;621.013;557.958;92.500
51.920.000;108.850;0.1706;709.667;1.188.450;26.634;591.858;532.987;92.500
51.925.000;108.554;0.1561;709.915;1.144.830;26.768;720.161;642.046;92.500
51.930.000;108.257;0.1662;710.019;1.131.820;26.850;782.662;694.741;92.500
51.935.000;108.064;0.1793;710.146;1.134.250;26.859;678.703;606.786;92.500
51.940.000;107.923;0.1845;710.256;1.145.900;26.885;591.987;532.882;92.500
51.945.000;107.604;0.1574;710.185;1.139.820;26.767;516.587;468.119;92.500
51.950.000;107.180;0.1335;710.172;1.120.840;26.837;491.934;446.774;92.500
51.955.000;106.751;0.1097;708.872;1.072.500;26.692;576.046;518.976;92.500
51.960.000;106.320;0.0831;703.892;988.830;26.768;675.164;603.357;92.500
51.965.000;105.891;0.0772;697.024;923.530;26.852;791.646;701.695;92.500
51.970.000;105.506;0.0744;690.264;869.440;26.970;928.225;816.046;92.500
51.975.000;105.392;0.0677;685.303;815.340;27.132;1.150.705;1.000.572;92.500
51.980.000;105.274;0.0644;685.544;787.230;27.216;1.464.870;1.257.942;92.500
51.985.000;105.155;0.0894;687.084;793.310;27.357;1.864.810;1.581.288;92.500
51.990.000;105.036;0.1067;689.541;820.120;27.423;2.028.752;1.712.657;92.500
51.995.000;104.916;0.1151;696.270;885.580;27.331;1.309.105;1.130.635;92.500
52.000.000;104.797;0.1188;704.292;948.330;27.568;975.642;855.363;92.500
52.005.000;104.678;0.1058;706.351;965.010;26.999;842.758;744.316;92.500
52.010.000;104.558;0.0910;699.714;947.010;27.143;917.887;807.152;92.500
52.015.000;104.514;0.0699;685.626;913.780;27.297;1.028.666;899.347;92.500
52.020.000;104.537;0.0572;669.878;823.710;27.200;1.179.912;1.024.396;92.500
52.025.000;104.562;0.0556;657.602;720.520;27.264;1.526.229;1.307.626;92.500
52.030.000;104.586;0.0540;648.046;680.360;27.364;1.336.602;1.153.041;92.500
52.035.000;104.611;0.0523;640.384;677.110;27.127;1.413.602;1.215.954;92.500
52.040.000;104.635;0.0516;639.865;738.600;26.918;2.028.752;1.712.532;92.500
52.045.000;104.660;0.0545;645.825;776.770;26.955;1.782.395;1.514.832;92.500
52.050.000;104.682;0.0600;653.797;797.260;26.880;2.100.297;1.769.695;92.500
52.055.000;104.711;0.0611;661.154;808.860;26.959;2.822.916;2.341.469;92.500
52.060.000;104.500;0.0592;663.726;811.550;27.118;2.790.430;2.315.926;92.500
52.065.000;104.289;0.0733;660.962;811.290;27.302;3.251.234;2.676.290;92.500
52.070.000;104.302;0.0878;653.421;796.290;27.403;2.184.527;1.836.752;92.500
52.075.000;104.300;0.1024;642.178;775.380;27.129;1.263.591;1.093.114;92.500
52.080.000;104.300;0.1112;628.706;727.920;26.964;723.038;643.395;92.500
52.085.000;104.300;0.0888;615.185;665.650;26.873;738.275;656.270;92.500
52.090.000;104.273;0.0548;601.815;610.270;26.891;797.387;706.083;92.500
52.095.000;104.230;0.0329;590.858;572.940;26.944;1.038.576;907.467;92.500
52.100.000;104.186;0.0191;584.566;550.460;26.864;1.766.066;1.501.524;92.500
52.105.000;104.146;0.0191;582.459;544.070;27.040;3.020.143;2.495.895;92.500
52.110.000;104.115;0.0265;583.216;559.040;27.133;3.501.690;2.871.386;92.500
52.115.000;103.892;0.0317;585.538;584.770;27.314;2.720.951;2.261.176;92.500
52.120.000;103.865;0.0369;587.361;599.750;27.478;1.941.323;1.642.295;92.500
52.125.000;103.841;0.0439;589.017;610.940;27.241;1.372.964;1.182.527;92.500
52.130.000;103.819;0.0410;589.013;617.020;27.150;1.388.355;1.195.090;92.500
52.135.000;103.796;0.0367;586.898;605.870;27.270;1.464.352;1.257.046;92.500
52.140.000;103.774;0.0377;583.580;583.400;27.212;1.678.127;1.430.429;92.500
52.145.000;103.752;0.0392;580.124;551.900;27.346;2.028.752;1.712.259;92.500
52.150.000;103.729;0.0390;576.310;531.910;27.407;1.745.155;1.484.522;92.500
52.155.000;103.707;0.0343;572.717;531.910;27.249;1.655.295;1.411.945;92.500
52.160.000;103.674;0.0295;570.020;531.910;27.265;1.772.861;1.506.835;92.500
52.165.000;103.637;0.0268;567.722;527.830;27.132;2.037.777;1.719.436;92.500
52.170.000;103.600;0.0261;565.368;519.760;27.200;2.228.718;1.871.710;92.500
52.175.000;103.562;0.0255;562.828;511.180;27.276;2.330.612;1.952.665;92.500
52.180.000;103.526;0.0229;559.553;490.940;27.335;2.132.894;1.795.357;92.500
52.185.000;103.551;0.0201;556.258;472.290;27.296;1.991.576;1.682.440;92.500
52.190.000;103.721;0.0192;553.342;452.890;27.522;2.010.078;1.697.287;92.500
52.195.000;103.889;0.0202;550.973;440.320;27.307;1.817.778;1.543.038;92.500
52.200.000;104.065;0.0211;550.108;434.650;27.220;1.865.356;1.581.333;92.500
52.205.000;103.975;0.0214;550.630;434.650;27.344;1.717.670;1.462.386;92.500
52.210.000;103.810;0.0179;551.606;452.890;27.146;1.717.670;1.462.340;92.500
52.215.000;103.709;0.0143;553.003;477.200;27.117;1.815.667;1.541.282;92.500
52.220.000;103.741;0.0108;554.965;489.360;27.224;2.233.896;1.875.828;92.500
52.225.000;103.771;0.0071;556.160;486.550;27.270;2.710.601;2.252.928;92.500
52.230.000;103.801;0.0066;554.675;479.060;27.205;2.999.218;2.479.384;92.500
52.235.000;103.831;0.0054;552.156;458.970;26.935;3.265.701;2.687.373;92.500
52.240.000;103.861;0.0031;547.473;436.840;26.909;3.697.838;3.032.227;92.500
52.245.000;103.891;0.0008;542.037;404.490;27.165;3.538.429;2.901.512;92.500
52.250.000;103.921;-0.0015;537.074;363.240;27.274;4.720.327;3.870.668;92.500
52.255.000;103.951;-0.0029;530.994;319.150;27.300;6.673.166;5.471.996;92.500
52.260.000;103.981;-0.0041;525.201;294.280;27.229;7.092.867;5.816.151;92.500
52.265.000;104.011;-0.0052;521.802;284.830;27.182;9.846.432;16.274.073;92.500
52.270.000;104.041;-0.0061;518.215;276.600;27.292;5.852.722;4.799.232;92.500
52.275.000;104.071;-0.0061;516.434;270.520;27.525;6.524.064;5.349.732;92.500
52.280.000;104.101;-0.0060;515.266;264.440;27.845;6.813.690;5.587.226;92.500
52.285.000;104.055;-0.0060;514.679;262.900;27.563;6.813.690;5.587.226;92.500
52.290.000;104.000;-0.0059;515.610;258.360;27.254;5.250.462;4.305.379;92.500
52.295.000;103.946;-0.0059;517.230;262.720;27.278;4.559.204;3.738.547;92.500
52.300.000;103.891;-0.0058;518.391;264.440;27.153;4.553.408;3.733.795;92.500
52.305.000;103.837;-0.0058;519.721;270.520;27.025;5.261.519;4.314.446;92.500
52.310.000;103.783;-0.0057;520.291;273.040;27.023;6.160.182;5.051.349;92.500
52.315.000;103.729;-0.0057;520.205;276.600;27.149;6.662.437;5.463.198;92.500
52.320.000;103.723;-0.0056;519.359;276.600;27.184;6.745.972;5.531.697;92.500
52.325.000;103.771;-0.0056;518.942;276.600;27.277;6.450.228;5.289.187;92.500
52.330.000;103.819;-0.0055;519.206;276.600;27.379;6.453.602;5.291.954;92.500
52.335.000;103.867;-0.0055;519.554;276.600;27.446;7.351.816;6.028.489;92.500
52.340.000;103.915;-0.0054;519.932;276.600;27.122;8.746.840;7.172.409;92.500
52.345.000;103.963;-0.0054;520.481;276.330;26.957;9.135.143;7.490.817;92.500
52.350.000;104.010;-0.0053;522.163;272.190;27.033;8.772.523;7.193.469;92.500
52.355.000;104.058;-0.0053;523.302;276.600;27.143;8.375.043;6.867.535;92.500
52.360.000;104.106;-0.0052;523.852;276.600;27.181;8.509.805;6.978.040;92.500
52.365.000;104.154;-0.0052;524.625;288.750;27.068;8.830.825;7.241.277;92.500
52.370.000;104.202;-0.0051;527.531;297.330;27.298;9.335.711;7.655.283;92.500
52.375.000;104.250;-0.0051;531.592;312.310;27.251;8.266.617;6.778.625;92.500
52.380.000;104.298;-0.0050;535.760;335.440;27.309;5.852.722;4.799.232;92.500
52.385.000;104.300;-0.0050;539.633;367.780;27.124;4.972.987;4.077.849;92.500
52.390.000;104.300;-0.0049;543.812;392.920;27.237;4.461.254;3.658.228;92.500
52.395.000;104.300;-0.0049;547.087;398.180;27.286;5.193.755;4.258.879;92.500
52.400.000;104.300;-0.0050;549.319;394.530;27.173;5.726.982;4.696.125;92.500
52.405.000;104.300;-0.0051;549.093;386.020;27.115;5.665.128;4.645.405;92.500
52.410.000;104.300;-0.0052;547.988;385.230;27.131;6.112.544;5.012.286;92.500
52.415.000;104.300;-0.0052;545.562;372.050;27.082;5.759.412;4.722.718;92.500
52.420.000;104.300;-0.0053;541.975;358.110;27.090;4.890.515;4.010.222;92.500
52.425.000;104.301;-0.0054;537.838;331.310;26.923;4.608.983;3.779.366;92.500
52.430.000;104.339;-0.0055;533.451;313.070;27.102;4.664.874;3.825.197;92.500
52.435.000;104.378;-0.0055;528.940;305.610;27.227;4.793.769;3.930.891;92.500
52.440.000;104.417;-0.0056;525.268;298.120;27.313;5.819.849;4.772.276;92.500
52.445.000;104.455;-0.0057;522.367;290.620;27.299;8.123.724;6.661.453;92.500
52.450.000;104.494;-0.0048;521.838;288.750;27.386;1.364.014;9.318.491;92.500
52.455.000;104.532;-0.0041;523.185;296.740;27.354;5.552.532;12.753.076;92.500
52.460.000;104.571;-0.0034;526.022;311.730;27.412;3.020.507;10.676.815;92.500
52.465.000;104.610;-0.0028;529.891;326.710;27.260;9.114.319;7.473.741;92.500
52.470.000;104.649;-0.0022;534.392;343.470;27.177;9.493.529;15.984.694;92.500
52.475.000;104.687;-0.0015;537.996;362.770;27.127;6.926.694;13.879.889;92.500
52.480.000;104.726;-0.0008;542.061;379.700;27.118;7.993.679;14.754.817;92.500
52.485.000;104.765;-0.0003;546.101;398.810;27.262;741.462;17.007.999;92.500
52.490.000;104.803;0.0002;550.261;422.490;27.191;5.726.982;4.696.125;92.500
52.495.000;104.842;0.0007;553.974;447.030;27.240;5.789.510;4.747.398;92.500
52.500.000;104.881;0.0027;557.780;462.010;27.060;5.543.419;4.545.604;92.500
52.505.000;104.920;0.0045;560.993;476.990;26.909;858.213;17.103.734;92.500
52.510.000;104.958;0.0060;564.158;483.280;26.910;8.609.612;7.059.882;92.500
52.515.000;104.997;0.0075;566.301;489.360;26.767;4.722.459;3.872.416;92.500
52.520.000;105.035;0.0074;568.338;489.360;26.937;4.067.944;3.335.714;92.500
52.525.000;105.074;0.0065;569.975;491.870;27.063;3.726.567;3.055.785;92.500
52.530.000;105.113;0.0056;570.972;495.440;27.131;4.251.225;3.486.004;92.500
52.535.000;105.152;0.0047;572.339;507.600;26.942;3.834.763;3.144.506;92.500
52.540.000;105.190;0.0031;574.052;513.680;26.937;3.207.364;2.641.721;92.500
52.545.000;105.228;0.0004;575.479;509.510;27.059;2.882.965;2.388.230;92.500
52.550.000;105.273;-0.0023;575.436;491.030;27.097;4.171.393;3.420.542;92.500
52.555.000;105.453;-0.0049;572.192;465.050;26.932;6.018.171;4.934.900;92.500
52.560.000;105.596;-0.0061;565.233;427.120;26.746;14.112;8.211.572;92.500
52.565.000;105.689;-0.0045;559.720;387.140;26.455;7.497.334;14.347.814;92.500
52.570.000;105.784;-0.0014;554.891;367.720;26.794;7.787.728;14.585.938;92.500
52.575.000;105.880;0.0016;548.943;357.220;27.136;9.915.756;16.330.919;92.500
52.580.000;105.976;0.0047;551.231;361.700;26.684;7.725.988;14.535.310;92.500
52.585.000;106.072;0.0231;562.770;378.780;26.030;8.964.584;7.350.959;92.500
52.590.000;106.167;0.0562;584.098;443.070;26.236;3.890.523;3.190.229;92.500
52.595.000;106.264;0.0875;610.366;639.480;26.381;1.658.353;1.414.890;92.500
52.600.000;106.335;0.1088;635.269;775.080;26.418;902.701;794.783;92.500
52.605.000;106.392;0.1212;659.500;918.480;26.340;690.327;616.107;92.500
52.610.000;106.449;0.1260;683.469;1.008.420;26.325;570.137;513.739;92.500
52.615.000;106.506;0.1190;699.663;1.091.000;26.558;490.268;445.099;92.500
52.620.000;106.563;0.1062;708.314;1.151.980;26.740;429.591;392.568;92.500
52.625.000;106.620;0.0918;709.048;1.155.210;26.800;393.350;361.015;92.500
52.630.000;106.677;0.0844;709.599;1.150.880;26.930;366.655;337.681;92.500
52.635.000;106.734;0.0879;709.995;1.114.490;26.987;383.807;352.699;92.500
52.640.000;106.791;0.0920;710.244;1.060.790;26.675;405.981;372.063;92.500
52.645.000;106.848;0.0944;710.549;1.018.240;26.612;414.047;379.100;92.500
52.650.000;106.900;0.0949;709.118;972.190;26.796;419.115;383.520;92.500
52.655.000;106.867;0.0989;705.739;925.290;26.924;448.262;408.830;92.500
52.660.000;106.829;0.1030;701.593;892.040;26.986;497.493;451.393;92.500
52.665.000;106.791;0.1072;696.498;866.260;26.903;680.514;607.870;92.500
52.670.000;106.753;0.1137;691.601;846.140;26.777;932.995;820.168;92.500
52.675.000;106.715;0.1205;687.633;831.160;26.757;992.120;869.394;92.500
52.680.000;106.677;0.1237;684.893;823.710;26.657;1.052.176;919.233;92.500
52.685.000;106.639;0.1179;685.225;829.790;26.804;968.152;849.430;92.500
52.690.000;106.601;0.1061;688.011;842.970;26.862;1.153.048;1.002.598;92.500
52.695.000;106.563;0.0936;691.600;857.970;26.790;1.427.639;1.227.667;92.500
52.700.000;106.525;0.0840;694.928;869.600;26.869;1.226.369;1.062.936;92.500
52.705.000;106.487;0.0864;695.599;872.340;27.007;1.031.215;901.793;92.500
52.710.000;106.449;0.0672;693.338;866.170;27.047;1.023.388;895.286;92.500
52.715.000;106.411;0.0431;688.486;857.180;26.974;986.225;864.398;92.500
52.720.000;106.373;0.0391;681.644;836.350;26.844;1.391.377;1.198.027;92.500
52.725.000;106.335;0.0427;674.097;815.050;26.811;1.940.670;1.642.039;92.500
52.730.000;106.297;0.0561;667.333;793.310;26.876;2.245.979;1.885.652;92.500
52.735.000;106.259;0.0704;663.706;780.070;26.966;1.884.085;1.596.634;92.500
52.740.000;106.221;0.0847;665.336;775.080;26.987;1.521.194;1.303.673;92.500
52.745.000;106.183;0.0970;671.714;782.880;26.871;1.086.104;947.171;92.500
52.750.000;106.145;0.1059;679.633;811.550;27.022;851.006;751.430;92.500
52.755.000;106.107;0.1090;688.483;851.940;27.204;693.735;618.896;92.500
52.760.000;106.090;0.1058;697.767;901.060;27.212;706.255;629.495;92.500
52.765.000;106.075;0.0997;706.236;940.090;27.002;790.681;700.745;92.500
52.770.000;106.059;0.0936;712.292;951.370;27.092;891.976;785.701;92.500
52.775.000;106.044;0.0876;714.990;957.450;27.230;942.328;827.733;92.500
52.780.000;106.028;0.0834;714.738;955.810;27.261;890.839;784.739;92.500
52.785.000;106.012;0.0825;714.295;948.310;27.204;941.663;827.167;92.500
52.790.000;105.997;0.0850;713.779;940.820;27.223;677.535;605.127;92.500
52.795.000;105.981;0.0907;713.025;945.290;27.033;580.249;522.257;92.500
52.800.000;105.966;0.0968;712.121;979.320;26.758;576.825;519.323;92.500
52.805.000;105.950;0.0987;711.481;1.020.870;26.847;631.366;565.872;92.500
52.810.000;105.934;0.1072;711.025;1.024.320;26.864;735.064;653.808;92.500
52.815.000;105.919;0.1207;711.180;1.024.320;26.809;874.515;771.046;92.500
52.820.000;105.903;0.1321;712.142;1.025.110;26.870;787.861;698.315;92.500
52.825.000;105.888;0.1343;712.949;1.037.000;26.974;697.613;622.114;92.500
52.830.000;105.872;0.1340;713.490;1.055.870;27.104;617.702;554.207;92.500
52.835.000;105.857;0.1299;713.803;1.079.030;27.282;587.837;528.710;92.500
52.840.000;105.841;0.1258;713.635;1.092.280;27.255;571.516;514.745;92.500
52.845.000;105.825;0.1218;712.898;1.112.980;27.109;640.955;573.997;92.500
52.850.000;105.810;0.1128;711.560;1.121.580;26.940;719.591;640.691;92.500
52.855.000;105.794;0.0954;709.716;1.115.500;26.780;782.578;693.832;92.500
52.860.000;105.779;0.0781;708.035;1.115.500;26.603;935.356;821.825;92.500
52.865.000;105.763;0.0614;706.837;1.114.150;26.430;1.127.897;981.556;92.500
52.870.000;105.747;0.0514;706.072;1.112.190;26.330;1.360.474;1.172.555;92.500
52.875.000;105.732;0.0388;705.603;1.123.860;26.394;1.640.366;1.400.069;92.500
52.880.000;105.716;0.0451;705.037;1.139.820;26.501;1.907.869;1.615.502;92.500
52.885.000;105.699;0.0545;705.135;1.183.720;26.542;1.896.583;1.606.441;92.500
52.890.000;105.633;0.0693;706.329;1.234.290;26.507;1.195.103;1.036.908;92.500
52.895.000;105.562;0.0840;707.774;1.294.270;26.253;976.697;856.193;92.500
52.900.000;105.492;0.0948;709.230;1.413.150;26.492;969.967;850.572;92.500
52.905.000;105.422;0.0907;710.307;1.545.090;27.018;968.152;849.041;92.500
52.910.000;105.352;0.0876;711.577;1.569.850;27.205;1.280.608;1.107.057;92.500
52.915.000;105.281;0.0910;713.445;1.104.000;27.240;1.471.968;1.263.321;92.500
52.920.000;105.211;0.0887;714.825;976.880;27.014;1.564.563;1.338.515;92.500
52.925.000;105.141;0.0930;715.629;914.820;27.131;1.664.496;1.419.397;92.500
52.930.000;105.071;0.1040;715.454;905.840;27.259;1.814.580;1.540.382;92.500
52.935.000;105.001;0.1151;714.497;890.850;27.298;1.446.295;1.242.336;92.500
52.940.000;104.931;0.1261;714.080;884.500;27.466;1.219.959;1.057.140;92.500
52.945.000;104.860;0.1298;713.628;878.420;27.580;1.313.633;1.133.966;92.500
52.950.000;104.790;0.1213;713.137;880.540;27.094;1.158.664;1.006.641;92.500
52.955.000;104.720;0.1271;712.252;898.000;26.808;1.025.140;896.197;92.500
52.960.000;104.650;0.1343;711.329;924.380;26.975;1.070.149;933.480;92.500
52.965.000;104.580;0.1301;711.269;963.530;27.061;819.699;724.708;92.500
52.970.000;104.511;0.1370;711.464;990.410;26.814;835.722;738.136;92.500
52.975.000;104.439;0.1488;711.568;1.020.350;26.935;850.587;750.580;92.500
52.980.000;104.369;0.1594;711.579;1.046.870;26.982;687.367;613.034;92.500
52.985.000;104.299;0.1665;711.412;1.066.870;26.796;639.603;572.462;92.500
52.990.000;104.229;0.1686;711.880;1.079.450;26.877;607.014;544.685;92.500
52.995.000;104.159;0.1704;711.877;1.092.810;27.000;576.085;518.252;92.500
53.000.000;104.089;0.1699;711.833;1.100.300;26.965;561.043;505.361;92.500
53.005.000;104.019;0.1525;712.067;1.103.340;27.075;569.658;512.720;92.500
53.010.000;103.949;0.1336;710.759;1.091.190;26.908;579.372;521.013;92.500
53.015.000;103.879;0.1175;704.622;1.064.540;26.948;609.928;547.085;92.500
53.020.000;103.809;0.0712;695.094;1.004.210;26.912;774.762;686.712;92.500
53.025.000;103.739;0.0421;681.009;877.010;26.852;1.048.453;915.241;92.500
53.030.000;103.669;0.0239;663.262;781.160;26.791;1.643.703;1.402.143;92.500
53.035.000;103.599;0.0262;644.473;718.690;26.623;3.162.278;2.606.026;92.500
53.040.000;103.529;0.0296;625.666;650.340;26.735;2.920.703;2.417.194;92.500
53.045.000;103.471;0.0331;609.380;608.690;26.911;2.524.238;2.105.338;92.500
53.050.000;103.422;0.0365;598.985;586.630;27.088;2.181.591;1.833.601;92.500
53.055.000;103.373;0.0383;592.824;580.550;27.247;1.885.455;1.596.838;92.500
53.060.000;103.323;0.0356;591.752;590.150;27.376;1.670.673;1.423.841;92.500
53.065.000;103.274;0.0325;593.983;601.960;27.535;1.798.984;1.527.303;92.500
53.070.000;103.225;0.0295;596.858;617.020;27.617;1.941.258;1.641.554;92.500
53.075.000;103.176;0.0289;599.356;629.180;27.729;2.013.695;1.699.537;92.500
53.080.000;103.126;0.0298;601.150;641.340;27.406;2.066.622;1.741.827;92.500
53.085.000;103.060;0.0307;602.105;641.340;27.288;1.975.758;1.669.143;92.500
53.090.000;102.973;0.0316;601.950;641.340;27.088;1.832.743;1.554.370;92.500
53.095.000;102.887;0.0335;600.552;641.340;26.960;1.701.859;1.448.898;92.500
53.100.000;102.801;0.0353;598.209;640.420;27.119;1.701.859;1.448.873;92.500
53.105.000;102.715;0.0396;596.122;630.610;27.206;2.048.727;1.727.419;92.500
53.110.000;102.629;0.0506;595.213;615.620;27.228;1.908.623;1.615.216;92.500
53.115.000;102.543;0.0650;595.384;604.860;26.944;1.756.784;1.493.102;92.500
53.120.000;102.456;0.0813;598.354;605.840;27.049;1.403.164;1.206.402;92.500
53.125.000;102.370;0.0976;606.186;620.820;27.270;944.934;828.829;92.500
53.130.000;102.284;0.1139;616.664;642.420;27.371;812.154;717.745;92.500
53.135.000;102.198;0.1345;628.641;696.050;27.425;772.748;684.585;92.500
53.140.000;102.112;0.1320;640.427;775.370;27.440;754.122;668.869;92.500
53.145.000;102.025;0.1281;649.184;806.950;27.173;782.080;692.394;92.500
53.150.000;101.939;0.1241;654.117;811.550;27.211;695.066;618.933;92.500
53.155.000;101.853;0.1150;652.726;807.250;27.295;650.979;581.524;92.500
53.160.000;101.767;0.0877;643.280;775.080;27.460;734.366;652.113;92.500
53.165.000;101.703;0.0606;629.685;730.220;27.633;901.458;792.374;92.500
53.170.000;101.730;0.0335;613.946;660.390;27.815;1.325.836;1.143.002;92.500
53.175.000;101.756;0.0196;596.923;586.000;27.697;1.504.676;1.288.844;92.500
53.180.000;101.781;0.0133;581.779;531.910;27.521;2.532.879;2.111.773;92.500
53.185.000;101.805;0.0071;570.071;491.710;27.459;3.562.271;2.921.062;92.500
53.190.000;101.830;0.0023;562.866;454.890;27.269;5.221.934;4.281.986;92.500
53.195.000;101.855;0.0006;561.084;446.810;27.154;8.830.309;7.240.853;92.500
53.200.000;101.880;0.0004;560.280;477.200;27.365;3.902.911;11.400.387;92.500
53.205.000;101.905;0.0001;560.855;502.110;27.481;4.460.681;11.857.759;92.500
53.210.000;101.930;0.0007;560.706;518.150;27.011;5.796.842;12.953.411;92.500
53.215.000;101.955;0.0023;558.866;504.610;27.348;6.996.680;13.937.278;92.500
53.220.000;101.980;0.0039;555.565;473.250;26.960;9.838.470;8.067.545;92.500
53.225.000;102.005;0.0059;550.695;434.650;27.313;7.363.181;6.037.808;92.500
53.230.000;102.030;0.0079;545.322;412.860;27.144;7.218.826;5.919.437;92.500
53.235.000;102.055;0.0119;544.017;395.580;27.051;7.004.571;5.743.748;92.500
53.240.000;102.080;0.0343;544.801;396.110;27.005;4.844.933;3.972.845;92.500
53.245.000;102.118;0.0668;548.797;416.410;27.124;1.042.491;909.793;92.500
53.250.000;102.222;0.0992;556.121;477.210;27.376;675.021;601.998;92.500
53.255.000;102.325;0.1316;565.274;530.620;27.088;488.377;442.507;92.500
53.260.000;102.428;0.1577;574.193;568.070;26.551;429.072;391.232;92.500
53.265.000;102.530;0.1388;581.533;610.940;26.895;469.998;426.687;92.500
53.270.000;102.633;0.0865;584.508;623.100;27.276;587.049;527.232;92.500
53.275.000;102.736;0.0620;584.216;619.600;27.221;779.292;690.198;92.500
53.280.000;102.838;0.0619;582.229;598.290;27.309;827.315;730.578;92.500
53.285.000;102.941;0.0651;578.661;563.760;26.986;740.090;657.209;92.500
53.290.000;103.044;0.0683;576.414;531.910;26.784;664.615;593.360;92.500
53.295.000;103.146;0.0716;576.356;519.760;26.655;596.837;535.701;92.500
53.300.000;103.249;0.0727;577.466;541.640;26.733;560.956;505.052;92.500
53.305.000;103.319;0.0703;579.777;593.310;26.926;550.762;496.334;92.500
53.310.000;103.360;0.0687;582.137;629.180;26.982;583.478;524.339;92.500
53.315.000;103.399;0.0703;581.866;627.390;26.935;601.854;540.037;92.500
53.320.000;103.439;0.0720;579.242;607.770;26.877;620.810;556.204;92.500
53.325.000;103.478;0.0700;573.759;566.640;27.114;638.588;571.343;92.500
53.330.000;103.518;0.0669;566.220;495.440;26.923;670.304;598.293;92.500
53.335.000;103.558;0.0640;559.065;470.650;26.946;700.801;624.144;92.500
53.340.000;103.597;0.0620;552.724;465.050;26.816;732.685;651.108;92.500
53.345.000;103.637;0.0609;548.049;463.400;26.606;766.019;679.233;92.500
53.350.000;103.677;0.0617;546.143;458.970;26.658;788.960;698.554;92.500
53.355.000;103.716;0.0624;544.612;452.890;26.607;801.288;708.929;92.500
53.360.000;103.756;0.0609;543.628;452.160;26.707;813.808;719.457;92.500
53.365.000;103.795;0.0583;543.519;448.410;26.700;823.415;727.531;92.500
53.370.000;103.835;0.0580;543.867;446.810;26.431;830.408;733.408;92.500
53.375.000;103.875;0.0604;544.562;446.810;26.552;837.461;739.333;92.500
53.380.000;103.914;0.0627;545.323;452.890;26.823;844.574;745.305;92.500
53.385.000;103.954;0.0649;546.555;452.890;27.067;850.544;750.317;92.500
53.390.000;103.993;0.0660;548.224;456.740;26.970;827.926;731.362;92.500
53.395.000;104.033;0.0671;550.204;458.970;27.002;808.813;715.324;92.500
53.400.000;104.072;0.0678;551.853;465.650;27.075;789.933;699.462;92.500
53.405.000;104.114;0.0669;552.799;471.120;26.984;782.662;693.354;92.500
53.410.000;104.160;0.0659;553.559;474.560;27.291;820.393;725.078;92.500
53.415.000;104.205;0.0650;554.171;477.200;27.351;850.587;750.411;92.500
53.420.000;104.248;0.0640;554.529;477.200;27.070;775.171;687.078;92.500
53.425.000;104.348;0.0638;554.561;477.200;26.924;706.311;628.981;92.500
53.430.000;104.488;0.0653;553.717;474.190;27.047;643.568;575.796;92.500
53.435.000;104.486;0.0613;552.135;471.120;27.214;632.710;566.558;92.500
53.440.000;104.476;0.0524;549.863;458.970;27.327;650.509;581.692;92.500
53.445.000;104.467;0.0436;547.155;444.470;27.418;660.378;590.072;92.500
53.450.000;104.458;0.0347;543.907;429.490;27.329;674.097;601.712;92.500
53.455.000;104.449;0.0259;540.161;410.500;27.025;792.162;701.419;92.500
53.460.000;104.441;0.0170;536.906;392.100;27.071;1.195.446;1.036.663;92.500
53.465.000;104.432;0.0082;533.049;372.380;27.233;2.416.787;2.020.253;92.500
53.470.000;104.423;0.0001;529.071;357.390;27.322;5.898.296;4.836.602;92.500
53.475.000;104.414;-0.0018;525.491;338.830;27.296;1.329.659;9.290.320;92.500
53.480.000;104.405;-0.0031;522.208;313.070;27.364;9.416.631;7.721.637;92.500
53.485.000;104.397;-0.0043;519.361;287.790;27.354;233.876;8.391.778;92.500
53.490.000;104.388;-0.0046;516.430;267.050;27.530;9.542.158;7.824.570;92.500
53.495.000;104.379;-0.0041;514.004;255.210;27.781;9.244.075;7.580.141;92.500
53.500.000;104.370;-0.0036;512.601;252.280;27.836;3.631.327;11.177.688;92.500
53.505.000;104.361;-0.0031;512.272;258.360;27.387;5.079.730;12.365.378;92.500
53.510.000;104.353;-0.0026;512.912;265.750;27.257;5.483.548;4.496.509;92.500
53.515.000;104.344;-0.0020;513.478;273.240;27.363;5.665.128;4.645.405;92.500
53.520.000;104.335;-0.0017;515.443;280.730;27.510;5.789.510;4.747.398;92.500
53.525.000;104.326;-0.0017;518.124;282.670;27.639;5.789.510;4.747.398;92.500
53.530.000;104.318;-0.0017;520.449;288.750;27.323;5.193.755;4.258.879;92.500
53.535.000;104.309;-0.0017;522.353;288.750;27.004;9.732.437;16.180.598;92.500
53.540.000;104.301;-0.0017;522.692;288.750;26.930;7.868.842;14.652.450;92.500
53.545.000;104.278;-0.0017;522.943;288.750;26.887;5.098.707;12.380.940;92.500
53.550.000;104.250;-0.0017;523.326;288.750;27.092;1.853.010;9.719.468;92.500
53.555.000;104.223;-0.0017;521.724;288.750;27.323;46.344;8.238.002;92.500
53.560.000;104.195;-0.0014;519.061;285.470;27.233;543.186;8.645.413;92.500
53.565.000;104.168;-0.0010;515.134;276.600;27.064;790.907;8.848.544;92.500
53.570.000;104.141;-0.0006;511.612;264.380;27.132;1.083.326;9.088.328;92.500
53.575.000;104.113;-0.0001;509.188;247.960;27.197;1.329.659;9.290.320;92.500
53.580.000;104.064;0.0014;505.950;231.190;27.005;6.213.521;5.095.087;92.500
53.585.000;103.994;0.0046;503.821;219.420;26.802;3.886.141;3.186.636;92.500
53.590.000;103.924;0.0079;502.738;215.810;26.638;2.416.796;2.020.078;92.500
53.595.000;103.854;0.0147;502.340;212.260;26.557;1.775.257;1.508.079;92.500
53.600.000;103.785;0.0212;502.993;208.510;26.384;1.553.933;1.329.203;92.500
53.605.000;103.719;0.0259;502.666;204.760;26.547;1.454.289;1.248.214;92.500
53.610.000;103.396;0.0173;501.954;201.020;26.758;2.157.924;1.814.397;92.500
53.615.000;103.102;0.0104;501.671;197.570;26.944;3.651.657;2.994.359;92.500
53.620.000;103.355;0.0036;499.964;197.570;27.237;6.609.786;5.420.024;92.500
53.625.000;103.428;0.0005;498.607;197.570;27.166;3.757.965;11.281.531;92.500
53.630.000;103.261;-0.0004;497.711;197.570;27.254;666.221;16.946.301;92.500
53.635.000;103.097;0.0006;497.362;197.570;27.232;9.772.488;8.013.440;92.500
53.640.000;102.931;0.0017;498.416;197.570;27.449;5.483.548;4.496.509;92.500
53.645.000;102.767;0.0028;499.655;200.560;27.524;4.710.176;3.862.344;92.500
53.650.000;102.601;0.0046;501.153;208.050;27.490;9.761.117;16.204.116;92.500
53.655.000;102.436;0.0075;502.888;227.960;27.431;6.394.741;5.243.688;92.500
53.660.000;102.271;0.0125;505.105;243.590;27.176;3.682.165;3.019.375;92.500
53.665.000;102.104;0.0197;507.802;266.070;26.552;2.804.085;2.325.046;92.500
53.670.000;101.960;0.0268;511.021;284.570;26.480;2.512.550;2.095.392;92.500
53.675.000;101.816;0.0290;514.471;319.150;26.536;2.415.879;2.018.898;92.500
53.680.000;101.671;0.0272;518.196;339.560;26.616;2.367.657;1.980.660;92.500
53.685.000;101.526;0.0255;521.690;359.910;26.746;2.309.489;1.934.483;92.500
53.690.000;101.381;0.0255;525.847;374.890;26.809;2.414.628;2.017.815;92.500
53.695.000;101.236;0.0219;529.356;386.020;26.853;2.556.410;2.129.891;92.500
53.700.000;101.091;0.0173;532.435;386.020;26.916;2.450.198;2.045.913;92.500
53.705.000;100.947;0.0128;534.377;386.020;26.738;2.396.172;2.003.103;92.500
53.710.000;100.802;0.0103;535.457;382.890;26.744;2.877.106;2.382.161;92.500
53.715.000;100.671;0.0090;536.719;379.940;26.694;3.983.281;3.266.290;92.500
53.720.000;100.564;0.0077;538.030;373.860;26.810;5.746.777;4.712.357;92.500
53.725.000;100.459;0.0063;538.399;373.860;26.881;7.069.645;5.797.109;92.500
53.730.000;100.354;0.0080;538.678;373.860;26.695;5.073.756;4.160.480;92.500
53.735.000;100.249;0.0101;539.437;377.980;26.611;4.026.414;3.301.659;92.500
53.740.000;100.144;0.0121;542.931;392.100;26.714;3.249.260;2.673.004;92.500
53.745.000;100.039;0.0131;547.241;406.870;26.837;3.352.617;2.753.460;92.500
53.750.000;99.935;0.0136;551.220;431.610;26.888;3.500.209;2.870.172;92.500
53.755.000;99.830;0.0141;555.310;454.190;26.534;3.378.742;2.773.762;92.500
53.760.000;99.725;0.0147;560.004;477.200;26.632;3.221.307;2.651.166;92.500
53.765.000;99.619;0.0154;565.252;496.320;26.783;3.281.438;2.698.013;92.500
53.770.000;99.514;0.0153;571.125;511.310;26.900;3.151.068;2.596.332;92.500
53.775.000;99.500;0.0150;576.794;529.550;26.921;2.923.774;2.418.506;92.500
53.780.000;99.500;0.0150;584.164;544.070;26.943;2.712.874;2.252.825;92.500
53.785.000;99.500;0.0170;593.438;574.540;26.856;2.422.612;2.023.628;92.500
53.790.000;99.500;0.0191;604.680;614.860;26.836;2.101.724;1.768.489;92.500
53.795.000;99.500;0.0189;617.615;658.800;26.886;2.105.952;1.771.861;92.500
53.800.000;99.500;0.0170;632.790;697.280;27.030;2.313.434;1.937.031;92.500
53.805.000;99.500;0.0151;650.922;738.600;27.175;2.950.330;2.439.295;92.500
53.810.000;99.500;0.0145;667.861;778.020;27.228;3.840.054;3.148.844;92.500
53.815.000;99.500;0.0159;683.408;847.880;27.276;3.272.088;2.690.675;92.500
53.820.000;99.500;0.0227;696.958;907.500;27.340;2.437.651;2.035.515;92.500
53.825.000;99.500;0.0398;707.360;975.680;27.477;1.645.148;1.401.701;92.500
53.830.000;99.500;0.0607;714.147;1.059.330;27.895;1.136.083;986.142;92.500
53.835.000;99.500;0.0815;717.388;1.115.280;27.684;834.383;735.388;92.500
53.840.000;99.500;0.1024;716.607;1.150.020;27.480;657.918;586.614;92.500
53.845.000;99.500;0.1232;715.088;1.164.130;26.833;551.748;496.146;92.500
53.850.000;99.500;0.1428;713.138;1.144.520;26.825;521.129;469.897;92.500
53.855.000;99.500;0.1472;711.585;1.074.020;26.988;497.337;449.448;92.500
53.860.000;99.500;0.1421;710.392;1.012.410;26.778;535.943;482.604;92.500
53.865.000;99.500;0.1388;710.616;986.830;26.859;484.235;438.165;92.500
53.870.000;99.486;0.1552;710.770;963.530;26.827;430.991;392.150;92.500
53.875.000;99.375;0.1704;711.108;955.160;26.806;359.850;330.185;92.500
53.880.000;99.265;0.1737;710.487;942.740;26.957;363.280;333.144;92.500
53.885.000;99.155;0.1535;705.651;935.240;26.924;420.120;382.593;92.500
53.890.000;99.044;0.1187;696.497;914.890;27.172;601.174;538.146;92.500
53.895.000;98.934;0.0810;682.947;892.360;27.035;1.110.056;964.332;92.500
53.900.000;98.824;0.0429;665.650;834.640;27.134;1.863.422;1.577.267;92.500
53.905.000;98.714;0.0127;644.984;751.830;27.577;2.768.977;2.296.660;92.500
53.910.000;98.603;0.0112;621.921;677.810;27.439;3.412.336;2.799.709;92.500
53.915.000;98.493;0.0092;601.068;613.880;27.341;2.931.224;2.424.022;92.500
53.920.000;98.383;0.0072;587.973;534.810;27.426;2.720.898;2.258.721;92.500
53.925.000;98.273;0.0050;581.444;482.980;27.361;3.405.089;2.794.052;92.500
53.930.000;98.163;0.0022;579.954;493.770;27.442;4.707.416;3.860.081;92.500
53.935.000;98.052;-0.0007;581.389;537.990;27.296;7.823.726;6.415.455;92.500
53.940.000;97.942;-0.0035;585.225;578.290;27.401;2.979.702;10.643.356;92.500
53.945.000;97.832;-0.0056;591.257;595.400;27.513;6.325.520;13.386.926;92.500
53.950.000;97.721;-0.0049;596.875;594.680;27.663;4.411.091;11.817.095;92.500
53.955.000;97.610;-0.0042;598.873;592.710;27.773;2.471.836;10.226.906;92.500
53.960.000;97.508;-0.0036;598.705;579.700;27.399;9.914.238;8.129.675;92.500
53.965.000;97.675;-0.0029;596.880;572.200;27.134;7.881.126;6.462.523;92.500
53.970.000;97.855;-0.0022;594.429;568.390;27.110;6.264.944;5.137.254;92.500
53.975.000;98.036;-0.0015;592.242;562.310;27.220;5.143.337;4.217.536;92.500
53.980.000;98.093;-0.0009;588.698;555.800;27.447;4.706.421;3.859.265;92.500
53.985.000;98.084;-0.0002;584.672;550.150;27.665;5.124.031;4.201.705;92.500
53.990.000;98.074;0.0005;579.987;550.150;27.925;5.863.034;4.807.688;92.500
53.995.000;98.064;0.0012;575.509;544.070;27.644;6.965.297;5.711.544;92.500
54.000.000;98.054;0.0018;572.671;544.070;27.244;8.274.788;6.785.327;92.500
54.005.000;98.044;0.0025;570.032;529.010;27.346;358.468;8.493.943;92.500
54.010.000;98.034;0.0037;567.204;513.950;27.269;357.769;8.493.370;92.500
54.015.000;98.024;0.0051;565.310;498.890;26.978;7.926.968;6.500.114;92.500
54.020.000;98.014;0.0065;563.238;483.830;26.998;4.597.478;3.769.932;92.500
54.025.000;98.005;0.0078;561.592;468.760;26.875;3.603.251;2.954.666;92.500
54.030.000;97.995;0.0092;559.632;453.700;26.603;3.166.000;2.607.581;92.500
54.035.000;97.985;0.0107;557.327;438.650;26.434;2.803.867;2.323.809;92.500
54.040.000;97.975;0.0104;555.271;428.330;26.534;3.055.984;2.521.557;92.500
54.045.000;97.965;0.0101;552.819;413.830;26.574;3.371.125;2.767.504;92.500
54.050.000;97.955;0.0100;549.146;393.470;26.349;3.311.924;2.721.395;92.500
54.055.000;97.945;0.0101;544.323;382.040;26.385;3.342.692;2.745.356;92.500
54.060.000;97.935;0.0102;540.729;373.490;26.458;3.281.438;2.697.625;92.500
54.065.000;97.926;0.0106;538.354;367.390;26.658;3.150.186;2.595.188;92.500
54.070.000;97.915;0.0126;536.343;369.230;26.906;2.989.142;2.469.182;92.500
54.075.000;97.906;0.0145;535.605;386.630;26.863;2.815.995;2.333.293;92.500
54.080.000;97.913;0.0164;536.247;409.840;27.033;2.654.631;2.206.248;92.500
54.085.000;97.978;0.0183;538.383;416.000;27.132;2.507.148;2.089.789;92.500
54.090.000;98.042;0.0202;541.202;425.010;27.259;2.161.586;1.815.418;92.500
54.095.000;98.106;0.0221;543.301;437.040;27.499;1.877.997;1.588.519;92.500
54.100.000;98.170;0.0240;544.273;444.530;27.583;1.787.347;1.515.640;92.500
54.105.000;98.233;0.0251;544.048;440.090;27.336;1.765.989;1.498.463;92.500
54.110.000;98.297;0.0227;543.188;437.660;27.379;1.969.424;1.661.948;92.500
54.115.000;98.361;0.0204;542.102;425.240;27.292;2.306.263;1.930.676;92.500
54.120.000;98.425;0.0180;539.732;409.540;27.117;2.700.712;2.242.686;92.500
54.125.000;98.489;0.0167;537.528;391.340;26.717;3.162.626;2.604.921;92.500
54.130.000;98.552;0.0159;536.358;384.360;26.531;3.500.876;2.870.718;92.500
54.135.000;98.616;0.0167;536.324;379.120;26.733;3.064.825;2.528.495;92.500
54.140.000;98.680;0.0186;537.210;390.300;26.835;2.640.504;2.195.297;92.500
54.145.000;98.744;0.0203;538.152;421.610;26.907;2.090.649;1.759.098;92.500
54.150.000;98.807;0.0221;538.589;433.740;26.762;1.991.576;1.679.910;92.500
54.155.000;98.872;0.0218;539.492;433.710;26.758;1.973.244;1.665.258;92.500
54.160.000;98.969;0.0212;539.882;430.270;26.768;2.092.030;1.760.294;92.500
54.165.000;99.173;0.0191;539.406;421.480;26.755;2.513.297;2.095.008;92.500
54.170.000;99.374;0.0167;538.941;409.100;26.836;3.019.393;2.493.047;92.500
54.175.000;99.576;0.0183;541.354;403.190;26.886;3.342.692;2.745.317;92.500
54.180.000;99.778;0.0208;543.975;403.160;27.021;2.149.708;1.806.657;92.500
54.185.000;99.979;0.0285;547.047;425.670;27.056;1.249.141;1.079.297;92.500
54.190.000;100.179;0.0362;551.300;512.520;27.114;1.121.249;974.112;92.500
54.195.000;100.270;0.0423;555.639;519.870;26.666;1.177.152;1.020.212;92.500
54.200.000;100.190;0.0365;559.769;524.620;26.792;1.274.138;1.099.857;92.500
54.205.000;100.113;0.0303;562.991;524.590;27.005;1.339.365;1.153.232;92.500
54.210.000;100.036;0.0260;562.936;524.560;26.958;1.113.536;967.700;92.500
54.215.000;99.958;0.0233;562.128;518.450;27.107;1.254.291;1.083.500;92.500
54.220.000;99.881;0.0178;559.057;513.610;27.358;1.801.868;1.528.139;92.500
54.225.000;99.803;0.0099;554.485;498.560;27.105;2.587.627;2.153.878;92.500
54.230.000;99.726;0.0135;550.953;469.720;26.978;4.929.139;4.041.894;92.500
54.235.000;99.768;0.0198;550.001;423.990;27.011;2.294.176;1.921.565;92.500
54.240.000;99.912;0.0311;549.230;400.840;26.812;1.178.122;1.020.874;92.500
54.245.000;100.056;0.0437;549.374;440.360;26.798;691.032;614.849;92.500
54.250.000;100.200;0.0564;552.128;518.230;26.845;691.181;615.009;92.500
54.255.000;100.344;0.0640;557.275;518.210;26.737;1.014.437;885.756;92.500
54.260.000;100.488;0.0466;563.958;519.910;26.741;1.982.388;1.673.176;92.500
54.265.000;100.632;0.0295;570.028;533.730;26.751;2.562.524;2.134.205;92.500
54.270.000;100.776;0.0370;573.646;566.740;26.771;3.191.656;2.627.655;92.500
54.275.000;100.920;0.0491;577.265;591.030;26.703;1.274.085;1.099.988;92.500
54.280.000;101.066;0.0612;580.245;603.170;26.817;798.009;705.290;92.500
54.285.000;101.212;0.0680;580.585;600.300;26.931;685.025;610.034;92.500
54.290.000;101.361;0.0635;578.662;592.750;27.034;632.548;565.538;92.500
54.295.000;101.511;0.0591;575.279;584.830;26.954;677.584;603.800;92.500
54.300.000;101.660;0.0547;570.811;553.040;26.889;790.847;699.417;92.500
54.305.000;101.809;0.0490;565.959;510.410;26.986;886.832;779.895;92.500
54.310.000;101.920;0.0409;561.034;495.700;26.950;1.004.634;878.029;92.500
54.315.000;101.968;0.0368;556.440;493.520;26.799;1.091.263;949.795;92.500
54.320.000;102.018;0.0433;553.341;486.680;26.743;1.149.381;997.775;92.500
54.325.000;102.067;0.0472;551.680;479.140;26.682;1.385.372;1.191.301;92.500
54.330.000;102.116;0.0405;550.217;471.600;26.696;1.722.442;1.464.703;92.500
54.335.000;102.165;0.0298;549.029;469.080;26.840;1.919.254;1.622.961;92.500
54.340.000;102.214;0.0380;549.405;462.580;27.013;1.507.694;1.290.923;92.500
54.345.000;102.263;0.0503;551.555;455.040;26.900;1.125.396;978.054;92.500
54.350.000;102.301;0.0539;555.626;457.290;26.825;915.899;804.280;92.500
54.355.000;102.300;0.0462;560.798;493.280;26.896;1.010.084;882.642;92.500
54.360.000;102.300;0.0352;565.944;529.900;26.961;1.200.598;1.040.004;92.500
54.365.000;102.300;0.0228;571.589;549.430;26.835;1.454.737;1.247.877;92.500
54.370.000;102.300;0.0100;577.887;559.850;27.045;2.021.261;1.704.637;92.500
54.375.000;102.301;0.0068;588.510;566.110;27.249;2.658.880;2.210.346;92.500
54.380.000;102.299;0.0037;602.036;572.160;27.374;2.677.385;2.224.909;92.500
54.385.000;102.199;0.0005;614.207;595.950;27.482;4.553.163;3.733.594;92.500
54.390.000;102.086;-0.0013;626.306;681.430;27.529;9.597.788;16.070.186;92.500
54.395.000;101.974;-0.0021;638.996;754.350;27.416;4.976.230;4.080.508;92.500
54.400.000;101.862;-0.0004;649.891;796.960;27.218;7.962.576;14.729.312;92.500
54.405.000;101.750;0.0014;657.928;789.200;27.294;5.992.599;4.913.931;92.500
54.410.000;101.638;0.0031;659.084;771.860;27.341;5.483.548;4.496.509;92.500
54.415.000;101.526;0.0063;657.361;753.000;27.109;5.082.173;4.167.382;92.500
54.420.000;101.414;0.0099;657.110;736.040;27.173;9.015.881;15.593.022;92.500
54.425.000;101.302;0.0201;655.161;737.490;27.127;3.407.920;2.795.816;92.500
54.430.000;101.190;0.0304;650.265;767.740;27.115;2.296.676;1.923.758;92.500
54.435.000;101.062;0.0400;644.243;793.380;27.046;1.494.804;1.280.098;92.500
54.440.000;100.859;0.0476;637.877;772.400;26.919;1.368.759;1.177.364;92.500
54.445.000;100.658;0.0552;631.607;734.770;26.933;1.317.448;1.135.367;92.500
54.450.000;100.475;0.0628;625.836;689.330;26.961;1.235.441;1.068.101;92.500
54.455.000;100.366;0.0687;621.822;670.500;26.846;1.041.928;908.496;92.500
54.460.000;100.257;0.0743;621.531;671.790;26.732;881.826;775.268;92.500
54.465.000;100.147;0.0808;625.977;711.460;26.646;915.899;803.684;92.500
54.470.000;100.038;0.0759;633.322;758.190;26.630;877.987;772.000;92.500
54.475.000;99.928;0.0686;640.095;783.210;26.652;835.001;735.976;92.500
54.480.000;99.819;0.0639;643.561;808.230;26.820;835.001;735.919;92.500
54.485.000;99.709;0.0622;640.575;809.110;27.018;877.350;771.303;92.500
54.490.000;99.599;0.0449;632.653;778.700;27.017;1.029.987;898.276;92.500
54.495.000;99.500;0.0255;621.612;707.560;27.139;1.626.398;1.386.227;92.500
54.500.000;99.486;0.0119;607.804;613.990;27.230;2.568.159;2.138.214;92.500
54.505.000;99.473;0.0168;592.923;571.390;27.042;3.405.089;2.793.525;92.500
54.510.000;99.460;0.0231;578.699;557.430;27.091;2.058.334;1.733.403;92.500
54.515.000;99.448;0.0317;567.048;532.830;27.121;1.434.521;1.230.431;92.500
54.520.000;99.435;0.0344;559.012;506.190;26.969;1.249.839;1.079.454;92.500
54.525.000;99.422;0.0315;552.251;474.010;26.842;1.208.730;1.045.686;92.500
54.530.000;99.409;0.0273;546.374;443.060;26.908;1.208.730;1.045.677;92.500
54.535.000;99.397;0.0223;541.007;426.320;26.969;1.375.924;1.182.613;92.500
54.540.000;99.384;0.0196;536.857;406.870;26.989;1.696.988;1.443.196;92.500
54.545.000;99.371;0.0167;533.672;396.370;26.990;2.105.199;1.770.762;92.500
54.550.000;99.358;0.0147;532.050;382.670;26.930;2.309.159;1.933.097;92.500
54.555.000;99.345;0.0180;531.662;375.200;26.752;2.186.953;1.835.916;92.500
54.560.000;99.333;0.0187;531.046;370.460;26.784;1.992.038;1.680.302;92.500
54.565.000;99.320;0.0163;530.089;366.190;26.635;1.901.054;1.607.381;92.500
54.570.000;99.308;0.0147;529.577;364.310;26.501;2.333.039;1.952.019;92.500
54.575.000;99.340;0.0147;530.126;358.210;26.664;2.330.612;1.950.103;92.500
54.580.000;99.430;0.0154;531.815;358.180;26.823;1.940.209;1.638.826;92.500
54.585.000;99.520;0.0162;533.119;365.940;26.889;1.699.422;1.445.210;92.500
54.590.000;99.609;0.0163;534.609;382.430;26.700;1.580.502;1.349.080;92.500
54.595.000;99.699;0.0136;537.125;402.020;26.770;1.683.930;1.432.791;92.500
54.600.000;99.789;0.0109;539.647;413.830;26.890;2.015.168;1.698.999;92.500
54.605.000;99.879;0.0100;542.054;417.560;26.820;2.411.563;2.014.464;92.500
54.610.000;99.968;0.0091;543.257;412.700;26.769;2.885.930;2.388.256;92.500
54.615.000;100.057;0.0082;543.244;405.890;26.901;3.453.608;2.831.959;92.500
54.620.000;100.102;0.0073;542.528;392.610;26.750;4.132.952;3.389.021;92.500
54.625.000;100.277;0.0077;540.091;381.840;26.605;5.406.693;4.433.488;92.500
54.630.000;100.468;0.0093;537.039;363.950;26.517;4.887.292;4.007.579;92.500
54.635.000;100.661;0.0108;534.985;357.800;26.564;3.999.743;3.279.789;92.500
54.640.000;100.790;0.0123;533.128;345.650;26.715;3.442.378;2.822.750;92.500
54.645.000;100.945;0.0131;532.182;345.620;26.787;3.019.393;2.492.833;92.500
54.650.000;101.102;0.0112;532.142;358.590;26.841;3.065.659;2.529.004;92.500
54.655.000;101.319;0.0093;533.034;382.040;26.987;3.133.170;2.581.725;92.500
54.660.000;101.539;0.0073;535.326;402.490;27.017;2.882.965;2.386.066;92.500
54.665.000;101.759;0.0054;538.417;414.930;27.158;3.162.278;2.604.448;92.500
54.670.000;101.978;0.0028;540.792;418.420;27.290;4.196.548;3.441.169;92.500
54.675.000;102.198;0.0001;541.118;418.390;27.385;6.446.914;5.286.470;92.500
54.680.000;102.417;-0.0025;540.761;404.620;27.358;6.703.232;13.696.650;92.500
54.685.000;102.637;-0.0007;540.740;389.560;27.263;4.701.291;3.855.059;92.500
54.690.000;102.857;0.0014;541.176;381.820;27.212;4.694.740;3.849.687;92.500
54.695.000;103.070;0.0036;543.423;387.870;27.320;7.338.326;14.217.428;92.500
54.700.000;103.283;0.0096;547.802;407.900;27.368;6.652.518;5.455.065;92.500
54.705.000;103.487;0.0163;553.175;439.840;27.244;3.370.591;2.766.578;92.500
54.710.000;103.693;0.0230;561.244;480.700;27.530;1.749.733;1.486.919;92.500
54.715.000;103.897;0.0284;570.330;545.800;27.615;1.239.453;1.072.241;92.500
54.720.000;104.102;0.0302;580.329;570.590;27.058;992.980;868.820;92.500
54.725.000;104.307;0.0304;592.741;600.600;27.041;845.312;745.700;92.500
54.730.000;104.512;0.0290;605.792;627.640;27.098;775.458;687.095;92.500
54.735.000;104.717;0.0266;618.639;659.010;27.077;827.850;731.165;92.500
54.740.000;104.922;0.0232;635.871;703.710;26.977;935.884;821.531;92.500
54.745.000;105.127;0.0194;652.909;740.200;26.687;1.101.967;959.364;92.500
54.750.000;105.332;0.0165;668.278;783.040;26.675;1.536.525;1.314.988;92.500
54.755.000;105.536;0.0225;681.417;872.510;26.761;3.058.027;2.523.289;92.500
54.760.000;105.742;0.0435;690.693;977.140;26.457;1.826.547;1.549.211;92.500
54.765.000;105.962;0.0664;697.708;1.192.960;26.289;862.277;760.323;92.500
54.770.000;106.254;0.0991;702.529;1.347.730;26.105;536.030;484.110;92.500
54.775.000;106.543;0.1365;702.786;1.426.600;26.104;373.153;343.114;92.500
54.780.000;106.831;0.1287;702.172;1.460.770;26.285;331.663;306.636;92.500
54.785.000;107.120;0.1190;696.435;1.348.060;26.363;388.674;356.780;92.500
54.790.000;107.409;0.1130;689.037;1.001.270;26.226;447.703;408.175;92.500
54.795.000;107.697;0.1081;681.051;892.070;26.082;462.018;420.629;92.500
54.800.000;107.988;0.1012;672.161;801.220;26.040;402.343;368.863;92.500
54.805.000;108.286;0.1051;664.191;785.160;26.047;337.388;311.984;92.500
54.810.000;108.433;0.1128;657.833;776.230;26.120;282.813;263.239;92.500
54.815.000;108.576;0.1270;654.082;776.250;26.183;237.418;222.423;92.500
54.820.000;108.720;0.1419;657.972;785.230;26.145;219.470;206.219;92.500
54.825.000;108.864;0.1568;664.247;800.230;26.286;208.582;196.372;92.500
54.830.000;109.009;0.1711;671.036;819.590;26.403;220.911;207.567;92.500
54.835.000;109.153;0.1852;678.028;842.950;26.524;236.907;222.051;92.500
54.840.000;109.297;0.1715;685.499;849.000;26.698;272.158;253.817;92.500
54.845.000;109.442;0.1533;692.386;848.970;26.686;316.863;293.873;92.500
54.850.000;109.535;0.1488;697.507;852.960;26.699;368.910;339.928;92.500
54.855.000;109.595;0.1551;700.560;867.140;26.761;433.058;395.889;92.500
54.860.000;109.654;0.1605;702.676;895.540;26.718;417.862;382.687;92.500
54.865.000;109.713;0.1640;705.020;928.560;26.606;402.177;369.033;92.500
54.870.000;109.773;0.1665;706.702;954.780;26.487;405.914;372.302;92.500
54.875.000;109.832;0.1620;706.608;988.600;26.437;387.573;356.306;92.500
54.880.000;109.892;0.1574;706.027;1.015.840;26.669;451.070;411.574;92.500
54.885.000;109.951;0.1520;705.893;1.057.020;26.541;530.762;480.364;92.500
54.890.000;110.011;0.1560;706.075;1.087.050;26.275;535.693;484.614;92.500
54.895.000;110.070;0.1714;706.486;1.128.290;26.392;421.209;385.675;92.500
54.900.000;110.129;0.1925;706.760;1.147.090;26.555;324.523;300.823;92.500
54.905.000;110.189;0.2001;706.991;1.173.970;26.610;241.843;226.665;92.500
54.910.000;110.248;0.1961;708.130;1.182.920;26.667;251.573;235.448;92.500
54.915.000;110.308;0.1524;708.856;1.187.350;26.791;266.947;249.294;92.500
54.920.000;110.366;0.1414;709.214;1.182.860;26.602;288.243;268.420;92.500
54.925.000;110.426;0.1368;709.397;1.180.320;26.902;339.277;314.023;92.500
54.930.000;110.493;0.1379;709.405;1.165.260;26.753;389.615;358.206;92.500
54.935.000;111.144;0.1453;709.116;1.146.070;26.766;397.438;365.157;92.500
54.940.000;111.528;0.1600;709.091;1.121.940;26.663;405.914;372.624;92.500
54.945.000;110.919;0.1745;708.338;1.093.930;26.704;333.343;308.819;92.500
54.950.000;110.319;0.1892;707.709;1.068.540;26.608;264.050;246.689;92.500
54.955.000;110.374;0.1982;707.756;1.053.470;26.637;210.520;198.350;92.500
54.960.000;110.498;0.2065;708.410;1.042.790;26.473;206.242;194.485;92.500
54.965.000;110.495;0.2025;709.204;1.036.110;26.437;204.760;193.139;92.500
54.970.000;110.347;0.1962;710.179;1.024.510;26.821;224.598;211.102;92.500
54.975.000;110.118;0.1905;711.245;1.005.400;27.054;279.258;260.317;92.500
54.980.000;109.713;0.1704;711.080;969.720;27.120;343.531;317.675;92.500
54.985.000;109.419;0.1518;710.480;925.900;27.071;422.597;386.746;92.500
54.990.000;109.245;0.1403;712.039;888.300;27.159;470.642;428.375;92.500
54.995.000;109.071;0.1360;713.064;850.670;27.565;422.085;386.233;92.500
55.000.000;108.897;0.1452;713.926;844.980;27.722;378.338;348.049;92.500
55.005.000;108.723;0.1535;716.356;890.550;27.845;339.125;313.591;92.500
55.010.000;108.549;0.1625;719.103;924.960;27.683;307.575;285.413;92.500
55.015.000;108.375;0.1606;722.616;939.120;27.570;329.952;305.358;92.500
55.020.000;108.201;0.1561;724.882;934.860;28.250;380.031;349.401;92.500
55.025.000;108.027;0.1501;723.691;914.740;28.568;507.953;460.313;92.500
55.030.000;107.852;0.1441;722.677;894.440;28.065;603.870;542.475;92.500
55.035.000;107.678;0.1381;721.759;886.740;27.382;689.829;615.508;92.500
55.040.000;107.504;0.1308;719.369;909.790;27.144;775.458;687.775;92.500
55.045.000;107.330;0.1391;716.661;963.250;27.204;775.458;687.730;92.500
55.050.000;107.156;0.1497;714.788;1.005.160;27.247;580.806;522.617;92.500
55.055.000;106.982;0.1639;713.740;1.063.150;27.033;430.771;393.370;92.500
55.060.000;106.808;0.1846;713.066;1.105.050;27.085;319.494;295.761;92.500
55.065.000;106.634;0.2081;711.984;1.145.500;26.994;283.975;263.968;92.500
55.070.000;106.460;0.1989;710.717;1.164.060;26.817;272.736;253.858;92.500
55.075.000;106.286;0.1845;709.864;1.167.970;26.795;317.232;293.653;92.500
55.080.000;106.112;0.1709;708.971;1.150.760;26.643;441.142;402.195;92.500
55.085.000;105.938;0.1669;708.085;1.084.580;26.581;539.571;487.032;92.500
55.090.000;105.764;0.1665;707.282;1.060.200;26.605;582.184;523.477;92.500
55.095.000;105.590;0.1631;706.450;1.048.060;26.635;528.541;477.488;92.500
55.100.000;105.416;0.1589;706.424;1.077.520;26.512;502.115;454.727;92.500
55.105.000;105.241;0.1567;706.746;1.113.930;26.386;562.185;506.255;92.500
55.110.000;105.067;0.1537;707.162;1.145.230;26.344;590.193;530.157;92.500
55.115.000;104.900;0.1516;707.796;1.246.010;26.677;609.283;546.403;92.500
55.120.000;104.818;0.1589;708.375;1.356.210;26.778;668.808;596.990;92.500
55.125.000;104.741;0.1493;709.132;1.436.530;26.838;611.617;548.354;92.500
55.130.000;104.663;0.1530;709.684;1.479.450;26.925;523.935;473.328;92.500
55.135.000;104.585;0.1597;710.172;1.515.310;26.771;448.760;408.487;92.500
55.140.000;104.506;0.1633;711.447;1.565.640;26.767;384.517;352.634;92.500
55.145.000;104.428;0.1525;713.336;1.614.380;26.644;334.044;308.322;92.500
55.150.000;104.350;0.1334;714.802;1.616.040;27.000;340.509;314.064;92.500
55.155.000;104.272;0.1200;715.741;1.460.490;27.508;376.869;345.912;92.500
55.160.000;104.194;0.1270;715.842;1.206.990;27.896;391.174;358.381;92.500
55.165.000;104.116;0.1409;714.355;1.106.160;27.604;328.674;303.483;92.500
55.170.000;104.038;0.1472;707.356;998.960;27.155;279.975;259.949;92.500
55.175.000;103.959;0.1511;695.578;925.330;26.716;260.092;242.091;92.500
55.180.000;103.881;0.1522;680.755;878.600;26.463;246.358;229.724;92.500
55.185.000;103.803;0.1591;664.556;814.070;26.404;250.956;233.850;92.500
55.190.000;103.725;0.1637;649.625;756.440;26.458;278.526;258.597;92.500
55.195.000;103.647;0.1591;636.767;716.330;26.531;294.251;272.666;92.500
55.200.000;103.569;0.1569;627.048;682.670;26.708;318.817;294.599;92.500
55.205.000;103.491;0.1700;624.203;687.950;26.830;343.672;316.709;92.500
55.210.000;103.413;0.1741;626.332;707.030;26.849;297.982;275.964;92.500
55.215.000;103.334;0.1716;631.853;731.210;26.653;270.226;251.088;92.500
55.220.000;103.286;0.1692;640.247;757.260;26.788;275.270;255.604;92.500
55.225.000;103.245;0.1667;650.138;774.590;26.952;248.712;231.740;92.500
55.230.000;103.204;0.1563;660.692;797.100;26.839;246.358;229.615;92.500
55.235.000;103.163;0.1434;671.963;822.280;26.724;347.588;320.084;92.500
55.240.000;103.123;0.1304;681.860;848.220;26.834;477.675;433.169;92.500
55.245.000;103.082;0.1224;690.530;870.720;26.750;604.122;541.567;92.500
55.250.000;103.041;0.1592;697.996;893.240;26.619;519.001;468.727;92.500
55.255.000;103.001;0.1779;703.503;913.340;26.663;417.415;380.982;92.500
55.260.000;102.960;0.1885;707.358;931.760;26.759;339.742;313.136;92.500
55.265.000;102.920;0.1760;710.145;937.600;26.792;304.591;281.785;92.500
55.270.000;102.879;0.1637;711.599;937.570;26.692;318.045;293.789;92.500
55.275.000;102.838;0.1521;712.947;937.540;26.951;350.088;322.215;92.500
55.280.000;102.797;0.1425;709.716;925.350;27.277;304.744;281.900;92.500
55.285.000;102.757;0.1396;702.115;910.540;27.407;310.433;286.974;92.500
55.290.000;102.716;0.1459;692.939;889.980;27.340;293.521;271.853;92.500
55.295.000;102.676;0.1460;681.957;847.320;26.846;275.270;255.500;92.500
55.300.000;102.635;0.1442;669.921;791.490;26.723;280.408;260.099;92.500
55.305.000;102.594;0.1466;657.142;771.260;26.709;296.406;274.412;92.500
55.310.000;102.553;0.1529;644.253;758.620;26.764;296.406;274.405;92.500
55.315.000;102.514;0.1468;633.705;747.220;26.850;299.160;276.861;92.500
55.320.000;102.390;0.1286;623.748;730.570;26.898;369.197;338.854;92.500
55.325.000;102.233;0.0970;612.535;714.510;26.941;519.769;469.204;92.500
55.330.000;102.073;0.0652;601.335;663.140;26.887;731.750;649.530;92.500
55.335.000;101.909;0.0530;590.788;591.980;26.856;1.030.184;898.924;92.500
55.340.000;101.859;0.0448;582.224;529.840;26.933;1.339.578;1.153.457;92.500
55.345.000;101.805;0.0415;575.850;523.430;26.969;1.427.639;1.225.283;92.500
55.350.000;101.749;0.0470;572.580;522.870;27.104;1.262.584;1.090.403;92.500
55.355.000;101.693;0.0525;572.896;545.390;27.244;1.017.503;888.348;92.500
55.360.000;101.637;0.0580;575.175;566.190;27.259;820.421;724.003;92.500
55.365.000;101.581;0.0562;577.312;578.330;27.038;783.187;692.722;92.500
55.370.000;101.525;0.0526;578.392;584.380;27.054;833.907;735.278;92.500
55.375.000;101.469;0.0469;577.821;581.500;26.981;954.816;836.213;92.500
55.380.000;101.414;0.0411;576.180;573.950;27.048;1.093.255;950.963;92.500
55.385.000;101.358;0.0388;574.459;559.970;26.867;1.144.715;993.406;92.500
55.390.000;101.302;0.0379;573.147;545.620;26.929;1.206.265;1.044.041;92.500
55.395.000;101.246;0.0389;572.605;535.590;27.018;1.246.435;1.077.007;92.500
55.400.000;101.190;0.0411;572.813;535.560;27.162;1.254.277;1.083.422;92.500
55.405.000;101.135;0.0451;574.118;547.690;27.264;1.213.322;1.049.789;92.500
55.410.000;101.099;0.0553;575.531;560.560;27.247;1.018.721;889.183;92.500
55.415.000;101.101;0.0655;575.837;568.050;27.307;721.935;640.992;92.500
55.420.000;100.982;0.0757;574.140;575.530;27.249;472.140;427.934;92.500
55.425.000;100.789;0.0844;570.635;559.720;27.419;448.630;407.587;92.500
55.430.000;100.594;0.0724;566.821;520.760;27.510;496.950;449.229;92.500
55.435.000;100.399;0.0566;563.446;479.350;27.373;630.245;563.154;92.500
55.440.000;100.204;0.0414;560.847;455.810;27.240;798.381;705.126;92.500
55.445.000;100.010;0.0295;559.105;474.490;27.106;907.798;796.642;92.500
55.450.000;99.888;0.0298;558.300;505.160;26.974;795.695;702.760;92.500
55.455.000;99.862;0.0301;558.646;530.660;26.890;740.253;656.099;92.500
55.460.000;99.836;0.0295;559.189;529.300;26.986;805.220;710.729;92.500
55.465.000;99.809;0.0254;558.589;514.240;26.934;876.133;770.098;92.500
55.470.000;99.783;0.0214;557.004;498.660;26.955;965.251;844.363;92.500
55.475.000;99.757;0.0188;554.739;478.050;27.079;1.078.240;938.013;92.500
55.480.000;99.730;0.0192;552.322;465.590;26.932;1.204.456;1.042.022;92.500
55.485.000;99.704;0.0195;550.460;462.100;27.057;1.288.607;1.111.039;92.500
55.490.000;99.678;0.0180;548.621;455.990;27.269;1.363.133;1.171.961;92.500
55.495.000;99.651;0.0163;546.990;449.040;27.313;1.474.935;1.263.033;92.500
55.500.000;99.625;0.0167;545.780;441.490;27.400;1.655.295;1.409.201;92.500
55.505.000;99.599;0.0221;545.247;437.660;27.111;2.055.694;1.730.789;92.500
55.510.000;99.572;0.0279;545.688;431.550;27.020;2.604.130;2.165.894;92.500
55.515.000;99.546;0.0397;547.124;432.030;26.977;1.753.783;1.488.613;92.500
55.520.000;99.519;0.0527;549.329;443.400;27.253;1.160.080;1.005.389;92.500
55.525.000;99.493;0.0657;552.493;462.540;27.516;804.865;710.243;92.500
55.530.000;99.467;0.0787;554.578;480.060;27.607;577.771;518.110;92.500
55.535.000;99.440;0.0869;555.944;486.290;27.770;452.379;410.436;92.500
55.540.000;99.414;0.0829;556.139;492.160;27.892;431.862;392.676;92.500
55.545.000;99.388;0.0811;554.521;492.130;26.836;483.651;437.390;92.500
55.550.000;99.361;0.0812;551.746;492.100;26.489;524.269;472.285;92.500
55.555.000;99.335;0.0798;548.109;485.990;26.419;540.669;486.329;92.500
55.560.000;99.307;0.0787;543.846;471.240;26.358;528.628;475.999;92.500
55.565.000;99.361;0.0751;540.507;450.760;26.463;502.115;453.261;92.500
55.570.000;99.447;0.0705;538.113;428.970;26.674;531.183;478.247;92.500
55.575.000;99.536;0.0668;536.746;412.920;26.742;615.399;550.199;92.500
55.580.000;99.624;0.0680;536.260;400.730;26.627;590.236;528.806;92.500
55.585.000;99.712;0.0711;536.714;419.990;26.571;558.727;501.941;92.500
55.590.000;99.800;0.0756;537.541;438.700;26.610;523.478;471.788;92.500
55.595.000;99.888;0.0792;538.632;449.270;26.526;492.914;445.563;92.500
55.600.000;99.933;0.0746;539.556;455.320;26.583;504.209;455.296;92.500
55.605.000;99.982;0.0666;539.128;447.160;26.702;516.049;465.487;92.500
55.610.000;100.031;0.0530;537.243;436.150;26.867;536.853;483.345;92.500
55.615.000;100.080;0.0394;534.487;412.670;26.946;565.234;507.643;92.500
55.620.000;100.129;0.0258;531.166;387.510;26.986;698.884;621.242;92.500
55.625.000;100.178;0.0143;528.149;364.930;26.903;1.019.533;889.549;92.500
55.630.000;100.227;0.0096;525.786;345.500;26.948;1.509.089;1.290.976;92.500
55.635.000;100.276;0.0060;523.821;333.520;27.009;1.495.198;1.279.705;92.500
55.640.000;100.325;0.0036;522.841;327.420;27.332;1.830.570;1.550.641;92.500
55.645.000;100.374;0.0012;521.802;326.010;27.690;1.953.490;1.649.250;92.500
55.650.000;100.423;-0.0012;521.456;318.460;27.564;2.150.454;1.817.218;92.500
55.655.000;100.472;-0.0037;521.013;310.920;27.298;5.227.521;14.613.361;92.500
55.660.000;100.503;-0.0049;520.570;290.820;27.380;7.432.085;6.783.466;92.500
55.665.000;100.508;-0.0047;520.233;278.630;27.185;9.036.480;8.370.519;92.500
55.670.000;100.514;-0.0045;520.306;283.560;27.715;8.558.923;7.895.877;92.500
55.675.000;100.520;-0.0043;520.815;298.560;27.791;7.432.085;6.783.463;92.500
55.680.000;100.526;-0.0041;522.760;315.010;27.635;5.250.462;4.665.520;92.500
55.685.000;100.532;-0.0039;524.660;328.550;27.467;2.803.644;12.149.500;92.500
55.690.000;100.537;-0.0037;526.806;341.410;27.506;475.994;20.026.348;92.500
55.695.000;100.543;-0.0035;527.646;345.320;27.356;8.840.846;18.329.814;92.500
55.700.000;100.549;-0.0033;527.026;339.210;27.239;9.015.881;18.511.013;92.500
55.705.000;100.555;-0.0032;525.454;332.350;27.225;8.668.802;18.151.812;92.500
55.710.000;100.561;-0.0031;523.171;317.300;27.295;7.619.342;17.068.153;92.500
55.715.000;100.566;-0.0030;520.169;298.980;27.423;6.706.735;16.128.967;92.500
55.720.000;100.572;-0.0029;516.979;272.210;27.527;7.599.801;17.048.011;92.500
55.725.000;100.578;-0.0028;514.145;260.030;27.701;8.318.569;17.789.731;92.500
55.730.000;100.584;-0.0027;512.501;261.470;27.606;8.495.593;17.972.683;92.500
55.735.000;100.590;-0.0026;512.262;266.050;27.490;7.487.628;16.932.410;92.500
55.740.000;100.595;-0.0025;512.625;266.020;27.505;6.861.276;16.287.778;92.500
55.745.000;100.601;-0.0024;513.352;272.070;27.594;6.100.052;15.506.298;92.500
55.750.000;100.607;-0.0022;514.268;279.260;27.639;6.274.690;15.685.388;92.500
55.755.000;100.613;-0.0021;515.382;286.740;27.475;6.528.480;15.945.856;92.500
55.760.000;100.619;-0.0020;516.262;290.210;27.587;6.706.735;16.128.940;92.500
55.765.000;100.624;-0.0019;516.667;296.260;27.527;5.850.886;15.250.972;92.500
55.770.000;100.630;-0.0018;516.935;296.230;27.689;4.632.969;14.006.566;92.500
55.775.000;100.636;-0.0017;517.266;296.200;27.494;3.508.630;12.863.348;92.500
55.780.000;100.642;-0.0016;517.379;296.170;27.382;2.470.682;11.813.119;92.500
55.785.000;100.648;-0.0015;517.123;296.140;27.466;1.756.149;11.093.224;92.500
55.790.000;100.653;-0.0014;516.802;296.110;27.571;1.019.672;10.354.041;92.500
55.795.000;100.659;-0.0013;516.441;294.170;27.604;1.252.693;10.587.595;92.500
55.800.000;100.665;-0.0005;516.535;289.970;27.455;2.542.773;11.885.889;92.500
55.805.000;100.671;0.0003;516.868;296.010;27.437;2.109.677;11.449.069;92.500
55.810.000;100.677;0.0010;517.676;296.250;27.190;782.784;10.116.920;92.500
55.815.000;100.682;0.0022;519.058;309.690;27.234;9.480.599;8.813.453;92.500
55.820.000;100.688;0.0035;521.536;323.180;27.150;7.788.497;7.134.071;92.500
55.825.000;100.694;0.0047;524.852;345.710;27.164;6.446.738;5.820.393;92.500
55.830.000;100.701;0.0265;528.739;368.810;26.948;6.062.479;5.447.592;92.500
55.835.000;100.746;0.0465;533.014;408.960;26.678;5.693.098;5.090.818;92.500
55.840.000;100.794;0.0665;537.584;439.520;26.590;4.148.906;3.618.817;92.500
55.845.000;100.841;0.0865;542.564;476.350;25.936;2.802.105;2.388.418;92.500
55.850.000;100.891;0.1066;550.046;520.670;25.436;1.112.205;908.175;92.500
55.855.000;100.902;0.1280;559.367;551.280;25.084;316.228;241.598;92.500
55.860.000;101.118;0.1758;567.499;608.560;24.409;294.536;223.332;92.500
55.865.000;101.538;0.2101;569.966;657.260;24.965;277.827;209.383;92.500
55.870.000;103.174;0.1420;569.302;666.440;26.223;304.744;232.254;92.500
55.875.000;103.565;0.0699;566.344;628.370;26.800;442.845;347.034;92.500
55.880.000;100.339;0.0297;560.829;478.130;26.932;643.316;511.979;92.500
55.885.000;100.885;0.0176;552.337;420.770;27.032;786.104;631.227;92.500
55.890.000;100.781;0.0063;541.674;380.600;27.138;995.091;869.360;92.500
55.895.000;100.681;0.0018;532.602;361.400;27.237;2.346.181;1.961.980;92.500
55.900.000;100.578;-0.0029;528.913;336.320;27.430;5.698.208;12.872.531;92.500
55.905.000;100.476;-0.0032;527.736;328.780;27.791;5.372.736;4.405.644;92.500
55.910.000;100.373;-0.0029;527.947;325.780;27.927;6.216.202;5.097.285;92.500
55.915.000;100.271;-0.0023;529.568;331.820;27.577;6.383.901;5.234.799;92.500
55.920.000;100.169;-0.0017;532.736;341.880;27.282;5.193.755;4.258.879;92.500
55.925.000;100.066;-0.0010;535.966;364.390;27.645;6.046.526;4.958.151;92.500
55.930.000;99.964;-0.0004;539.571;382.700;28.011;4.761.603;3.904.514;92.500
55.935.000;99.861;0.0003;544.171;410.730;28.145;8.156.667;14.888.467;92.500
55.940.000;99.759;0.0009;547.462;431.950;27.757;3.425.310;11.008.754;92.500
55.945.000;99.657;0.0015;550.338;454.460;27.470;896.803;8.935.378;92.500
55.950.000;99.554;0.0034;551.312;473.100;27.626;9.236.558;7.573.978;92.500
55.955.000;99.452;0.0053;550.111;471.400;27.276;8.635.443;7.081.063;92.500
55.960.000;99.349;0.0077;548.344;458.540;27.014;7.202.363;5.905.938;92.500
55.965.000;99.301;0.0139;546.127;446.790;26.964;2.865.351;2.370.893;92.500
55.970.000;99.300;0.0195;543.939;427.760;26.920;2.158.822;1.812.642;92.500
55.975.000;99.300;0.0317;543.138;422.640;26.777;1.670.673;1.421.237;92.500
55.980.000;99.300;0.0414;544.559;435.780;26.560;1.686.194;1.433.766;92.500
55.985.000;99.300;0.0588;548.250;461.830;26.523;1.102.864;957.953;92.500
55.990.000;99.300;0.0762;554.737;499.390;26.168;868.379;763.229;92.500
55.995.000;99.300;0.0937;562.124;556.260;26.194;657.242;585.553;92.500
56.000.000;99.300;0.1128;568.838;585.390;26.147;483.881;437.491;92.500
56.005.000;99.300;0.1152;574.890;621.420;26.406;405.914;370.074;92.500
56.010.000;99.300;0.1113;579.928;623.330;26.499;415.627;378.505;92.500
56.015.000;99.300;0.1069;582.633;615.840;26.435;429.926;390.899;92.500
56.020.000;99.300;0.1026;584.252;608.360;26.720;449.377;407.726;92.500
56.025.000;99.300;0.0980;584.098;604.940;26.886;427.707;388.975;92.500
56.030.000;99.300;0.0961;583.684;592.800;27.062;399.862;364.812;92.500
56.035.000;99.300;0.0940;583.231;585.900;27.297;373.829;342.146;92.500
56.040.000;99.300;0.0893;581.012;576.170;27.540;353.340;324.252;92.500
56.045.000;99.300;0.0844;577.678;564.860;27.803;388.488;354.917;92.500
56.050.000;99.300;0.0800;574.179;550.310;27.869;421.736;383.798;92.500
56.055.000;99.300;0.0911;569.863;537.300;27.043;433.313;393.827;92.500
56.060.000;99.300;0.1024;564.798;522.310;26.800;458.253;415.388;92.500
56.065.000;99.300;0.1116;559.938;504.050;27.088;372.426;340.919;92.500
56.070.000;99.300;0.1002;554.696;477.420;27.296;316.228;291.408;92.500
56.075.000;99.300;0.0754;549.209;446.890;27.410;361.562;331.435;92.500
56.080.000;99.300;0.0438;543.404;415.440;28.245;513.330;462.797;92.500
56.085.000;99.284;0.0195;536.947;377.940;28.336;842.607;741.642;92.500
56.090.000;99.190;0.0075;530.166;336.180;27.844;1.383.102;1.187.765;92.500
56.095.000;99.099;0.0045;524.271;295.120;27.854;2.270.299;1.901.155;92.500
56.100.000;99.007;0.0023;518.758;279.790;27.627;3.726.593;3.055.806;92.500
56.105.000;98.915;0.0023;515.023;264.760;27.257;6.117.033;5.015.967;92.500
56.110.000;98.872;0.0023;514.031;264.770;27.355;7.268.516;5.960.183;92.500
56.115.000;98.829;0.0032;514.278;270.870;27.487;5.512.463;4.520.219;92.500
56.120.000;98.785;0.0044;515.611;284.390;27.666;4.286.791;3.515.169;92.500
56.125.000;98.741;0.0057;517.612;299.390;27.887;3.337.030;2.739.084;92.500
56.130.000;98.698;0.0069;519.447;314.410;27.543;2.598.565;2.160.796;92.500
56.135.000;98.654;0.0083;520.961;325.640;27.536;2.023.518;1.704.296;92.500
56.140.000;98.610;0.0067;522.349;332.000;27.246;1.603.369;1.366.391;92.500
56.145.000;98.566;0.0052;523.507;337.830;27.201;1.427.639;1.223.705;92.500
56.150.000;98.523;0.0037;523.825;337.840;26.997;1.615.118;1.375.849;92.500
56.155.000;98.505;0.0023;524.058;337.860;26.855;2.041.714;1.718.760;92.500
56.160.000;98.517;0.0007;524.492;343.950;26.867;2.921.443;2.414.555;92.500
56.165.000;98.528;0.0004;525.033;343.970;27.092;4.180.226;3.427.785;92.500
56.170.000;98.539;0.0006;525.125;346.700;27.204;6.041.218;4.953.799;92.500
56.175.000;98.550;0.0008;524.663;350.080;27.063;4.719.496;3.869.987;92.500
56.180.000;98.562;0.0009;524.215;350.090;26.980;4.103.672;3.365.011;92.500
56.185.000;98.573;0.0011;524.778;344.030;27.122;3.653.490;2.995.862;92.500
56.190.000;98.584;0.0014;525.393;341.720;27.288;3.342.074;2.742.944;92.500
56.195.000;98.595;0.0019;525.394;337.980;27.498;3.189.886;2.624.400;92.500
56.200.000;98.607;0.0024;524.737;338.000;27.715;3.133.170;2.580.143;92.500
56.205.000;98.618;0.0030;523.929;337.500;27.846;3.500.876;2.870.718;92.500
56.210.000;98.629;0.0037;522.783;330.010;27.551;3.351.204;2.750.029;92.500
56.215.000;98.640;0.0045;521.886;325.880;27.379;3.034.719;2.503.211;92.500
56.220.000;98.652;0.0052;521.277;319.820;27.000;2.684.550;2.228.471;92.500
56.225.000;98.663;0.0059;521.257;319.720;26.974;2.374.866;1.983.872;92.500
56.230.000;98.674;0.0066;521.653;313.770;27.458;2.223.612;1.863.792;92.500
56.235.000;98.685;0.0074;522.203;310.830;27.983;2.512.490;2.092.773;92.500
56.240.000;98.696;0.0083;524.128;307.720;28.480;2.849.410;2.358.041;92.500
56.245.000;98.708;0.0098;525.158;301.660;28.360;2.964.064;2.447.910;92.500
56.250.000;98.719;0.0113;524.745;295.590;28.304;2.567.559;2.136.257;92.500
56.255.000;98.730;0.0123;523.833;295.610;28.960;2.250.969;1.885.549;92.500
56.260.000;98.742;0.0107;522.341;295.620;28.249;1.901.588;1.606.642;92.500
56.265.000;98.753;0.0089;520.151;289.560;27.661;2.016.035;1.698.288;92.500
56.270.000;98.764;0.0072;518.010;289.570;27.752;2.504.094;2.086.141;92.500
56.275.000;98.775;0.0054;515.201;287.420;27.872;3.220.711;2.648.378;92.500
56.280.000;98.786;0.0035;513.394;283.530;27.095;4.152.412;3.404.978;92.500
56.285.000;98.798;0.0042;512.259;277.460;27.162;4.836.872;3.966.235;92.500
56.290.000;98.809;0.0052;511.442;277.480;27.177;5.125.364;4.202.798;92.500
56.295.000;98.820;0.0061;510.411;275.720;27.368;3.666.545;3.006.567;92.500
56.300.000;98.831;0.0071;510.897;274.620;27.125;3.678.857;3.016.663;92.500
56.305.000;98.843;0.0080;511.896;277.530;26.731;3.700.608;3.034.499;92.500
56.310.000;98.854;0.0090;513.108;289.700;26.924;3.632.796;2.978.893;92.500
56.315.000;98.865;0.0099;515.110;304.620;27.081;2.683.210;2.227.405;92.500
56.320.000;98.876;0.0166;518.331;319.640;26.988;1.863.358;1.575.999;92.500
56.325.000;98.888;0.0233;521.773;334.650;26.929;1.524.077;1.302.199;92.500
56.330.000;98.899;0.0300;526.111;350.550;27.215;1.246.573;1.075.859;92.500
56.335.000;98.904;0.0366;530.265;364.680;27.623;1.008.101;879.240;92.500
56.340.000;98.909;0.0433;532.986;379.690;27.711;803.210;708.380;92.500
56.345.000;98.915;0.0443;535.593;387.070;27.951;539.710;485.209;92.500
56.350.000;98.920;0.0330;538.574;393.160;28.088;506.780;456.976;92.500
56.355.000;98.926;0.0213;540.361;393.180;27.202;681.292;605.679;92.500
56.360.000;98.932;0.0117;542.163;393.190;27.555;2.723.006;2.258.703;92.500
56.365.000;98.937;0.0083;544.166;396.630;28.460;103.374;8.284.767;92.500
56.370.000;98.942;0.0112;547.014;399.300;28.234;9.464.733;15.961.080;92.500
56.375.000;98.948;0.0140;551.031;405.590;28.438;9.956.216;16.364.097;92.500
56.380.000;98.954;0.0262;553.350;417.930;28.625;1.806.639;1.530.434;92.500
56.385.000;98.959;0.0383;553.503;441.890;28.963;1.233.517;1.065.163;92.500
56.390.000;98.965;0.0407;553.138;452.450;28.610;890.839;781.717;92.500
56.395.000;98.970;0.0407;552.129;460.170;27.564;924.654;809.911;92.500
56.400.000;98.976;0.0432;550.192;452.890;27.051;1.004.634;876.385;92.500
56.405.000;98.981;0.0516;547.078;445.400;26.921;968.152;846.101;92.500
56.410.000;98.987;0.0615;544.424;437.920;27.128;810.327;714.373;92.500
56.415.000;98.992;0.0713;543.681;423.760;27.288;639.168;570.003;92.500
56.420.000;98.998;0.0752;544.788;409.150;27.568;530.016;476.931;92.500
56.425.000;99.003;0.0668;546.115;388.910;28.162;497.493;449.021;92.500
56.430.000;99.009;0.0465;546.176;373.920;29.089;679.190;603.926;92.500
56.435.000;99.014;0.0286;545.802;363.030;30.014;964.704;843.245;92.500
56.440.000;99.020;0.0217;544.228;350.030;30.075;1.370.240;1.177.048;92.500
56.445.000;99.025;0.0210;542.772;338.740;29.268;1.710.221;1.452.794;92.500
56.450.000;99.031;0.0219;540.910;335.490;28.917;1.765.989;1.497.731;92.500
56.455.000;99.037;0.0210;537.966;326.610;28.248;1.655.295;1.408.461;92.500
56.460.000;99.042;0.0195;535.428;326.630;28.763;1.731.652;1.470.073;92.500
56.465.000;99.047;0.0193;534.202;326.640;28.954;1.832.535;1.551.254;92.500
56.470.000;99.053;0.0235;534.493;329.530;28.657;1.741.389;1.477.920;92.500
56.475.000;99.059;0.0276;536.222;337.040;28.300;1.609.318;1.371.292;92.500
56.480.000;99.064;0.0318;536.777;344.920;28.162;1.495.198;1.278.783;92.500
56.485.000;99.070;0.0335;536.765;352.070;28.764;1.413.812;1.212.582;92.500
56.490.000;99.075;0.0298;536.623;359.590;28.873;1.375.797;1.181.593;92.500
56.495.000;99.081;0.0262;536.499;367.100;28.210;1.407.019;1.207.050;92.500
56.500.000;99.086;0.0226;536.311;375.380;27.694;1.532.823;1.309.327;92.500
56.505.000;99.092;0.0191;535.718;388.210;27.159;1.946.377;1.642.575;92.500
56.510.000;99.097;0.0159;535.194;395.730;26.954;2.471.507;2.060.333;92.500
56.515.000;99.138;0.0294;535.748;406.740;26.771;3.047.444;2.512.982;92.500
56.520.000;99.214;0.0417;537.493;430.150;26.664;2.066.005;1.738.274;92.500
56.525.000;99.289;0.0540;540.278;442.850;26.553;1.264.220;1.090.470;92.500
56.530.000;99.365;0.0664;543.798;459.560;26.455;754.241;667.415;92.500
56.535.000;99.441;0.0787;547.100;478.970;26.480;667.911;594.562;92.500
56.540.000;99.517;0.0852;550.076;493.980;26.628;615.399;550.027;92.500
56.545.000;99.592;0.0813;552.898;509.260;26.697;678.944;603.973;92.500
56.550.000;99.668;0.0756;555.108;509.270;26.563;768.794;679.805;92.500
56.555.000;99.744;0.0698;556.790;509.290;26.755;870.534;765.123;92.500
56.560.000;99.820;0.0641;557.858;509.300;26.830;985.739;861.110;92.500
56.565.000;99.895;0.0583;558.325;503.240;26.923;1.106.501;961.099;92.500
56.570.000;99.971;0.0552;559.429;503.250;27.030;1.175.658;1.018.116;92.500
56.575.000;100.047;0.0611;560.890;503.270;27.132;951.511;832.770;92.500
56.580.000;100.106;0.0651;562.436;507.020;27.020;798.932;705.311;92.500
56.585.000;100.158;0.0692;564.058;515.460;27.159;675.021;600.875;92.500
56.590.000;100.211;0.0725;565.362;534.210;27.113;616.257;551.017;92.500
56.595.000;100.263;0.0741;566.477;541.730;27.015;587.560;526.587;92.500
56.600.000;100.316;0.0763;567.468;545.900;26.869;595.991;533.785;92.500
56.605.000;100.368;0.0784;567.643;545.910;26.751;602.185;539.072;92.500
56.610.000;100.421;0.0772;567.186;545.930;26.767;613.981;549.125;92.500
56.615.000;100.474;0.0761;566.763;545.940;26.714;629.285;562.149;92.500
56.620.000;100.526;0.0754;566.427;545.960;26.530;644.874;575.399;92.500
56.625.000;100.579;0.0765;567.289;541.610;26.617;660.641;588.784;92.500
56.630.000;100.632;0.0776;568.893;545.990;26.631;671.197;597.741;92.500
56.635.000;100.684;0.0787;570.850;548.270;26.583;675.061;601.024;92.500
56.640.000;100.737;0.0805;573.406;560.730;26.995;681.274;606.295;92.500
56.645.000;100.789;0.0852;576.169;568.240;27.236;662.353;590.281;92.500
56.650.000;100.842;0.0865;578.469;570.370;27.319;636.950;568.740;92.500
56.655.000;100.894;0.0844;580.195;570.380;27.460;620.524;554.791;92.500
56.660.000;100.936;0.0842;580.663;570.400;27.623;618.273;552.885;92.500
56.665.000;100.987;0.0859;581.002;566.830;27.524;616.267;551.189;92.500
56.670.000;101.038;0.0876;581.668;564.350;27.298;614.239;549.475;92.500
56.675.000;101.089;0.0868;582.370;565.050;27.188;612.206;547.756;92.500
56.680.000;101.140;0.0836;582.896;578.290;27.251;610.138;546.006;92.500
56.685.000;101.191;0.0804;583.626;589.000;27.312;607.421;543.704;92.500
56.690.000;101.242;0.0822;585.036;600.880;27.102;603.529;540.400;92.500
56.695.000;101.293;0.0856;586.619;606.980;26.866;599.661;537.116;92.500
56.700.000;101.344;0.0866;587.800;606.990;26.801;595.819;533.853;92.500
56.705.000;101.395;0.0854;588.705;607.010;27.024;592.001;530.609;92.500
56.710.000;101.446;0.0843;589.245;607.020;27.104;588.208;527.385;92.500
56.715.000;101.497;0.0831;590.476;607.040;27.259;582.184;522.257;92.500
56.720.000;101.548;0.0834;592.570;607.050;27.369;573.360;514.735;92.500
56.725.000;101.599;0.0853;594.595;609.460;27.153;554.161;498.335;92.500
56.730.000;101.650;0.0894;597.719;620.790;27.257;535.605;482.457;92.500
56.735.000;101.701;0.0935;602.058;637.490;27.298;517.670;467.084;92.500
56.740.000;101.752;0.0976;608.330;651.980;27.021;500.336;452.200;92.500
56.745.000;101.803;0.0992;616.585;681.990;26.881;488.377;441.919;92.500
56.750.000;101.854;0.0933;626.236;715.430;26.702;511.242;461.594;92.500
56.755.000;101.900;0.0912;636.927;753.060;26.745;525.563;473.897;92.500
56.760.000;101.958;0.0946;648.179;778.120;26.824;502.474;454.079;92.500
56.765.000;102.022;0.1005;658.476;806.530;26.958;450.181;409.004;92.500
56.770.000;102.087;0.1075;665.913;826.020;27.123;399.632;365.178;92.500
56.775.000;102.152;0.1145;668.769;836.590;27.177;354.759;326.039;92.500
56.780.000;102.216;0.1215;668.074;838.240;27.210;325.806;300.499;92.500
56.785.000;102.281;0.1281;664.458;821.260;27.093;319.126;294.556;92.500
56.790.000;102.345;0.1276;658.814;788.650;26.967;307.197;283.923;92.500
56.795.000;102.410;0.1271;652.721;759.260;27.075;291.693;270.079;92.500
56.800.000;102.474;0.1244;646.422;747.110;27.176;286.569;265.504;92.500
56.805.000;102.539;0.1192;640.821;747.130;26.999;284.351;263.529;92.500
56.810.000;102.603;0.1144;636.863;744.910;27.272;283.013;262.341;92.500
56.815.000;102.668;0.1098;632.292;741.080;27.166;301.939;279.279;92.500
56.820.000;102.662;0.1064;624.813;728.940;27.019;276.941;256.911;92.500
56.825.000;102.585;0.1127;614.664;708.630;27.239;243.885;227.212;92.500
56.830.000;102.507;0.1177;602.277;665.630;27.250;226.684;211.697;92.500
56.835.000;102.301;0.1094;589.322;599.120;27.004;246.358;229.392;92.500
56.840.000;102.078;0.0667;576.301;522.310;27.217;437.081;397.670;92.500
56.845.000;101.855;0.0040;563.866;464.500;27.537;1.140.294;1.053.977;92.500
56.850.000;101.633;-0.0002;553.457;424.090;27.978;2.857.938;2.428.797;92.500
56.855.000;101.411;-0.0042;546.225;376.460;28.325;6.772.767;5.513.566;92.500
56.860.000;101.396;-0.0082;541.510;339.850;28.891;9.516.985;7.711.016;92.500
56.865.000;101.588;-0.0080;538.241;307.690;29.295;5.462.185;12.594.149;92.500
56.870.000;101.781;-0.0065;535.733;293.390;29.472;3.762.039;19.488.701;92.500
56.875.000;101.974;-0.0046;534.238;297.490;29.162;2.235.376;35.451.797;92.500
56.880.000;102.166;-0.0027;534.499;318.290;28.600;6.571.553;39.252.151;92.500
56.885.000;102.267;-0.0008;537.141;340.810;28.026;4.559.204;3.750.009;92.500
56.890.000;101.921;0.0006;540.003;367.010;27.452;9.370.846;15.832.623;92.500
56.895.000;101.573;0.0001;541.609;394.820;26.948;7.826.621;6.356.328;92.500
56.900.000;101.227;-0.0004;543.509;413.520;27.064;7.940.430;6.447.422;92.500
56.905.000;100.879;-0.0009;545.647;419.160;27.192;8.664.810;7.027.620;92.500
56.910.000;100.536;0.0010;548.950;419.180;27.294;1.264.449;9.136.216;92.500
56.915.000;100.442;0.0036;550.800;431.360;27.273;3.312.168;10.820.068;92.500
56.920.000;100.328;0.0061;550.966;443.720;27.120;7.930.521;6.439.477;92.500
56.925.000;100.214;0.0148;551.311;464.740;26.743;2.502.315;2.084.729;92.500
56.930.000;100.100;0.0259;553.470;476.860;26.679;1.080.484;939.591;92.500
56.935.000;99.986;0.0324;554.191;484.370;26.567;805.237;710.490;92.500
56.940.000;99.871;0.0395;553.383;497.630;26.666;700.457;622.223;92.500
56.945.000;99.757;0.0206;550.530;492.000;26.905;728.844;646.127;92.500
56.950.000;99.643;0.0079;547.253;455.780;27.150;942.534;825.005;92.500
56.955.000;99.529;0.0038;543.257;420.930;27.381;1.573.794;1.342.573;92.500
56.960.000;99.414;-0.0002;539.404;389.730;27.608;2.733.578;2.266.692;92.500
56.965.000;99.300;-0.0038;535.503;372.610;27.641;5.402.080;4.429.706;92.500
56.970.000;99.186;-0.0039;533.205;355.480;27.507;3.505.856;11.074.801;92.500
56.975.000;99.072;-0.0039;533.181;346.430;27.604;3.015.409;10.672.635;92.500
56.980.000;98.957;-0.0033;534.790;358.600;27.470;1.342.705;9.301.018;92.500
56.985.000;98.893;-0.0026;538.475;371.440;27.541;9.610.562;7.880.661;92.500
56.990.000;98.832;-0.0020;543.125;388.120;27.287;7.419.046;6.083.618;92.500
56.995.000;98.768;-0.0013;547.400;404.800;27.232;5.067.486;4.155.338;92.500
57.000.000;98.707;-0.0007;551.321;421.470;26.974;3.391.388;2.780.938;92.500
57.005.000;98.700;-0.0008;553.600;428.690;27.055;2.751.544;2.280.601;92.500
57.010.000;98.700;-0.0017;552.089;416.840;27.068;2.830.135;2.342.321;92.500
57.015.000;98.700;-0.0026;548.465;401.260;26.947;3.352.288;2.750.138;92.500
57.020.000;98.700;-0.0035;542.096;377.400;27.009;5.095.052;4.177.943;92.500
57.025.000;98.700;-0.0045;535.540;347.570;27.356;7.120.493;5.838.804;92.500
57.030.000;98.700;-0.0027;529.412;328.620;27.392;8.196.994;6.721.535;92.500
57.035.000;98.700;0.0005;523.326;304.060;27.256;7.972.719;6.537.629;92.500
57.040.000;98.700;0.0012;519.185;297.270;27.439;8.326.653;6.827.855;92.500
57.045.000;98.700;-0.0001;518.293;291.930;27.321;9.358.536;7.673.999;92.500
57.050.000;98.700;-0.0014;518.971;288.380;27.406;2.913.966;10.589.452;92.500
57.055.000;98.700;-0.0025;520.627;285.880;27.220;7.820.149;14.612.522;92.500
57.060.000;98.700;-0.0023;521.793;291.980;27.038;475.994;16.790.315;92.500
57.065.000;98.700;-0.0020;522.502;291.990;26.928;5.970.897;13.096.135;92.500
57.070.000;98.700;-0.0018;523.569;295.180;27.015;3.321.287;10.923.455;92.500
57.075.000;98.700;-0.0015;524.184;304.180;27.207;1.100.828;9.102.679;92.500
57.080.000;98.700;-0.0010;524.582;310.270;27.473;9.947.181;8.156.688;92.500
57.085.000;98.700;-0.0005;525.461;325.170;27.515;521.759;8.627.842;92.500
57.090.000;98.698;0.0010;526.975;340.180;27.370;8.888.641;7.288.685;92.500
57.095.000;98.893;0.0048;529.317;359.410;27.489;5.560.637;4.559.723;92.500
57.100.000;99.227;0.0106;532.429;377.200;27.571;1.722.123;1.462.185;92.500
57.105.000;99.563;0.0184;534.966;396.620;27.361;665.599;592.557;92.500
57.110.000;99.890;0.0262;536.721;405.630;27.300;555.879;499.349;92.500
57.115.000;99.906;0.0284;536.549;413.720;27.360;530.762;477.857;92.500
57.120.000;99.848;0.0225;534.848;403.280;27.520;613.159;548.174;92.500
57.125.000;99.573;0.0166;532.074;384.680;27.600;759.938;672.189;92.500
57.130.000;99.241;0.0107;527.717;352.980;27.420;970.533;848.024;92.500
57.135.000;98.887;0.0047;522.849;321.420;27.567;1.235.751;1.066.704;92.500
57.140.000;98.970;-0.0001;518.255;297.870;27.567;3.508.113;2.876.653;92.500
57.145.000;99.050;0.0004;514.444;274.310;27.085;6.750.210;5.535.172;92.500
57.150.000;99.108;0.0026;512.265;255.780;26.868;5.940.028;4.870.823;92.500
57.155.000;98.563;0.0049;511.532;261.820;26.836;4.916.302;4.031.367;92.500
57.160.000;97.715;0.0064;512.109;281.280;27.187;4.069.009;3.336.588;92.500
57.165.000;96.968;0.0047;515.517;298.370;27.069;3.840.054;3.148.844;92.500
57.170.000;97.092;0.0031;519.092;319.030;27.143;3.948.076;3.237.422;92.500
57.175.000;97.107;0.0015;523.130;334.040;27.196;3.336.516;2.737.700;92.500
57.180.000;97.110;0.0000;527.063;345.020;27.168;2.770.065;2.294.644;92.500
57.185.000;97.113;-0.0009;530.286;353.150;27.303;2.299.782;1.923.119;92.500
57.190.000;97.117;-0.0010;533.462;360.050;27.198;2.028.752;1.707.207;92.500
57.195.000;97.120;-0.0011;535.731;367.560;27.278;2.205.026;1.847.792;92.500
57.200.000;97.124;-0.0013;536.573;371.430;27.354;2.535.222;2.109.570;92.500
57.205.000;97.127;-0.0014;537.125;371.450;27.216;2.914.865;2.408.313;92.500
57.210.000;97.131;-0.0015;535.963;371.050;27.276;3.281.438;2.694.781;92.500
57.215.000;97.134;-0.0016;534.037;365.400;27.183;3.209.668;2.638.832;92.500
57.220.000;97.138;-0.0017;531.479;358.910;27.258;3.104.330;2.556.595;92.500
57.225.000;97.141;-0.0018;527.783;341.110;27.336;3.467.849;2.843.636;92.500
57.230.000;97.145;-0.0020;524.174;328.920;27.445;4.080.967;3.346.393;92.500
57.235.000;97.148;-0.0021;520.138;306.440;27.484;4.802.483;3.938.036;92.500
57.240.000;97.152;-0.0020;516.585;289.660;27.424;6.161.276;5.052.246;92.500
57.245.000;97.155;-0.0014;514.076;277.900;27.602;6.514.958;5.342.266;92.500
57.250.000;97.159;-0.0009;512.695;268.240;27.522;6.961.521;5.708.447;92.500
57.255.000;97.162;-0.0003;512.408;268.250;27.447;7.404.196;6.071.441;92.500
57.260.000;97.166;0.0002;512.897;270.730;27.398;6.881.248;5.642.623;92.500
57.265.000;97.169;0.0008;514.175;278.250;27.513;6.385.669;5.236.249;92.500
57.270.000;97.173;0.0014;516.071;292.620;27.565;5.713.471;4.685.046;92.500
57.275.000;97.176;0.0019;518.198;312.160;27.320;4.984.565;4.087.343;92.500
57.280.000;97.180;0.0028;519.969;327.170;27.492;4.624.616;3.792.185;92.500
57.285.000;97.183;0.0043;521.463;338.700;27.392;4.831.632;3.961.938;92.500
57.290.000;97.187;0.0057;522.870;341.310;27.456;4.104.032;3.365.306;92.500
57.295.000;97.190;0.0067;523.848;341.570;27.142;3.400.075;2.788.062;92.500
57.300.000;97.193;0.0067;524.178;349.090;27.144;2.951.947;2.437.313;92.500
57.305.000;97.197;0.0067;524.676;353.510;27.323;2.580.160;2.145.000;92.500
57.310.000;97.200;0.0067;524.724;353.530;27.219;2.798.386;2.316.828;92.500
57.315.000;97.204;0.0067;525.469;359.620;27.023;3.410.052;2.796.242;92.500
57.320.000;97.207;0.0067;526.492;358.360;26.923;4.155.416;3.407.441;92.500
57.325.000;97.211;0.0072;527.077;353.570;26.951;4.452.402;3.650.970;92.500
57.330.000;97.214;0.0075;527.094;349.470;26.822;4.411.419;3.617.364;92.500
57.335.000;97.218;0.0063;526.383;341.440;26.675;4.069.504;3.336.993;92.500
57.340.000;97.221;0.0051;525.488;328.420;26.610;3.700.608;3.034.499;92.500
57.345.000;97.225;0.0039;524.450;318.630;26.765;3.734.987;3.062.689;92.500
57.350.000;97.228;0.0026;522.926;307.370;26.832;4.475.105;3.669.586;92.500
57.355.000;97.232;0.0015;520.352;298.950;26.721;5.583.224;4.578.243;92.500
57.360.000;97.235;0.0007;518.438;292.400;26.784;7.316.480;5.999.514;92.500
57.365.000;97.239;0.0007;517.144;284.920;26.731;9.587.809;7.862.003;92.500
57.370.000;97.242;0.0015;516.590;280.760;26.865;2.087.300;9.911.586;92.500
57.375.000;97.246;0.0023;516.562;280.780;26.684;1.101.497;9.103.227;92.500
57.380.000;97.249;0.0032;518.390;287.060;26.805;424.910;8.548.426;92.500
57.385.000;97.253;0.0040;520.962;303.590;26.893;1.019.672;9.036.130;92.500
57.390.000;97.256;0.0048;528.455;329.030;26.940;46.344;8.238.002;92.500
57.395.000;97.260;0.0057;536.945;359.060;26.790;424.910;8.548.426;92.500
57.400.000;97.263;0.0074;546.238;378.120;26.824;8.740.171;7.166.940;92.500
57.405.000;97.267;0.0096;556.699;405.810;26.812;7.520.657;6.166.938;92.500
57.410.000;97.270;0.0119;567.062;428.310;26.818;6.184.160;5.071.011;92.500
57.415.000;97.274;0.0155;576.528;446.870;26.912;4.926.304;4.039.569;92.500
57.420.000;97.277;0.0216;586.078;463.280;26.745;4.534.675;3.718.434;92.500
57.425.000;97.281;0.0276;591.756;483.690;26.672;3.837.150;3.146.463;92.500
57.430.000;97.284;0.0334;597.254;506.230;26.762;3.001.641;2.476.138;92.500
57.435.000;97.288;0.0376;602.951;528.730;26.832;2.462.901;2.052.299;92.500
57.440.000;97.291;0.0401;607.332;536.290;26.821;2.147.010;1.801.522;92.500
57.445.000;97.295;0.0408;610.581;548.470;26.761;1.882.950;1.590.394;92.500
57.450.000;97.298;0.0403;613.133;548.480;26.531;1.924.213;1.623.482;92.500
57.455.000;97.302;0.0398;614.194;548.500;26.642;1.964.636;1.655.861;92.500
57.460.000;97.307;0.0395;613.882;548.510;26.708;2.069.363;1.739.586;92.500
57.465.000;97.312;0.0415;612.033;548.530;26.634;2.253.572;1.886.317;92.500
57.470.000;97.317;0.0456;608.554;545.830;26.667;2.463.578;2.052.821;92.500
57.475.000;97.322;0.0495;605.179;533.630;26.639;2.388.430;1.993.328;92.500
57.480.000;97.326;0.0534;602.393;526.140;26.578;2.213.699;1.854.609;92.500
57.485.000;97.331;0.0553;600.381;518.190;26.665;1.991.576;1.677.418;92.500
57.490.000;97.336;0.0561;601.300;512.130;26.546;1.998.627;1.683.057;92.500
57.495.000;97.341;0.0569;601.718;512.140;26.402;2.010.078;1.692.214;92.500
57.500.000;97.346;0.0576;602.162;515.950;26.209;1.896.707;1.601.426;92.500
57.505.000;97.350;0.0584;603.071;518.250;26.031;1.777.708;1.505.822;92.500
57.510.000;97.355;0.0575;603.732;518.270;26.155;1.664.912;1.414.892;92.500
57.515.000;97.360;0.0547;603.413;516.300;26.314;1.585.629;1.350.786;92.500
57.520.000;97.365;0.0519;601.486;512.220;26.464;1.565.142;1.334.195;92.500
57.525.000;97.370;0.0516;597.995;512.240;26.369;1.691.465;1.436.327;92.500
57.530.000;97.374;0.0541;596.086;512.170;26.539;1.750.312;1.483.766;92.500
57.535.000;97.379;0.0566;593.758;508.430;26.566;1.741.875;1.476.970;92.500
57.540.000;97.384;0.0569;590.892;503.190;26.382;1.663.428;1.413.695;92.500
57.545.000;97.389;0.0561;586.819;495.710;26.322;1.595.186;1.358.525;92.500
57.550.000;97.394;0.0590;582.750;494.070;26.518;1.748.702;1.482.470;92.500
57.555.000;97.398;0.0629;579.825;486.820;26.610;1.726.837;1.464.852;92.500
57.560.000;97.403;0.0668;576.555;479.330;26.639;1.708.174;1.449.806;92.500
57.565.000;97.408;0.0670;573.555;473.190;26.702;1.701.515;1.444.436;92.500
57.570.000;97.413;0.0656;570.783;468.210;26.420;1.743.945;1.478.638;92.500
57.575.000;97.418;0.0659;568.290;462.960;26.397;1.778.279;1.506.282;92.500
57.580.000;97.423;0.0668;566.283;455.470;26.268;1.781.474;1.508.853;92.500
57.585.000;97.427;0.0670;564.912;444.350;26.272;1.800.452;1.524.119;92.500
57.590.000;97.432;0.0646;562.859;433.410;26.358;1.716.371;1.456.417;92.500
57.595.000;97.437;0.0623;561.460;427.340;26.495;1.751.735;1.484.913;92.500
57.600.000;97.442;0.0599;560.552;439.510;26.630;1.782.395;1.509.594;92.500
57.605.000;97.447;0.0604;560.420;442.770;26.676;1.735.938;1.472.188;92.500
57.610.000;97.451;0.0616;560.986;445.630;26.570;1.686.194;1.432.076;92.500
57.615.000;97.456;0.0628;561.327;445.640;26.478;1.719.395;1.458.855;92.500
57.620.000;97.461;0.0617;561.534;445.650;26.579;1.742.536;1.477.504;92.500
57.625.000;97.466;0.0602;561.492;445.670;26.590;1.765.989;1.496.390;92.500
57.630.000;97.471;0.0608;560.434;445.680;26.732;1.789.757;1.515.517;92.500
57.635.000;97.475;0.0580;559.278;445.700;26.697;1.813.845;1.534.887;92.500
57.640.000;97.480;0.0572;558.331;439.630;26.712;1.832.535;1.549.907;92.500
57.645.000;97.485;0.0588;557.335;439.650;26.819;1.765.989;1.496.390;92.500
57.650.000;97.490;0.0581;557.689;439.670;26.823;1.827.669;1.545.998;92.500
57.655.000;97.494;0.0560;557.523;433.600;26.764;1.973.244;1.662.734;92.500
57.660.000;97.498;0.0576;557.437;427.540;26.638;1.749.733;1.483.300;92.500
57.665.000;97.537;0.0556;558.078;427.550;26.437;1.802.840;1.526.055;92.500
57.670.000;97.579;0.0574;558.535;427.570;26.500;1.866.742;1.577.410;92.500
57.675.000;97.621;0.0598;559.555;427.590;26.488;1.815.667;1.536.404;92.500
57.680.000;97.663;0.0622;560.470;433.930;26.555;1.866.950;1.577.612;92.500
57.685.000;97.705;0.0617;560.175;439.770;26.614;1.867.419;1.578.006;92.500
57.690.000;97.747;0.0588;560.668;439.790;26.504;1.766.858;1.497.198;92.500
57.695.000;97.789;0.0575;561.229;439.800;26.579;1.887.787;1.594.383;92.500
57.700.000;97.831;0.0584;561.366;439.820;26.679;1.985.352;1.672.552;92.500
57.705.000;97.873;0.0592;561.082;438.560;26.521;2.047.599;1.722.322;92.500
57.710.000;97.915;0.0578;559.705;431.080;26.468;2.014.980;1.696.276;92.500
57.715.000;97.957;0.0551;558.359;427.710;26.535;1.991.573;1.677.577;92.500
57.720.000;97.999;0.0542;557.587;421.640;26.596;1.965.988;1.657.124;92.500
57.725.000;98.040;0.0557;555.988;420.780;26.674;1.937.085;1.633.999;92.500
57.730.000;98.083;0.0562;555.001;415.590;26.715;1.981.184;1.669.317;92.500
57.735.000;98.100;0.0543;555.327;419.320;26.632;2.015.475;1.696.741;92.500
57.740.000;98.100;0.0566;556.942;421.700;26.761;2.027.298;1.706.187;92.500
57.745.000;98.100;0.0592;560.369;428.760;26.654;2.028.752;1.707.346;92.500
57.750.000;98.100;0.0595;564.714;443.770;26.593;2.015.248;1.696.552;92.500
57.755.000;98.100;0.0576;569.616;458.790;26.640;1.973.480;1.663.147;92.500
57.760.000;98.100;0.0574;576.096;476.480;26.574;1.987.434;1.674.308;92.500
57.765.000;98.100;0.0594;582.693;488.730;26.535;2.011.710;1.693.716;92.500
57.770.000;98.100;0.0580;588.918;496.250;26.472;1.936.100;1.633.215;92.500
57.775.000;98.100;0.0553;594.373;503.760;26.339;1.866.742;1.577.606;92.500
57.780.000;98.100;0.0526;598.895;511.280;26.312;2.028.752;1.707.327;92.500
57.785.000;98.100;0.0547;603.610;519.100;26.223;1.919.254;1.619.711;92.500
57.790.000;98.100;0.0583;608.453;527.410;26.285;2.047.031;1.721.922;92.500
57.795.000;98.100;0.0598;612.156;539.900;26.371;2.105.199;1.768.336;92.500
57.800.000;98.100;0.0607;615.420;547.410;26.207;1.973.244;1.662.935;92.500
57.805.000;98.100;0.0615;618.617;561.720;26.169;2.580.160;2.144.925;92.500
57.810.000;98.100;0.0624;622.840;569.230;26.360;2.442.112;2.035.882;92.500
57.815.000;98.100;0.0664;627.155;582.120;26.447;2.286.289;1.912.398;92.500
57.820.000;98.100;0.0666;630.967;589.640;26.446;2.140.408;1.796.384;92.500
57.825.000;98.100;0.0645;636.556;598.250;26.288;2.003.835;1.687.388;92.500
57.830.000;98.100;0.0628;639.136;598.270;26.207;1.937.085;1.633.973;92.500
57.835.000;98.100;0.0632;640.321;598.280;26.052;2.290.807;1.915.972;92.500
57.840.000;98.100;0.0635;639.941;598.300;25.935;2.445.815;2.038.791;92.500
57.845.000;98.100;0.0639;636.554;592.240;26.182;2.509.565;2.089.178;92.500
57.850.000;98.100;0.0643;632.140;586.170;26.257;2.461.826;2.051.447;92.500
57.855.000;98.100;0.0639;626.127;577.410;26.449;2.374.792;1.982.560;92.500
57.860.000;98.104;0.0620;617.742;562.430;26.476;2.287.446;1.913.291;92.500
57.865.000;98.109;0.0604;612.221;547.450;26.489;2.356.316;1.967.916;92.500
57.870.000;98.113;0.0625;607.247;543.680;26.586;2.485.592;2.070.225;92.500
57.875.000;98.118;0.0657;603.574;537.610;26.458;2.377.597;1.984.776;92.500
57.880.000;98.122;0.0690;601.157;532.880;26.472;2.200.970;1.844.569;92.500
57.885.000;98.126;0.0717;599.996;525.490;26.336;2.069.395;1.739.734;92.500
57.890.000;98.131;0.0693;600.192;519.420;26.274;1.973.244;1.662.901;92.500
57.895.000;98.135;0.0670;601.221;513.360;26.132;1.981.405;1.669.429;92.500
57.900.000;98.140;0.0683;603.133;521.430;26.169;1.991.188;1.677.253;92.500
57.905.000;98.144;0.0708;604.945;528.950;26.067;2.001.019;1.685.114;92.500
57.910.000;98.149;0.0712;606.759;537.720;26.075;2.010.078;1.692.355;92.500
57.915.000;98.153;0.0718;608.368;550.050;26.210;2.003.298;1.686.934;92.500
57.920.000;98.158;0.0738;610.050;557.570;26.415;1.997.059;1.681.946;92.500
57.925.000;98.162;0.0708;610.975;562.080;26.532;1.955.665;1.648.829;92.500
57.930.000;98.167;0.0677;610.277;562.100;26.565;2.054.021;1.727.456;92.500
57.935.000;98.171;0.0646;608.706;562.110;26.495;2.198.159;1.842.320;92.500
57.940.000;98.176;0.0663;606.796;554.870;26.382;2.353.213;1.965.434;92.500
57.945.000;98.180;0.0702;604.480;547.380;26.497;2.518.949;2.096.547;92.500
57.950.000;98.185;0.0732;602.461;539.900;26.465;2.674.910;2.219.501;92.500
57.955.000;98.189;0.0689;600.043;531.780;26.581;2.803.941;2.320.928;92.500
57.960.000;98.194;0.0647;597.507;525.710;26.592;2.936.455;2.424.830;92.500
57.965.000;98.198;0.0642;595.430;525.730;26.469;2.776.035;2.299.008;92.500
57.970.000;98.202;0.0664;594.024;525.740;26.431;2.526.329;2.102.364;92.500
57.975.000;98.207;0.0673;593.433;525.760;26.575;2.300.633;1.923.725;92.500
57.980.000;98.211;0.0680;593.194;525.780;26.786;2.105.199;1.768.279;92.500
57.985.000;98.216;0.0690;592.683;525.790;26.706;2.070.958;1.740.965;92.500
57.990.000;98.220;0.0699;591.903;525.810;26.585;2.066.622;1.737.504;92.500
57.995.000;98.225;0.0709;591.853;525.820;26.464;2.089.793;1.755.990;92.500
58.000.000;98.229;0.0718;592.327;524.620;26.422;2.105.199;1.768.275;92.500
58.005.000;98.234;0.0728;593.237;523.140;26.491;2.058.033;1.730.646;92.500
58.010.000;98.238;0.0737;593.613;521.660;26.396;1.973.596;1.663.168;92.500
58.015.000;98.243;0.0741;593.536;520.180;26.408;1.848.465;1.562.885;92.500
58.020.000;98.247;0.0732;594.470;525.900;26.314;1.769.940;1.499.769;92.500
58.025.000;98.252;0.0723;596.048;526.820;26.451;1.687.942;1.433.704;92.500
58.030.000;98.256;0.0715;598.171;534.310;26.623;1.639.403;1.394.517;92.500
58.035.000;98.261;0.0710;600.517;538.100;26.440;1.640.059;1.395.047;92.500
58.040.000;98.265;0.0705;602.250;544.200;26.474;1.682.545;1.429.350;92.500
58.045.000;98.270;0.0700;604.987;544.640;26.304;1.749.733;1.483.503;92.500
58.050.000;98.274;0.0694;607.159;550.300;26.435;1.782.395;1.509.789;92.500
58.055.000;98.279;0.0678;608.552;553.540;26.492;1.782.395;1.509.789;92.500
58.060.000;98.283;0.0663;609.678;562.500;26.512;1.833.406;1.550.789;92.500
58.065.000;98.287;0.0647;610.649;562.510;26.718;1.850.175;1.564.254;92.500
58.070.000;98.292;0.0667;612.617;568.600;26.744;1.850.770;1.564.731;92.500
58.075.000;98.296;0.0709;614.831;568.620;26.629;1.764.098;1.495.066;92.500
58.080.000;98.301;0.0721;616.558;572.760;26.495;1.674.513;1.422.869;92.500
58.085.000;98.305;0.0662;619.312;574.730;26.412;1.589.028;1.353.785;92.500
58.090.000;98.310;0.0634;621.646;580.820;26.484;1.537.259;1.311.854;92.500
58.095.000;98.314;0.0611;623.169;580.840;26.561;1.574.270;1.341.839;92.500
58.100.000;98.319;0.0588;624.246;584.500;26.520;1.642.819;1.397.278;92.500
58.105.000;98.323;0.0614;625.041;586.950;26.605;1.701.859;1.444.928;92.500
58.110.000;98.328;0.0617;625.970;586.960;26.814;1.701.859;1.444.928;92.500
58.115.000;98.332;0.0591;627.337;588.730;26.835;1.641.660;1.396.342;92.500
58.120.000;98.337;0.0581;628.157;593.070;26.732;1.594.321;1.358.069;92.500
58.125.000;98.341;0.0609;629.293;597.650;26.607;1.593.359;1.357.291;92.500
58.130.000;98.346;0.0637;630.771;599.180;26.480;1.749.733;1.483.501;92.500
58.135.000;98.350;0.0660;631.459;599.190;26.474;1.549.038;1.321.403;92.500
58.140.000;98.355;0.0640;631.928;599.210;26.519;1.374.779;1.179.761;92.500
58.145.000;98.359;0.0606;631.807;595.150;26.586;1.265.930;1.090.813;92.500
58.150.000;98.364;0.0572;631.095;587.080;26.613;1.289.561;1.110.157;92.500
58.155.000;98.368;0.0539;630.673;587.100;26.509;1.436.578;1.230.096;92.500
58.160.000;98.372;0.0582;629.948;587.110;26.453;1.615.225;1.374.978;92.500
58.165.000;98.377;0.0634;630.238;587.130;26.434;1.782.395;1.509.784;92.500
58.170.000;98.381;0.0685;633.761;593.220;26.423;1.615.892;1.375.517;92.500
58.175.000;98.386;0.0737;641.544;599.930;26.526;1.421.535;1.217.857;92.500
58.180.000;98.390;0.0776;654.429;618.300;26.589;1.197.604;1.034.783;92.500
58.185.000;98.395;0.0807;671.942;657.530;26.573;1.207.984;1.043.307;92.500
58.190.000;98.399;0.0837;692.481;709.860;26.513;1.174.179;1.015.535;92.500
58.195.000;98.404;0.0819;714.637;751.350;26.543;1.120.072;970.998;92.500
58.200.000;98.408;0.0689;736.164;778.120;26.728;1.067.960;927.997;92.500
58.205.000;98.413;0.0483;754.034;790.470;26.894;1.042.491;906.942;92.500
58.210.000;98.417;0.0304;765.624;793.950;26.964;1.219.959;1.053.139;92.500
58.215.000;98.422;0.0211;770.265;793.970;26.895;1.733.628;1.470.529;92.500
58.220.000;98.426;0.0248;765.399;793.250;26.896;2.762.391;2.288.154;92.500
58.225.000;98.431;0.0282;752.191;785.790;26.958;3.911.736;3.207.624;92.500
58.230.000;98.435;0.0316;733.030;771.270;27.094;2.818.383;2.332.110;92.500
58.235.000;98.440;0.0314;710.220;721.080;27.104;2.165.086;1.815.937;92.500
58.240.000;98.444;0.0296;686.380;664.700;27.167;1.851.841;1.565.579;92.500
58.245.000;98.448;0.0356;662.680;617.300;27.149;1.733.628;1.470.528;92.500
58.250.000;98.453;0.0412;642.822;590.430;27.177;2.111.698;1.773.410;92.500
58.255.000;98.457;0.0462;631.406;568.010;26.919;2.330.612;1.947.423;92.500
58.260.000;98.462;0.0497;627.025;557.020;27.015;1.954.056;1.647.502;92.500
58.265.000;98.466;0.0523;628.571;581.040;27.115;1.559.196;1.329.639;92.500
58.270.000;98.471;0.0495;633.216;613.330;27.202;1.311.355;1.127.996;92.500
58.275.000;98.475;0.0448;638.472;627.890;27.260;1.102.908;956.860;92.500
58.280.000;98.480;0.0377;643.342;630.030;27.009;924.408;808.979;92.500
58.285.000;98.484;0.0308;643.116;623.300;26.835;941.663;823.335;92.500
58.290.000;98.489;0.0256;637.809;611.710;26.880;1.081.774;939.423;92.500
58.295.000;98.493;0.0266;629.607;585.830;26.701;1.313.980;1.130.144;92.500
58.300.000;98.498;0.0296;619.690;532.830;26.693;1.717.670;1.457.671;92.500
58.305.000;98.548;0.0327;609.567;502.080;26.766;2.245.385;1.879.791;92.500
58.310.000;98.654;0.0357;600.165;490.300;26.867;2.396.172;1.999.395;92.500
58.315.000;98.759;0.0388;592.376;493.300;26.878;2.051.202;1.725.252;92.500
58.320.000;98.865;0.0419;588.435;496.410;26.907;1.807.819;1.530.387;92.500
58.325.000;98.970;0.0435;586.600;496.430;26.938;1.593.055;1.357.283;92.500
58.330.000;99.075;0.0452;585.257;496.440;27.006;1.481.435;1.266.862;92.500
58.335.000;99.180;0.0432;583.832;496.460;26.995;1.558.180;1.329.157;92.500
58.340.000;99.286;0.0412;581.558;496.470;27.121;1.623.991;1.382.453;92.500
58.345.000;99.391;0.0392;578.713;490.410;27.265;1.701.859;1.445.354;92.500
58.350.000;99.496;0.0365;574.846;489.210;27.363;1.612.986;1.373.661;92.500
58.355.000;99.602;0.0304;570.637;474.270;27.553;1.489.005;1.273.276;92.500
58.360.000;99.707;0.0221;569.021;462.730;27.779;1.374.555;1.180.217;92.500
58.365.000;99.812;0.0131;565.214;441.840;28.085;1.289.966;1.111.189;92.500
58.370.000;99.917;0.0063;556.744;417.040;28.477;1.265.930;1.091.571;92.500
58.375.000;100.023;-0.0005;547.739;382.610;28.856;1.430.696;1.226.096;92.500
58.380.000;100.128;-0.0030;538.674;327.350;28.941;1.756.456;1.489.643;92.500
58.385.000;100.233;-0.0054;528.675;271.840;28.867;2.361.937;1.972.763;92.500
58.390.000;100.353;-0.0078;518.786;223.070;29.338;3.832.296;3.142.483;92.500
58.395.000;100.498;-0.0103;507.174;201.740;29.650;4.233.696;3.471.631;92.500
58.400.000;100.644;-0.0120;499.331;178.120;29.595;5.996.981;4.917.524;92.500
58.405.000;100.789;-0.0128;496.680;166.840;29.830;1.883.374;9.744.366;92.500
58.410.000;100.934;-0.0130;495.206;150.180;29.878;287.518;16.635.765;92.500
58.415.000;101.079;-0.0132;494.071;137.490;29.972;5.027.283;3.661.383;92.500
58.420.000;101.224;-0.0134;494.830;130.030;29.973;77.089.629;18.462.769;0    9.2500
58.425.000;101.369;-0.0136;495.302;122.570;29.972;75.176.992;18.245.322;0    9.2500
58.430.000;101.515;-0.0137;495.716;119.850;29.971;75.308.281;18.260.244;0    9.2500
58.435.000;101.660;-0.0139;495.702;119.860;29.970;75.400.059;18.270.671;0    9.2500
58.440.000;101.805;-0.0140;495.680;119.880;29.969;75.485.449;18.280.394;0    9.2500
58.445.000;101.950;-0.0141;495.657;119.890;29.967;75.574.102;18.290.460;0    9.2500
58.450.000;102.095;-0.0141;495.635;119.910;29.966;75.662.793;18.300.554;0    9.2500
58.455.000;102.241;-0.0141;495.612;119.920;29.965;75.751.543;18.310.634;0    9.2500
58.460.000;102.386;-0.0140;495.586;119.940;29.964;75.840.332;18.320.730;0    9.2500
58.465.000;102.531;-0.0140;495.564;119.950;29.963;75.929.160;18.330.832;0    9.2500
58.470.000;102.676;-0.0139;495.541;119.970;29.962;76.018.047;18.340.937;0    9.2500
58.475.000;102.822;-0.0139;495.522;119.990;29.960;76.106.973;18.351.050;0    9.2500
58.480.000;102.966;-0.0139;495.485;120.000;29.959;76.195.938;18.361.177;0    9.2500
58.485.000;103.103;-0.0139;495.121;120.020;29.958;76.284.941;18.371.298;0    9.2500
58.490.000;103.200;-0.0138;494.682;120.030;29.958;76.374.004;18.381.427;0    9.2500
58.495.000;103.292;-0.0138;494.288;120.050;29.953;76.463.105;18.391.552;0    9.2500
58.500.000;103.384;-0.0138;493.256;120.060;29.880;76.552.266;18.401.691;0    9.2500
58.505.000;103.477;-0.0137;491.969;120.080;29.871;76.641.445;18.411.837;0    9.2500
58.510.000;103.569;-0.0137;491.383;120.090;29.881;76.730.684;18.421.990;0    9.2500
58.515.000;103.661;-0.0137;491.544;120.110;29.748;76.819.980;18.432.154;0    9.2500
58.520.000;103.753;-0.0136;492.293;114.040;29.701;76.909.297;18.442.316;0    9.2500
58.525.000;103.847;-0.0136;492.680;114.060;29.856;76.998.672;18.452.486;0    9.2500
58.530.000;104.005;-0.0136;492.650;114.070;30.007;77.088.086;18.462.638;0    9.2500
58.535.000;104.262;-0.0135;493.977;114.090;30.034;77.177.559;18.472.837;0    9.2500
58.540.000;104.313;-0.0135;495.456;108.030;29.915;77.267.070;18.483.011;0    9.2500
58.545.000;104.328;-0.0135;496.166;108.040;29.832;77.356.621;18.493.203;0    9.2500
58.550.000;104.342;-0.0134;496.341;108.050;30.019;77.446.211;18.503.398;0    9.2500
58.555.000;104.357;-0.0134;496.306;108.070;30.019;77.535.859;18.513.599;0    9.2500
58.560.000;104.372;-0.0134;496.912;108.090;30.022;77.625.547;18.523.806;0    9.2500
58.565.000;104.386;-0.0133;497.637;108.100;30.023;77.715.293;18.534.029;0    9.2500
58.570.000;104.401;-0.0133;497.134;108.120;30.012;77.805.078;18.544.248;0    9.2500
58.575.000;104.416;-0.0132;496.313;108.130;30.028;77.894.902;18.554.472;0    9.2500
58.580.000;104.431;-0.0130;495.789;108.150;29.992;77.984.766;18.564.701;0    9.2500
58.585.000;104.445;-0.0129;495.202;108.160;29.910;78.074.688;18.574.925;0    9.2500
58.590.000;104.460;-0.0128;494.631;108.180;29.847;78.164.648;18.585.166;0    9.2500
58.595.000;104.475;-0.0126;493.028;108.190;29.930;78.254.648;18.595.414;0    9.2500
58.600.000;104.489;-0.0125;491.803;108.210;29.911;78.344.707;18.605.666;0    9.2500
58.605.000;104.464;-0.0124;491.551;108.220;29.906;78.434.805;18.615.923;0    9.2500
58.610.000;104.342;-0.0123;491.634;111.460;29.676;78.524.941;18.626.187;0    9.2500
58.615.000;104.222;-0.0121;491.286;114.330;29.754;78.615.137;18.636.445;0    9.2500
58.620.000;104.102;-0.0120;490.298;114.350;29.868;78.705.371;18.646.720;0    9.2500
58.625.000;103.982;-0.0119;489.653;114.360;29.904;78.795.664;18.657.000;0    9.2500
58.630.000;103.863;-0.0117;489.430;120.460;29.846;78.885.977;18.667.287;0    9.2500
58.635.000;103.741;-0.0116;488.341;121.750;29.692;78.976.348;18.677.578;0    9.2500
58.640.000;103.666;-0.0115;487.140;126.570;29.761;79.066.777;18.687.886;0    9.2500
58.645.000;103.503;-0.0113;486.640;127.940;29.638;79.157.227;18.698.179;0    9.2500
58.650.000;103.346;-0.0112;487.290;130.440;29.574;79.247.754;18.708.500;0    9.2500
58.655.000;103.189;-0.0111;488.870;132.690;29.645;79.338.301;18.718.812;0    9.2500
58.660.000;103.032;-0.0110;488.828;132.710;29.839;79.428.906;18.729.123;0    9.2500
58.665.000;102.875;-0.0109;489.985;132.720;29.984;79.519.551;18.739.449;0    9.2500
58.670.000;102.718;-0.0109;491.207;132.740;30.006;79.610.234;18.749.781;0    9.2500
58.675.000;102.562;-0.0109;492.571;133.060;29.687;79.700.977;18.760.117;0    9.2500
58.680.000;102.405;-0.0109;493.408;138.840;29.859;79.791.758;18.770.460;0    9.2500
58.685.000;102.248;-0.0109;493.322;138.860;29.809;79.882.598;18.780.808;0    9.2500
58.690.000;102.091;-0.0109;492.490;138.880;29.990;79.973.457;18.791.164;0    9.2500
58.695.000;101.934;-0.0109;492.100;138.890;30.007;80.064.395;18.801.523;0    9.2500
58.700.000;101.777;-0.0109;491.668;138.910;29.975;80.155.352;18.811.890;0    9.2500
58.705.000;101.620;-0.0109;491.647;138.920;29.767;80.246.367;18.822.250;0    9.2500
58.710.000;101.462;-0.0107;491.260;142.950;29.618;80.337.422;18.832.627;0    9.2500
58.715.000;101.305;-0.0103;490.773;145.030;29.797;80.428.535;18.843.011;0    9.2500
58.720.000;101.224;-0.0099;492.120;151.860;29.858;80.519.688;18.853.400;0    9.2500
58.725.000;101.146;-0.0093;495.233;159.350;29.945;80.610.879;18.863.793;0    9.2500
58.730.000;101.068;-0.0087;498.357;166.840;29.830;80.702.129;18.874.195;0    9.2500
58.735.000;100.989;-0.0081;502.236;181.570;29.963;80.797.363;18.885.046;0    9.2500
58.740.000;100.911;-0.0075;507.591;188.140;29.969;80.885.430;18.895.074;0    9.2500
58.745.000;100.833;-0.0069;515.328;203.110;29.611;80.909.473;18.897.822;0    9.2500
58.750.000;100.754;-0.0041;524.859;221.120;29.637;81.217.773;18.932.962;0    9.2500
58.755.000;100.631;-0.0014;533.964;248.010;29.613;71.572.969;17.836.314;0    9.2500
58.760.000;100.402;0.0025;543.000;309.300;29.279;20.944.131;12.173.550;0    9.2500
58.765.000;100.176;0.0079;552.485;385.410;28.788;4.761.603;3.904.514;92.500
58.770.000;99.949;0.0228;562.406;435.030;28.301;9.255.663;7.589.644;92.500
58.775.000;99.722;0.0378;573.598;464.980;27.819;9.015.881;15.593.022;92.500
58.780.000;99.496;0.0527;585.157;491.730;27.339;3.658.050;2.999.601;92.500
58.785.000;99.269;0.0676;596.294;531.580;27.129;2.080.658;1.262.242;92.500
58.790.000;99.042;0.0826;605.416;562.760;27.092;1.259.371;741.695;92.500
58.795.000;98.815;0.0975;611.836;570.810;27.131;769.875;442.014;92.500
58.800.000;98.659;0.1092;614.170;564.740;27.269;566.205;320.243;92.500
58.805.000;98.577;0.1046;610.064;545.970;27.359;398.877;222.377;92.500
58.810.000;98.495;0.0909;599.285;520.380;27.327;325.701;182.990;92.500
58.815.000;98.413;0.0717;584.697;483.030;27.481;288.185;162.417;92.500
58.820.000;98.331;0.0525;568.760;450.030;27.551;260.413;147.139;92.500
58.825.000;98.248;0.0332;553.598;412.840;27.688;320.219;179.940;92.500
58.830.000;98.166;0.0140;540.591;376.980;27.754;421.209;234.545;92.500
58.835.000;98.084;0.0097;530.558;342.100;27.613;934.414;541.408;92.500
58.840.000;98.002;0.0089;524.321;320.000;27.442;1.352.549;799.021;92.500
58.845.000;97.919;0.0085;521.123;309.560;27.536;2.330.612;1.425.982;92.500
58.850.000;97.837;0.0099;519.095;309.570;27.603;2.180.491;1.327.157;92.500
58.855.000;97.756;0.0133;518.409;309.590;27.506;2.087.297;1.266.020;92.500
58.860.000;97.696;0.0197;518.853;313.010;27.547;2.277.843;1.391.126;92.500
58.865.000;97.673;0.0263;520.448;321.780;27.440;1.665.981;994.355;92.500
58.870.000;97.648;0.0323;523.020;328.120;27.393;1.230.838;723.456;92.500
58.875.000;97.624;0.0383;526.691;341.560;27.429;941.663;545.652;92.500
58.880.000;97.599;0.0488;530.562;354.890;27.334;959.241;556.385;92.500
58.885.000;97.575;0.0621;537.550;377.350;27.279;889.645;513.891;92.500
58.890.000;97.551;0.0755;552.813;406.960;27.135;728.063;416.456;92.500
58.895.000;97.526;0.0888;575.905;448.600;26.985;521.935;293.664;92.500
58.900.000;97.502;0.1022;603.050;493.300;27.033;374.165;208.898;92.500
58.905.000;97.546;0.1155;638.034;567.110;27.104;307.828;173.016;92.500
58.910.000;97.597;0.1288;677.052;673.290;27.034;280.408;157.996;92.500
58.915.000;97.648;0.1384;719.698;714.250;26.872;301.939;169.811;92.500
58.920.000;97.698;0.1328;757.433;790.030;26.778;365.706;204.403;92.500
58.925.000;97.693;0.1277;779.943;825.170;26.698;459.644;256.974;92.500
58.930.000;97.681;0.1226;787.485;856.930;26.657;571.516;323.080;92.500
58.935.000;97.668;0.1172;784.256;844.540;26.748;662.590;377.308;92.500
58.940.000;97.656;0.1181;768.838;805.670;26.666;763.080;437.497;92.500
58.945.000;97.644;0.1193;746.978;753.630;26.565;808.440;464.770;92.500
58.950.000;97.631;0.1199;718.599;713.520;26.416;824.914;474.686;92.500
58.955.000;97.619;0.1191;691.847;693.720;26.286;842.758;485.437;92.500
58.960.000;97.607;0.1184;672.771;674.770;26.365;880.845;508.526;92.500
58.965.000;97.595;0.1176;661.060;662.510;26.224;923.297;534.405;92.500
58.970.000;97.582;0.1202;654.462;649.640;26.206;967.794;561.589;92.500
58.975.000;97.570;0.1181;652.121;644.300;26.427;1.014.437;590.145;92.500
58.980.000;97.558;0.1132;652.250;647.840;26.508;1.040.950;606.402;92.500
58.985.000;97.545;0.1097;656.293;650.410;26.488;1.061.951;619.290;92.500
58.990.000;97.533;0.1102;660.461;663.070;26.488;1.043.262;607.808;92.500
58.995.000;97.521;0.1121;663.726;678.030;26.438;1.023.223;595.508;92.500
59.000.000;97.509;0.1144;668.076;689.970;26.472;993.449;577.256;92.500
59.005.000;97.496;0.1130;670.810;697.460;26.282;966.343;560.660;92.500
59.010.000;97.484;0.1116;671.444;705.200;26.248;940.039;544.576;92.500
59.015.000;97.472;0.1060;669.956;704.060;26.515;932.995;540.268;92.500
59.020.000;97.460;0.1024;666.309;696.600;26.418;978.817;568.274;92.500
59.025.000;97.447;0.1100;664.270;689.130;26.233;1.023.388;595.573;92.500
59.030.000;97.435;0.1159;663.970;680.940;26.161;978.025;567.778;92.500
59.035.000;97.423;0.1212;665.235;681.630;26.026;902.638;521.721;92.500
59.040.000;97.410;0.1241;669.025;689.120;25.944;833.061;479.498;92.500
59.045.000;97.398;0.1267;674.523;700.070;26.093;813.598;467.768;92.500
59.050.000;97.386;0.1293;679.759;711.400;26.190;806.019;463.200;92.500
59.055.000;97.374;0.1249;685.429;717.680;26.233;797.272;457.931;92.500
59.060.000;97.361;0.1200;689.361;723.590;26.315;805.088;462.628;92.500
59.065.000;97.349;0.1166;688.165;720.620;26.247;812.154;466.877;92.500
59.070.000;97.337;0.1128;681.424;713.160;26.495;861.734;496.769;92.500
59.075.000;97.325;0.1089;671.327;699.320;26.602;907.468;524.621;92.500
59.080.000;97.312;0.1067;660.739;677.810;26.561;918.995;531.647;92.500
59.085.000;97.300;0.1060;651.645;652.890;26.397;924.408;534.944;92.500
59.090.000;97.288;0.1080;641.090;626.900;26.291;903.494;522.180;92.500
59.095.000;97.275;0.1098;632.216;608.190;26.504;869.559;501.502;92.500
59.100.000;97.263;0.1098;625.376;608.210;26.559;835.001;480.602;92.500
59.105.000;97.251;0.1077;622.367;608.220;26.023;836.938;481.764;92.500
59.110.000;97.239;0.1056;622.782;608.240;26.021;839.553;483.335;92.500
59.115.000;97.226;0.1090;622.352;610.650;26.194;842.176;484.911;92.500
59.120.000;97.214;0.1130;622.313;614.410;26.297;874.683;504.593;92.500
59.125.000;97.202;0.1168;623.620;618.160;26.309;918.372;531.215;92.500
59.130.000;97.190;0.1104;625.618;623.370;26.125;964.244;559.230;92.500
59.135.000;97.177;0.1030;629.066;626.550;26.239;1.012.529;588.784;92.500
59.140.000;97.165;0.0955;632.569;632.650;26.537;1.081.773;631.281;92.500
59.145.000;97.153;0.0880;635.504;638.740;26.752;1.075.849;627.633;92.500
59.150.000;97.141;0.0848;638.431;641.180;26.600;1.065.295;621.143;92.500
59.155.000;97.128;0.0873;641.760;648.680;26.489;1.011.346;588.035;92.500
59.160.000;97.116;0.0923;644.993;650.940;26.391;939.650;544.164;92.500
59.165.000;97.104;0.1023;648.736;657.580;26.452;873.037;503.541;92.500
59.170.000;97.102;0.1100;652.893;665.070;26.381;811.146;466.161;92.500
59.175.000;97.105;0.1086;655.365;672.570;26.184;768.675;440.621;92.500
59.180.000;97.108;0.1073;657.979;681.400;25.986;761.248;436.161;92.500
59.185.000;97.111;0.1087;659.976;687.490;25.921;810.678;465.879;92.500
59.190.000;97.114;0.1117;659.469;687.510;26.116;872.066;502.948;92.500
59.195.000;97.118;0.1116;657.969;687.520;26.088;938.117;543.220;92.500
59.200.000;97.121;0.1085;654.008;679.030;26.164;1.009.124;586.660;92.500
59.205.000;97.124;0.1060;648.340;663.240;26.218;1.085.912;633.792;92.500
59.210.000;97.127;0.1057;643.354;650.120;26.116;1.133.933;663.344;92.500
59.215.000;97.130;0.1084;637.853;642.660;26.075;1.175.491;688.963;92.500
59.220.000;97.133;0.1110;634.695;638.970;26.220;1.208.730;709.483;92.500
59.225.000;97.136;0.1137;633.575;632.900;26.075;1.155.488;676.626;92.500
59.230.000;97.139;0.1163;634.250;632.920;26.123;1.113.778;650.933;92.500
59.235.000;97.142;0.1151;637.571;632.930;26.369;1.078.245;629.078;92.500
59.240.000;97.145;0.1129;642.190;636.230;26.430;1.049.212;611.245;92.500
59.245.000;97.148;0.1132;647.657;645.120;26.475;1.020.962;593.915;92.500
59.250.000;97.151;0.1172;655.657;651.220;26.525;993.471;577.071;92.500
59.255.000;97.155;0.1212;665.005;666.180;26.331;966.721;560.702;92.500
59.260.000;97.158;0.1232;676.565;681.160;26.206;923.061;534.030;92.500
59.265.000;97.161;0.1243;689.728;700.320;26.253;874.567;504.472;92.500
59.270.000;97.164;0.1248;702.679;724.230;26.338;828.626;476.690;92.500
59.275.000;97.167;0.1279;717.038;739.130;26.397;788.137;452.321;92.500
59.280.000;97.170;0.1340;732.928;759.260;26.338;749.406;429.056;92.500
59.285.000;97.173;0.1400;746.603;777.940;26.069;712.579;406.980;92.500
59.290.000;97.176;0.1472;760.603;791.160;25.949;677.561;386.031;92.500
59.295.000;97.179;0.1424;776.189;809.830;26.012;644.521;366.307;92.500
59.300.000;97.182;0.1348;791.740;820.970;25.955;668.470;380.600;92.500
59.305.000;97.185;0.1404;809.929;840.190;25.963;709.489;405.130;92.500
59.310.000;97.189;0.1475;829.692;858.090;26.059;738.642;422.600;92.500
59.315.000;97.192;0.1549;849.689;870.260;26.156;740.420;423.666;92.500
59.320.000;97.195;0.1529;869.311;886.440;26.249;684.049;389.911;92.500
59.325.000;97.198;0.1505;884.840;903.420;26.136;650.509;369.880;92.500
59.330.000;97.201;0.1563;896.603;915.040;25.979;661.549;376.469;92.500
59.335.000;97.204;0.1594;905.975;925.030;25.938;672.786;383.180;92.500
59.340.000;97.207;0.1551;912.164;931.980;25.851;693.103;395.326;92.500
59.345.000;97.210;0.1523;914.900;939.470;26.018;720.035;411.448;92.500
59.350.000;97.213;0.1537;915.243;946.960;26.193;713.155;407.327;92.500
59.355.000;97.216;0.1525;915.473;943.330;26.277;703.685;401.658;92.500
59.360.000;97.219;0.1482;915.436;936.900;26.164;694.010;395.869;92.500
59.365.000;97.222;0.1436;915.267;929.440;26.080;700.457;399.726;92.500
59.370.000;97.226;0.1494;914.484;921.970;26.000;718.850;410.739;92.500
59.375.000;97.229;0.1570;913.197;919.070;25.851;747.201;427.736;92.500
59.380.000;97.232;0.1647;912.102;925.170;25.997;733.401;419.460;92.500
59.385.000;97.235;0.1722;911.834;926.460;25.893;697.502;397.959;92.500
59.390.000;97.238;0.1797;905.313;928.600;25.763;652.402;371.012;92.500
59.395.000;97.241;0.1861;885.764;921.140;25.704;604.122;342.251;92.500
59.400.000;97.244;0.1747;857.686;906.990;26.012;609.734;345.589;92.500
59.405.000;97.247;0.1413;823.611;875.590;26.539;638.588;362.774;92.500
59.410.000;97.250;0.0852;786.116;803.910;26.816;849.082;489.023;92.500
59.415.000;97.253;0.0521;744.700;732.470;26.884;1.107.796;647.247;92.500
59.420.000;97.256;0.0406;699.252;676.050;26.956;1.445.341;856.210;92.500
59.425.000;97.260;0.0366;659.529;637.140;26.804;1.765.989;1.056.667;92.500
59.430.000;97.263;0.0339;632.429;573.950;26.906;1.620.161;965.294;92.500
59.435.000;97.266;0.0351;613.548;517.790;27.058;1.421.611;841.443;92.500
59.440.000;97.269;0.0377;600.756;487.900;27.168;1.230.810;723.117;92.500
59.445.000;97.272;0.0450;592.251;480.870;26.933;1.065.618;621.317;92.500
59.450.000;97.275;0.0528;589.933;510.790;27.019;922.597;533.748;92.500
59.455.000;97.278;0.0617;592.514;542.420;27.101;798.771;458.721;92.500
59.460.000;97.281;0.0706;597.302;561.650;26.941;704.452;402.121;92.500
59.465.000;97.284;0.0795;602.230;571.510;27.003;624.244;354.230;92.500
59.470.000;97.287;0.0883;604.266;578.940;26.884;560.824;316.543;92.500
59.475.000;97.290;0.0972;604.041;578.950;26.726;513.383;288.468;92.500
59.480.000;97.294;0.1063;601.274;572.400;26.624;497.493;279.090;92.500
59.485.000;97.297;0.1164;596.528;561.150;26.516;524.452;295.010;92.500
59.490.000;97.300;0.1085;591.485;538.750;26.408;590.621;334.230;92.500
59.495.000;97.286;0.0973;589.721;506.070;26.378;843.936;485.916;92.500
59.500.000;97.270;0.0873;589.047;493.920;26.604;1.426.377;844.387;92.500
59.505.000;97.253;0.0777;590.870;486.460;27.274;1.914.069;1.152.433;92.500
59.510.000;97.237;0.0679;593.705;478.990;27.985;1.301.707;766.963;92.500
59.515.000;97.221;0.0475;595.901;471.530;28.535;854.831;492.458;92.500
59.520.000;97.205;0.0136;595.236;463.590;29.136;550.762;310.548;92.500
59.525.000;97.189;0.0003;586.766;441.720;29.685;545.692;307.540;92.500
59.530.000;97.173;-0.0069;568.655;404.920;29.934;718.299;614.601;92.500
59.535.000;97.157;-0.0101;549.090;345.150;29.918;8.156.667;17.311.455;92.500
59.540.000;97.141;-0.0091;529.055;220.490;29.724;4.761.603;4.179.177;92.500
59.545.000;97.124;-0.0082;510.887;171.020;29.355;7.480.034;37.470.283;92.500
59.550.000;97.108;-0.0072;496.239;157.900;29.380;4.511.045;34.299.487;92.500
59.555.000;97.092;-0.0063;486.588;147.230;29.449;2.545.542;32.210.381;92.500
59.560.000;97.076;-0.0058;484.480;135.440;29.654;1.921.011;64.121.948;92.500
59.565.000;97.060;-0.0053;487.740;129.380;29.811;9.596.299;106.252.422;92.500
59.570.000;97.044;-0.0049;491.182;128.060;30.017;14.696.895;12.336.061;0    9.2500
59.575.000;97.028;-0.0049;494.036;123.330;30.015;11.020.596;11.918.352;0    9.2500
59.580.000;97.011;-0.0049;495.802;123.340;30.015;31.784.805;14.286.898;0    9.2500
59.585.000;96.995;-0.0049;496.735;123.360;30.015;19.308.818;12.861.102;0    9.2500
59.590.000;96.979;-0.0049;495.854;124.230;30.015;6.438.086;11.398.728;0    9.2500
59.595.000;96.963;-0.0047;494.883;129.470;30.015;22.335.645;13.206.300;0    9.2500
59.600.000;96.947;-0.0046;493.589;133.130;30.019;25.139.600;13.526.495;0    9.2500
59.605.000;96.931;-0.0040;491.765;141.660;29.821;25.211.875;13.534.747;0    9.2500
59.610.000;96.915;-0.0033;490.621;142.400;29.824;11.905.127;12.018.775;0    9.2500
59.615.000;96.900;-0.0025;490.540;155.610;29.753;2.865.469;98.671.104;92.500
59.620.000;96.907;-0.0017;490.851;163.100;29.673;7.840.972;70.695.083;92.500
59.625.000;96.914;-0.0009;492.155;175.160;29.674;7.282.837;48.052.759;92.500
59.630.000;96.922;-0.0001;494.061;184.290;29.754;1.162.148;30.744.880;92.500
59.635.000;96.929;0.0023;494.351;199.010;29.567;8.503.661;17.663.397;92.500
59.640.000;96.937;0.0048;496.477;213.980;29.338;9.723.680;18.904.583;92.500
59.645.000;96.944;0.0110;499.394;237.110;29.110;1.079.004;20.288.838;92.500
59.650.000;96.952;0.0222;501.762;263.380;28.381;1.777.007;21.003.850;92.500
59.655.000;96.959;0.0437;508.058;284.780;27.549;4.559.204;3.992.138;92.500
59.660.000;96.967;0.0670;519.466;321.280;27.090;858.213;20.062.931;92.500
59.665.000;96.974;0.0834;535.026;373.610;27.056;1.272.973;1.087.960;92.500
59.670.000;96.982;0.0913;556.443;445.810;26.934;662.651;288.355;92.500
59.675.000;96.989;0.0877;578.023;509.980;26.992;417.332;170.398;92.500
59.680.000;96.997;0.0804;598.412;585.400;26.938;373.499;151.828;92.500
59.685.000;97.004;0.0732;616.674;628.460;26.747;388.829;158.316;92.500
59.690.000;97.012;0.0767;631.471;649.390;26.654;445.570;182.400;92.500
59.695.000;97.020;0.0804;643.520;652.570;26.625;466.310;192.181;92.500
59.700.000;97.027;0.0799;653.330;645.290;26.773;414.831;169.342;92.500
59.705.000;97.035;0.0707;661.030;645.670;26.683;374.421;152.223;92.500
59.710.000;97.042;0.0574;667.396;664.650;26.619;363.280;147.514;92.500
59.715.000;97.050;0.0441;672.680;683.030;26.808;380.471;154.784;92.500
59.720.000;97.057;0.0321;674.178;689.120;26.967;538.673;227.117;92.500
59.725.000;97.065;0.0183;670.444;680.920;27.050;782.662;349.082;92.500
59.730.000;97.072;0.0247;662.661;666.420;26.827;1.137.165;546.637;92.500
59.735.000;97.080;0.0401;650.415;622.300;26.898;1.933.381;1.048.711;92.500
59.740.000;97.087;0.0619;638.488;597.510;26.900;1.528.822;787.584;92.500
59.745.000;97.095;0.0829;631.450;584.210;26.312;1.000.138;465.872;92.500
59.750.000;97.121;0.1112;634.450;582.830;26.101;656.591;285.354;92.500
59.755.000;97.206;0.1371;648.529;616.940;25.883;431.036;176.253;92.500
59.760.000;97.288;0.1628;671.502;664.920;25.670;285.588;114.596;92.500
59.765.000;97.369;0.1820;700.420;720.490;25.988;228.256;90.431;92.500
59.770.000;97.451;0.1648;733.361;765.360;26.290;183.488;71.777;92.500
59.775.000;97.533;0.1449;763.368;802.360;26.469;156.595;61.238;92.500
59.780.000;97.615;0.1293;784.911;829.120;26.669;159.003;62.155;92.500
59.785.000;97.696;0.1196;793.503;841.290;26.833;172.345;67.204;92.500
59.790.000;97.682;0.1212;794.967;831.100;26.912;199.502;78.451;92.500
59.795.000;97.662;0.1256;790.791;805.770;27.114;230.937;91.588;92.500
59.800.000;97.642;0.1287;782.458;774.470;27.144;248.647;99.030;92.500
59.805.000;97.622;0.1319;770.919;768.220;27.112;218.518;86.381;92.500
59.810.000;97.602;0.1278;759.014;762.340;27.327;200.432;78.830;92.500
59.815.000;97.582;0.0963;747.736;759.380;27.595;176.593;68.934;92.500
59.820.000;97.563;0.0649;733.985;743.160;27.858;185.214;72.502;92.500
59.825.000;97.543;0.0396;717.518;713.750;28.416;204.758;80.625;92.500
59.830.000;97.522;0.0441;697.518;675.700;28.560;354.334;143.809;92.500
59.835.000;97.500;0.0613;674.538;628.360;27.856;802.359;359.279;92.500
59.840.000;97.601;0.0796;652.001;587.120;27.552;703.743;309.154;92.500
59.845.000;97.722;0.0750;630.658;525.370;27.701;542.536;229.150;92.500
59.850.000;97.843;0.0659;611.163;493.770;27.806;416.982;170.396;92.500
59.855.000;97.964;0.0509;600.826;478.830;27.964;337.375;136.724;92.500
59.860.000;98.086;0.0359;593.755;467.290;28.186;353.209;143.427;92.500
59.865.000;98.037;0.0139;588.963;446.400;28.464;421.770;172.464;92.500
59.870.000;97.948;0.0038;585.324;439.980;28.937;530.762;223.467;92.500
59.875.000;98.000;-0.0036;580.497;416.030;29.593;671.131;292.861;92.500
59.880.000;98.202;-0.0091;574.138;386.140;29.865;1.007.927;470.788;92.500
59.885.000;98.403;-0.0105;565.302;351.920;29.874;1.562.283;1.477.108;92.500
59.890.000;98.519;-0.0105;549.703;306.660;29.976;2.480.723;2.341.252;92.500
59.895.000;98.561;-0.0105;534.649;264.020;29.942;2.312.931;12.495.093;92.500
59.900.000;98.602;-0.0102;520.240;197.290;30.007;4.972.987;4.799.559;92.500
59.905.000;98.642;-0.0099;507.144;134.910;29.779;1.474.984;11.600.574;92.500
59.910.000;98.684;-0.0095;496.838;130.430;29.863;2.516.427;12.712.416;92.500
59.915.000;98.806;-0.0089;490.093;130.440;29.718;7.525.785;18.110.009;92.500
59.920.000;99.112;-0.0083;487.908;130.460;29.588;4.012.783;25.210.330;92.500
59.925.000;99.415;-0.0078;488.998;130.470;29.591;163.330;31.700.647;92.500
59.930.000;99.715;-0.0072;489.920;130.490;29.828;9.837.556;31.358.298;92.500
59.935.000;99.814;-0.0066;491.223;142.730;29.991;5.552.532;15.973.500;92.500
59.940.000;99.299;-0.0061;492.075;150.210;30.001;3.504.939;13.770.398;92.500
59.945.000;98.793;-0.0033;490.712;160.560;30.001;2.791.234;13.006.215;92.500
59.950.000;98.290;-0.0005;487.561;175.530;29.774;2.930.892;13.155.605;92.500
59.955.000;97.906;0.0035;486.896;197.430;29.261;4.104.470;14.413.928;92.500
59.960.000;97.992;0.0121;490.105;206.460;28.768;7.149.261;17.701.541;92.500
59.965.000;98.068;0.0451;495.411;228.890;27.981;4.509.963;4.329.584;92.500
59.970.000;98.144;0.0780;501.508;251.340;27.231;2.884.298;2.382.408;92.500
59.975.000;98.219;0.1113;508.312;276.520;26.766;1.063.316;923.556;92.500
59.980.000;98.295;0.1241;521.592;315.910;26.571;456.403;412.909;92.500
59.985.000;98.372;0.1292;534.095;364.620;26.541;305.478;281.305;92.500
59.990.000;98.445;0.1311;541.839;417.850;26.432;219.614;204.430;92.500
59.995.000;98.377;0.1370;545.285;509.130;26.350;157.885;148.523;92.500
60.000.000;98.100;0.1475;545.327;488.440;26.468;122.704;116.316;92.500
60.005.000;98.047;0.1544;591.133;467.750;26.722;94.166;90.005;92.500
60.010.000;97.989;0.1380;641.893;446.780;26.773;89.911;86.056;92.500
60.015.000;97.914;0.1320;687.379;422.450;26.862;93.186;89.081;92.500
60.020.000;98.117;0.1365;738.882;416.780;26.709;99.429;94.882;92.500
60.025.000;98.520;0.1392;781.906;410.260;26.787;106.230;101.214;92.500
60.030.000;98.991;0.1311;813.457;416.320;26.931;113.479;107.961;92.500
60.035.000;99.526;0.1247;832.476;457.050;26.848;121.321;115.256;92.500
60.040.000;99.703;0.1138;811.356;527.520;26.840;133.648;126.603;92.500
60.045.000;99.710;0.0989;788.065;615.210;27.033;155.304;146.412;92.500
60.050.000;99.355;0.0930;760.060;695.900;27.127;180.469;169.241;92.500
60.055.000;99.220;0.0862;730.702;761.380;27.214;209.713;195.681;92.500
60.060.000;98.968;0.0796;707.385;738.420;27.282;245.552;227.885;92.500
60.065.000;98.718;0.0878;703.673;677.910;27.213;275.965;255.065;92.500
60.070.000;98.471;0.0936;706.897;634.230;27.189;293.678;270.812;92.500
60.075.000;98.297;0.0857;705.876;611.590;27.226;270.226;249.812;92.500
60.080.000;98.300;0.0756;708.797;580.300;27.094;277.827;256.608;92.500
60.085.000;98.300;0.0703;717.249;567.510;26.924;304.414;280.329;92.500
60.090.000;98.300;0.0732;729.079;566.190;27.017;343.291;314.742;92.500
60.095.000;98.300;0.0761;736.917;581.280;27.141;413.644;375.951;92.500
60.100.000;98.300;0.0790;738.235;586.320;27.330;425.122;385.886;92.500
60.105.000;98.297;0.0805;740.941;586.310;27.374;386.233;352.166;92.500
60.110.000;98.416;0.0789;743.679;584.420;27.312;359.936;329.313;92.500
60.115.000;98.571;0.0771;747.714;576.860;27.373;355.437;325.441;92.500
60.120.000;98.727;0.0852;753.780;574.100;27.289;350.377;321.076;92.500
60.125.000;98.883;0.0957;749.436;574.470;27.091;346.865;318.060;92.500
60.130.000;99.039;0.1063;741.535;589.540;26.904;359.936;329.528;92.500
60.135.000;99.195;0.1168;735.519;607.750;26.812;328.390;301.952;92.500
60.140.000;99.351;0.1229;728.514;640.910;26.786;295.090;272.333;92.500
60.145.000;99.507;0.1271;723.923;665.210;26.871;265.167;245.619;92.500
60.150.000;99.668;0.1293;721.413;693.850;26.536;239.894;222.978;92.500
60.155.000;99.729;0.1316;720.514;716.470;26.351;220.482;205.514;92.500
60.160.000;99.812;0.1356;729.981;739.090;26.280;221.429;206.387;92.500
60.165.000;99.893;0.1525;744.908;762.420;26.056;222.530;207.399;92.500
60.170.000;99.975;0.1711;762.499;778.250;25.896;195.769;183.238;92.500
60.175.000;100.057;0.1917;782.332;800.870;25.806;169.658;159.549;92.500
60.180.000;100.139;0.1824;807.642;823.510;25.878;146.780;138.691;92.500
60.185.000;100.220;0.1685;831.320;853.540;25.877;140.174;132.655;92.500
60.190.000;100.302;0.1757;853.161;874.820;25.784;133.797;126.820;92.500
60.195.000;100.384;0.1864;875.813;897.450;25.610;127.667;121.202;92.500
60.200.000;100.466;0.1965;893.792;916.110;25.436;117.067;111.458;92.500
60.205.000;100.499;0.2019;906.059;932.510;25.496;105.981;101.229;92.500
60.210.000;100.500;0.2070;913.093;953.140;25.508;96.618;92.560;92.500
60.215.000;100.500;0.2109;913.093;973.500;25.381;89.082;85.562;92.500
60.220.000;100.501;0.2237;913.093;984.840;25.417;84.099;80.924;92.500
60.225.000;100.530;0.2374;913.093;1.005.390;25.320;79.384;76.529;92.500
60.230.000;100.561;0.2466;913.093;1.024.810;25.146;74.933;72.373;92.500
60.235.000;100.592;0.2430;913.093;1.041.940;24.971;72.701;70.288;92.500
60.240.000;100.623;0.2422;913.093;1.068.070;24.794;77.716;74.980;92.500
60.245.000;100.654;0.2478;913.093;1.102.600;24.628;89.134;85.624;92.500
60.250.000;100.685;0.2480;913.093;1.142.060;24.685;99.802;95.529;92.500
60.255.000;100.715;0.2477;913.093;1.195.050;24.647;104.249;99.649;92.500
60.260.000;100.746;0.2494;913.093;1.221.920;24.714;104.249;99.652;92.500
60.265.000;100.777;0.2457;913.093;1.242.350;24.787;115.177;109.749;92.500
60.270.000;100.808;0.2431;913.093;1.248.420;24.992;128.409;121.931;92.500
60.275.000;100.839;0.2320;913.093;1.245.140;25.267;136.313;129.190;92.500
60.280.000;100.871;0.2241;913.093;1.230.030;25.497;129.254;122.715;92.500
60.285.000;100.906;0.1890;913.093;1.210.350;25.769;124.286;118.152;92.500
60.290.000;100.628;0.1286;904.106;1.175.410;26.172;126.602;120.249;92.500
60.295.000;100.295;0.0834;883.379;1.120.040;26.470;177.136;166.377;92.500
60.300.000;99.960;0.0667;855.888;1.020.350;26.431;288.764;266.857;92.500
60.305.000;99.626;0.0536;822.118;860.710;26.637;491.520;443.624;92.500
60.310.000;99.291;0.0555;788.931;774.130;26.637;675.402;600.143;92.500
60.315.000;98.956;0.0770;755.658;723.830;26.473;453.115;410.293;92.500
60.320.000;98.707;0.0953;726.516;675.540;26.232;287.552;265.401;92.500
60.325.000;99.065;0.1135;712.901;634.270;26.100;191.923;179.553;92.500
60.330.000;99.424;0.1318;714.916;660.870;26.010;137.510;130.090;92.500
60.335.000;99.702;0.1458;723.008;710.490;25.733;125.238;118.877;92.500
60.340.000;99.861;0.1569;730.042;750.710;25.853;119.681;113.790;92.500
60.345.000;100.053;0.1661;733.287;786.190;26.121;112.013;106.749;92.500
60.350.000;100.246;0.1605;731.963;773.030;26.628;108.177;103.229;92.500
60.355.000;100.440;0.1489;716.616;746.550;27.078;103.602;99.020;92.500
60.360.000;100.628;0.1396;705.003;688.870;27.378;98.573;94.382;92.500
60.365.000;101.236;0.1115;695.617;628.780;27.636;95.174;91.290;92.500
60.370.000;101.858;0.0792;685.726;561.910;27.985;125.657;119.521;92.500
60.375.000;101.174;0.0470;681.073;482.560;28.098;184.956;173.598;92.500
60.380.000;100.464;0.0173;664.928;403.100;27.987;324.238;300.464;92.500
60.385.000;99.759;0.0092;647.090;351.670;28.136;1.257.587;1.177.484;92.500
60.390.000;99.108;0.0043;634.975;310.240;28.363;4.952.046;4.767.944;92.500
60.395.000;99.174;-0.0001;608.778;280.040;28.879;7.763.085;7.654.453;92.500
60.400.000;99.267;-0.0045;574.875;244.980;29.318;7.879.083;7.775.753;92.500
60.405.000;99.446;-0.0067;544.106;238.640;29.457;7.055.277;6.916.656;92.500
60.410.000;99.662;-0.0073;518.990;231.080;29.534;5.768.251;5.595.725;92.500
60.415.000;99.879;-0.0080;508.029;223.520;29.717;5.930.515;5.760.974;92.500
60.420.000;100.094;-0.0098;498.779;215.960;29.692;7.387.782;7.262.786;92.500
60.425.000;100.347;-0.0111;491.065;208.400;29.917;92.902;10.108.485;92.500
60.430.000;100.495;-0.0115;485.224;202.340;30.005;475.994;21.325.264;92.500
60.435.000;100.502;-0.0113;483.841;199.360;29.881;4.608.983;4.421.933;92.500
60.440.000;100.500;-0.0102;490.252;191.790;29.833;8.726.960;8.665.377;92.500
60.445.000;100.480;-0.0083;499.698;184.060;29.933;7.440.569;7.317.859;92.500
60.450.000;100.395;-0.0065;517.795;182.750;29.989;6.387.368;6.227.383;92.500
60.455.000;100.313;-0.0046;544.638;177.950;29.449;5.483.548;5.306.382;92.500
60.460.000;100.231;-0.0023;576.514;177.930;29.160;4.761.603;4.575.770;92.500
60.465.000;100.148;0.0010;617.754;190.080;28.623;7.511.401;7.391.772;92.500
60.470.000;100.066;0.0241;666.661;203.300;28.024;7.211.783;17.776.792;92.500
60.475.000;99.984;0.0540;714.449;218.450;27.382;6.459.622;6.301.323;92.500
60.480.000;99.902;0.0840;766.054;268.700;26.747;2.191.309;2.512.045;92.500
60.485.000;99.820;0.1164;767.447;341.990;26.711;987.731;1.074.249;92.500
60.490.000;99.738;0.1300;766.551;397.510;26.803;598.478;630.538;92.500
60.495.000;99.655;0.1432;760.609;457.890;27.117;362.625;376.254;92.500
60.500.000;99.573;0.1396;731.340;525.840;27.766;300.205;309.839;92.500
60.505.000;99.508;0.1046;692.342;585.700;28.424;301.986;311.720;92.500
60.510.000;99.599;0.0556;641.874;593.540;29.158;530.500;554.285;92.500
60.515.000;99.690;0.0189;585.308;451.320;29.992;1.500.992;1.397.902;92.500
60.520.000;99.780;-0.0052;566.269;325.360;30.008;4.266.623;3.532.360;92.500
60.525.000;99.870;-0.0108;536.727;266.980;30.013;780.586;16.404.575;92.500
60.530.000;99.960;-0.0129;511.422;217.620;30.022;5.082.173;4.175.050;92.500
60.535.000;100.050;-0.0118;495.475;171.620;30.031;7.059.446;21.413.840;92.500
60.540.000;100.140;-0.0107;484.262;153.030;30.003;4.659.305;3.841.604;92.500
60.545.000;100.230;-0.0096;478.497;149.080;29.863;2.506.263;9.853.633;92.500
60.550.000;100.320;-0.0082;474.199;159.880;29.833;464.226;16.152.954;92.500
60.555.000;100.410;-0.0067;494.862;177.640;30.014;5.690.533;12.367.490;92.500
60.560.000;100.498;-0.0056;522.348;195.980;29.946;6.732.933;13.192.468;92.500
60.565.000;100.520;-0.0033;546.256;203.520;29.783;327.570;16.044.275;92.500
60.570.000;100.540;-0.0010;570.514;207.990;29.285;376.270;16.082.958;92.500
60.575.000;100.559;0.0014;591.700;207.980;28.980;2.509.954;9.856.477;92.500
60.580.000;100.579;0.0027;633.620;201.880;28.842;3.116.641;2.563.699;92.500
60.585.000;100.599;-0.0008;652.058;201.870;28.568;1.605.879;1.367.352;92.500
60.590.000;100.618;-0.0051;666.773;199.010;28.143;1.414.498;1.212.219;92.500
60.595.000;100.638;-0.0094;677.067;191.450;27.474;1.595.540;1.359.003;92.500
60.600.000;100.658;-0.0127;675.790;183.590;26.144;3.048.501;2.510.571;92.500
60.605.000;100.678;-0.0166;674.520;176.330;24.510;8.121.543;6.659.665;92.500
60.610.000;100.699;-0.0205;673.363;168.770;22.720;880.610;8.922.100;92.500
60.615.000;100.645;-0.0245;672.469;161.210;21.058;666.221;16.946.301;92.500
60.620.000;100.582;-0.0253;671.849;153.130;20.893;5.424.324;4.447.946;92.500
60.625.000;100.519;-0.0251;671.469;146.090;20.928;8.569.268;23.426.799;92.500
60.630.000;100.456;-0.0249;671.326;138.530;20.952;24.824.268;10.235.589;0    9.2500
60.635.000;100.393;-0.0248;671.326;133.550;20.808;73.080.840;14.192.628;0    9.2500
60.640.000;100.330;-0.0246;671.325;131.020;20.775;77.111.641;14.523.154;0    9.2500
60.645.000;100.267;-0.0244;671.325;128.740;20.867;77.194.355;14.529.937;0    9.2500
60.650.000;100.204;-0.0243;671.325;128.720;20.830;77.277.090;14.536.721;0    9.2500
60.655.000;100.141;-0.0241;671.325;128.710;20.861;77.359.863;14.543.508;0    9.2500
60.660.000;100.115;-0.0239;671.325;128.690;20.913;77.442.695;14.550.300;0    9.2500
60.665.000;100.161;-0.0238;671.325;126.480;20.965;77.525.547;14.557.094;0    9.2500
60.670.000;100.206;-0.0237;671.325;123.950;21.043;77.608.438;14.563.891;0    9.2500
60.675.000;100.251;-0.0237;671.325;122.570;21.082;77.691.387;14.570.693;0    9.2500
60.680.000;100.296;-0.0237;671.325;122.550;21.040;77.774.355;14.577.497;0    9.2500
60.685.000;100.342;-0.0237;671.325;122.540;21.081;77.857.363;14.584.303;0    9.2500
60.690.000;100.387;-0.0237;671.325;122.520;20.955;77.940.430;14.591.115;0    9.2500
60.695.000;100.432;-0.0237;671.325;122.510;21.006;78.023.516;14.597.927;0    9.2500
60.700.000;100.477;-0.0237;671.325;122.490;21.067;78.106.641;14.604.744;0    9.2500
60.705.000;100.522;-0.0237;671.325;122.480;21.011;78.189.805;14.611.563;0    9.2500
60.710.000;100.567;-0.0237;671.325;122.460;20.870;78.273.008;14.618.386;0    9.2500
60.715.000;100.613;-0.0237;671.325;122.450;20.914;78.356.270;14.625.213;0    9.2500
60.720.000;100.659;-0.0237;671.325;117.930;20.847;78.439.551;14.632.043;0    9.2500
60.725.000;100.692;-0.0237;671.325;116.340;20.797;78.522.871;14.638.875;0    9.2500
60.730.000;100.528;-0.0237;671.325;117.680;20.881;78.606.230;14.645.710;0    9.2500
60.735.000;100.362;-0.0237;671.325;125.200;20.920;78.689.629;14.652.549;0    9.2500
60.740.000;100.198;-0.0237;671.325;128.450;20.881;78.773.066;14.659.391;0    9.2500
60.745.000;100.034;-0.0237;671.325;134.510;20.975;78.856.660;14.666.246;0    9.2500
60.750.000;99.870;-0.0240;671.325;140.580;21.088;78.940.586;14.673.127;0    9.2500
60.755.000;99.706;-0.0239;671.325;143.170;21.098;79.020.820;14.679.707;0    9.2500
60.760.000;99.542;-0.0237;671.325;146.630;21.098;79.023.652;14.679.939;0    9.2500
60.765.000;99.377;-0.0236;671.325;140.530;20.956;79.023.242;14.679.905;0    9.2500
60.770.000;99.301;-0.0235;671.325;140.520;20.812;79.023.125;14.679.896;0    9.2500
60.775.000;99.310;-0.0233;671.325;138.110;20.775;79.023.125;14.679.896;0    9.2500
60.780.000;99.382;-0.0232;671.325;130.550;20.832;79.023.125;14.679.896;0    9.2500
60.785.000;99.454;-0.0231;671.325;128.310;20.890;79.023.125;14.679.896;0    9.2500
60.790.000;99.526;-0.0229;671.325;127.580;20.932;79.023.125;14.679.896;0    9.2500
60.795.000;99.598;-0.0228;671.325;122.200;20.802;79.023.125;14.679.896;0    9.2500
60.800.000;99.670;-0.0227;671.325;122.190;20.788;79.023.125;14.679.896;0    9.2500
60.805.000;99.742;-0.0225;671.325;116.090;20.773;79.023.125;14.679.896;0    9.2500
60.810.000;99.814;-0.0228;671.325;116.580;20.879;79.023.125;14.679.896;0    9.2500
60.815.000;99.886;-0.0232;671.325;122.140;20.788;79.046.211;14.681.789;0    9.2500
60.820.000;99.958;-0.0235;671.325;122.130;20.808;79.130.840;14.688.728;0    9.2500
60.825.000;100.030;-0.0237;671.325;128.190;20.875;79.266.133;14.699.823;0    9.2500
60.830.000;100.101;-0.0236;671.325;128.180;20.862;68.272.871;13.798.375;0    9.2500
60.835.000;100.163;-0.0234;671.325;128.160;20.942;39.842.139;11.467.055;0    9.2500
60.840.000;100.224;-0.0233;671.325;128.150;20.873;23.755.332;10.147.937;0    9.2500
60.845.000;100.285;-0.0232;671.325;134.210;20.812;41.047.256;11.565.875;0    9.2500
60.850.000;100.346;-0.0231;671.325;134.190;20.813;60.950.371;13.197.930;0    9.2500
60.855.000;100.407;-0.0230;671.325;134.180;20.869;80.977.754;14.840.175;0    9.2500
60.860.000;100.468;-0.0229;671.325;134.160;20.965;80.859.863;14.830.508;0    9.2500
60.865.000;100.495;-0.0227;671.325;134.150;21.028;80.637.188;14.812.249;0    9.2500
60.870.000;100.483;-0.0226;671.325;134.130;20.969;80.414.766;14.794.010;0    9.2500
60.875.000;100.471;-0.0225;671.325;132.790;20.991;80.192.617;14.775.794;0    9.2500
60.880.000;100.460;-0.0224;671.325;128.020;20.894;79.970.742;14.757.600;0    9.2500
60.885.000;100.448;-0.0223;671.325;128.010;20.848;79.749.141;14.739.429;0    9.2500
60.890.000;100.436;-0.0222;671.325;127.990;20.953;79.527.832;14.721.282;0    9.2500
60.895.000;100.425;-0.0217;671.325;127.980;21.023;79.306.777;14.703.155;0    9.2500
60.900.000;100.413;-0.0217;671.325;127.960;21.096;79.085.996;14.685.051;0    9.2500
60.905.000;100.402;-0.0218;671.325;132.000;21.161;78.865.488;14.666.969;0    9.2500
60.910.000;100.390;-0.0218;671.325;134.010;21.213;78.645.254;14.648.911;0    9.2500
60.915.000;100.379;-0.0218;671.325;140.080;21.226;78.425.273;14.630.872;0    9.2500
60.920.000;100.367;-0.0218;671.325;140.060;21.127;78.205.586;14.612.858;0    9.2500
60.925.000;100.355;-0.0218;671.325;140.050;21.093;77.986.172;14.594.866;0    9.2500
60.930.000;100.344;-0.0218;671.325;140.030;21.130;77.767.012;14.576.894;0    9.2500
60.935.000;100.332;-0.0218;671.325;133.940;21.041;77.548.125;14.558.946;0    9.2500
60.940.000;100.321;-0.0219;671.325;133.920;20.933;77.329.512;14.541.019;0    9.2500
60.945.000;100.309;-0.0219;671.325;133.910;20.882;77.111.172;14.523.116;0    9.2500
60.950.000;100.280;-0.0219;671.325;133.890;20.914;76.893.086;14.505.233;0    9.2500
60.955.000;100.177;-0.0219;671.325;139.960;20.801;76.675.273;14.487.372;0    9.2500
60.960.000;100.104;-0.0219;671.325;141.880;20.778;76.457.734;14.469.534;0    9.2500
60.965.000;100.134;-0.0219;671.325;147.710;20.876;76.240.469;14.451.718;0    9.2500
60.970.000;100.162;-0.0220;671.325;152.060;20.781;76.023.457;14.433.923;0    9.2500
60.975.000;100.189;-0.0220;671.325;152.050;20.847;75.806.758;14.416.154;0    9.2500
60.980.000;100.217;-0.0220;671.325;150.300;20.914;75.591.016;14.398.462;0    9.2500
60.985.000;100.245;-0.0220;671.325;145.940;20.853;75.373.125;14.380.595;0    9.2500
60.990.000;100.272;-0.0220;671.325;139.850;20.908;75.187.363;14.365.363;0    9.2500
60.995.000;100.300;-0.0220;671.325;139.780;21.041;75.827.402;14.417.846;0    9.2500
61.000.000;100.328;-0.0221;671.325;133.740;21.178;76.427.637;14.467.066;0    9.2500
61.005.000;100.355;-0.0221;671.325;133.720;21.270;77.029.922;14.516.453;0    9.2500
61.010.000;100.383;-0.0221;671.325;133.710;21.139;77.634.258;14.566.008;0    9.2500
61.015.000;100.410;-0.0221;671.325;133.690;20.882;78.240.645;14.615.732;0    9.2500
61.020.000;100.438;-0.0221;671.325;133.680;20.925;78.849.121;14.665.627;0    9.2500
61.025.000;100.466;-0.0218;671.325;136.440;21.092;79.459.668;14.715.692;0    9.2500
61.030.000;100.495;-0.0212;671.474;139.730;21.173;80.072.285;14.765.927;0    9.2500
61.035.000;100.469;-0.0205;671.966;145.790;21.311;80.687.012;14.816.335;0    9.2500
61.040.000;100.428;-0.0199;673.273;154.050;21.408;81.303.828;14.866.914;0    9.2500
61.045.000;100.387;-0.0193;675.263;169.110;21.107;81.922.754;14.917.666;0    9.2500
61.050.000;100.346;-0.0186;677.569;180.170;21.141;82.543.789;14.968.590;0    9.2500
61.055.000;100.305;-0.0186;680.070;206.520;21.193;83.166.934;15.019.688;0    9.2500
61.060.000;100.264;-0.0187;682.538;225.620;21.131;83.792.227;15.070.962;0    9.2500
61.065.000;100.223;-0.0188;684.752;233.160;20.978;84.419.648;15.122.411;0    9.2500
61.070.000;100.182;-0.0189;686.303;236.870;20.902;85.471.816;15.208.688;0    9.2500
61.075.000;100.141;-0.0189;686.846;236.850;20.957;83.964.824;15.085.115;0    9.2500
61.080.000;100.100;-0.0190;686.415;236.170;21.036;2.743.960;51.450.049;92.500
61.085.000;100.059;-0.0191;685.480;228.610;21.094;8.368.323;23.262.024;92.500
61.090.000;100.018;-0.0192;684.200;224.650;21.081;9.501.655;15.991.357;92.500
61.095.000;99.977;-0.0193;682.741;212.480;20.989;3.072.074;10.719.100;92.500
61.100.000;99.937;-0.0191;681.155;205.930;20.987;5.054.037;12.344.310;92.500
61.105.000;99.891;-0.0189;679.784;198.370;21.084;3.526.147;11.091.440;92.500
61.110.000;99.820;-0.0187;678.593;194.190;21.167;5.168.146;12.437.880;92.500
61.115.000;99.749;-0.0185;677.784;188.100;21.087;1.171.440;17.360.581;92.500
61.120.000;99.740;-0.0183;677.401;188.090;21.013;3.325.322;27.326.765;92.500
61.125.000;99.869;-0.0181;677.458;188.070;21.174;2.399.058;42.967.227;92.500
61.130.000;99.995;-0.0178;677.726;188.050;21.074;2.404.590;67.571.763;92.500
61.135.000;100.087;-0.0173;678.510;194.120;21.046;29.455.273;10.615.332;0    9.2500
61.140.000;99.983;-0.0168;679.645;200.180;21.183;84.951.250;15.166.002;0    9.2500
61.145.000;99.881;-0.0163;681.214;201.660;21.277;84.951.250;15.166.002;0    9.2500
61.150.000;99.780;-0.0159;683.140;212.160;21.364;84.951.250;15.166.002;0    9.2500
61.155.000;99.701;-0.0154;685.209;222.800;21.419;84.951.250;15.166.002;0    9.2500
61.160.000;99.778;-0.0153;687.371;236.600;21.467;84.535.977;15.131.950;0    9.2500
61.165.000;99.856;-0.0153;689.633;251.300;21.353;84.034.336;15.090.815;0    9.2500
61.170.000;99.862;-0.0155;691.437;266.390;21.224;83.314.785;15.031.812;0    9.2500
61.175.000;99.672;-0.0157;692.795;277.240;21.068;83.010.488;15.006.860;0    9.2500
61.180.000;99.503;-0.0159;693.611;285.170;21.126;81.284.590;14.865.335;0    9.2500
61.185.000;99.499;-0.0161;694.043;279.070;21.189;34.610.684;11.038.076;0    9.2500
61.190.000;99.500;-0.0163;694.019;276.520;21.258;4.941.758;77.852.241;92.500
61.195.000;99.501;-0.0165;693.727;272.960;21.293;7.070.625;54.997.910;92.500
61.200.000;99.499;-0.0167;693.291;272.950;21.155;3.809.561;52.323.838;92.500
61.205.000;99.391;-0.0169;693.101;266.850;21.071;6.642.285;54.646.675;92.500
61.210.000;99.270;-0.0166;693.032;266.840;21.197;9.784.629;49.023.394;92.500
61.215.000;99.147;-0.0163;693.374;266.820;21.299;1.764.316;50.646.738;92.500
61.220.000;99.022;-0.0160;694.053;272.890;21.384;4.135.459;60.791.074;92.500
61.225.000;98.952;-0.0157;695.372;274.170;21.550;2.448.330;84.007.627;92.500
61.230.000;99.195;-0.0154;697.113;289.240;21.714;67.330.605;13.721.109;0    9.2500
61.235.000;99.337;-0.0150;699.429;300.740;21.748;85.837.051;15.238.637;0    9.2500
61.240.000;99.476;-0.0148;702.204;321.460;21.701;89.011.973;15.498.981;0    9.2500
61.245.000;99.338;-0.0147;705.244;334.890;21.587;69.562.168;13.904.097;0    9.2500
61.250.000;99.064;-0.0145;708.137;357.530;21.558;70.855.977;14.010.190;0    9.2500
61.255.000;98.788;-0.0144;710.721;376.770;21.654;72.728.926;14.163.771;0    9.2500
61.260.000;98.512;-0.0142;712.758;388.260;21.515;79.023.125;14.679.896;0    9.2500
61.265.000;98.292;-0.0141;714.395;394.330;21.330;27.030.898;10.416.533;0    9.2500
61.270.000;98.396;-0.0146;715.236;394.320;21.258;7.072.080;71.399.106;92.500
61.275.000;98.513;-0.0148;715.138;394.300;21.227;1.831.421;50.701.763;92.500
61.280.000;98.630;-0.0150;714.213;394.280;21.340;6.625.146;46.432.622;92.500
61.285.000;98.747;-0.0155;712.490;388.180;21.311;7.868.394;47.452.080;92.500
61.290.000;98.865;-0.0161;710.045;373.070;21.388;4.422.993;52.826.855;92.500
61.295.000;98.896;-0.0166;707.337;355.020;21.474;1.078.730;74.684.561;92.500
61.300.000;98.816;-0.0171;704.310;332.370;21.553;31.797.686;10.807.410;0    9.2500
61.305.000;98.736;-0.0176;701.101;306.270;21.612;89.011.973;15.498.981;0    9.2500
61.310.000;98.704;-0.0180;697.859;298.710;21.357;81.076.035;14.848.234;0    9.2500
61.315.000;98.930;-0.0177;694.551;284.760;21.415;77.089.629;14.521.349;0    9.2500
61.320.000;99.179;-0.0171;691.457;267.980;21.463;89.262.930;15.519.560;0    9.2500
61.325.000;99.072;-0.0165;689.710;243.010;21.385;50.329.473;12.327.016;0    9.2500
61.330.000;98.991;-0.0159;688.613;223.830;21.413;4.971.250;77.876.426;92.500
61.335.000;98.903;-0.0153;688.219;211.750;21.321;9.976.279;49.180.547;92.500
61.340.000;98.809;-0.0156;688.465;237.930;21.227;7.897.915;31.076.289;92.500
61.345.000;98.727;-0.0159;689.231;255.420;20.993;7.227.610;22.326.641;92.500
61.350.000;98.474;-0.0162;690.558;270.290;20.912;1.515.840;17.642.988;92.500
61.355.000;98.695;-0.0166;692.121;272.480;20.825;7.007.344;13.946.022;92.500
61.360.000;98.699;-0.0169;693.124;272.460;20.799;3.447.310;11.026.793;92.500
61.365.000;98.714;-0.0169;694.200;272.450;20.923;1.575.024;9.491.520;92.500
61.370.000;98.781;-0.0166;695.106;272.430;21.221;895.798;8.934.554;92.500
61.375.000;98.856;-0.0163;695.827;284.570;21.375;1.621.992;9.530.034;92.500
61.380.000;99.055;-0.0160;696.212;303.310;21.449;1.630.460;9.536.978;92.500
61.385.000;98.988;-0.0157;696.228;306.870;21.385;6.469.881;5.305.302;92.500
61.390.000;98.851;-0.0161;695.715;299.320;21.356;4.509.963;3.698.170;92.500
61.395.000;98.715;-0.0166;694.480;284.510;21.218;4.464.004;3.660.483;92.500
61.400.000;98.580;-0.0171;692.248;271.430;21.180;4.359.159;3.574.510;92.500
61.405.000;98.444;-0.0177;689.511;250.550;21.316;4.365.909;3.580.045;92.500
61.410.000;98.307;-0.0182;686.693;235.440;21.420;4.362.609;3.577.339;92.500
61.415.000;98.266;-0.0187;683.832;217.580;21.321;4.811.750;3.945.635;92.500
61.420.000;98.221;-0.0193;681.324;205.310;21.334;5.076.168;4.162.458;92.500
61.425.000;98.175;-0.0197;679.878;196.200;21.274;5.245.391;4.301.221;92.500
61.430.000;98.129;-0.0193;679.804;184.120;21.168;6.068.760;4.976.383;92.500
61.435.000;98.083;-0.0187;681.132;185.540;21.045;7.108.141;5.828.676;92.500
61.440.000;98.037;-0.0181;683.483;205.350;21.062;9.111.083;7.471.088;92.500
61.445.000;97.991;-0.0174;686.643;236.360;21.181;3.652.389;11.194.958;92.500
61.450.000;97.945;-0.0168;690.482;268.460;21.296;4.730.616;12.079.105;92.500
61.455.000;97.899;-0.0162;694.340;291.070;21.386;3.359.081;10.954.446;92.500
61.460.000;97.982;-0.0162;697.513;308.630;21.331;6.637.847;13.643.035;92.500
61.465.000;98.084;-0.0163;699.682;321.910;21.241;1.257.996;17.431.556;92.500
61.470.000;98.100;-0.0164;700.957;326.840;21.153;2.053.113;26.283.552;92.500
61.475.000;98.100;-0.0165;701.615;326.820;21.125;8.330.146;39.630.720;92.500
61.480.000;98.100;-0.0166;701.656;326.810;21.175;1.234.204;66.612.046;92.500
61.485.000;98.100;-0.0167;701.142;320.710;21.186;53.441.006;12.582.162;0    9.2500
61.490.000;98.100;-0.0168;700.361;318.310;21.127;89.011.973;15.498.981;0    9.2500
61.495.000;98.100;-0.0169;699.501;310.750;21.190;82.953.711;15.002.204;0    9.2500
61.500.000;98.100;-0.0170;698.487;302.430;21.230;5.932.109;86.864.326;92.500
61.505.000;98.100;-0.0171;697.557;296.340;21.097;1.779.224;34.258.962;92.500
61.510.000;98.100;-0.0172;696.709;294.150;21.109;6.280.684;29.750.161;92.500
61.515.000;98.100;-0.0173;696.044;286.590;21.189;8.698.528;23.532.793;92.500
61.520.000;98.093;-0.0173;695.599;284.130;21.142;3.801.449;11.317.188;92.500
61.525.000;98.080;-0.0172;695.302;284.120;21.193;4.104.470;11.565.665;92.500
61.530.000;98.066;-0.0172;695.204;284.100;21.227;5.218.401;12.479.088;92.500
61.535.000;98.052;-0.0171;695.295;284.090;21.203;8.482.145;15.155.359;92.500
61.540.000;98.039;-0.0171;695.367;284.070;21.222;2.712.783;24.221.814;92.500
61.545.000;98.025;-0.0171;695.386;290.140;21.280;44.074.932;15.331.320;0    9.2500
61.550.000;98.012;-0.0170;695.379;290.120;21.227;39.570.625;14.663.844;0    9.2500
61.555.000;97.998;-0.0170;695.236;286.890;21.133;30.660.439;13.363.421;0    9.2500
61.560.000;97.985;-0.0170;694.999;284.010;21.167;15.258.750;11.182.518;0    9.2500
61.565.000;97.971;-0.0169;694.566;283.930;21.195;3.919.883;96.363.926;92.500
61.570.000;97.957;-0.0167;693.992;277.900;21.173;683.721;92.051.748;92.500
61.575.000;97.944;-0.0166;693.365;274.890;21.229;14.696.895;11.104.672;0    9.2500
61.580.000;97.930;-0.0164;692.731;271.790;21.266;64.835.801;18.165.787;0    9.2500
61.585.000;97.916;-0.0162;692.036;265.700;21.220;83.867.383;19.897.066;0    9.2500
61.590.000;97.901;-0.0162;691.471;259.600;21.283;85.122.031;20.010.056;0    9.2500
61.595.000;97.969;-0.0167;691.010;256.800;21.272;86.385.254;20.123.677;0    9.2500
61.600.000;98.057;-0.0172;690.783;253.500;21.326;87.665.234;20.238.656;0    9.2500
61.605.000;98.146;-0.0177;690.882;253.480;21.290;89.005.234;20.358.863;0    9.2500
61.610.000;98.234;-0.0181;691.177;254.580;21.361;88.762.637;20.337.123;0    9.2500
61.615.000;98.323;-0.0182;691.686;262.100;21.414;88.484.102;20.312.152;0    9.2500
61.620.000;98.411;-0.0183;692.277;269.640;21.284;88.210.508;20.287.613;0    9.2500
61.625.000;98.500;-0.0184;692.852;271.660;21.236;87.938.828;20.263.248;0    9.2500
61.630.000;98.589;-0.0185;693.397;277.720;21.338;87.667.578;20.238.912;0    9.2500
61.635.000;98.677;-0.0187;693.756;277.710;21.420;87.396.719;20.214.617;0    9.2500
61.640.000;98.766;-0.0188;693.956;277.690;21.504;87.126.250;20.190.328;0    9.2500
61.645.000;98.854;-0.0189;694.020;277.670;21.572;86.856.172;20.166.068;0    9.2500
61.650.000;98.943;-0.0190;693.893;277.660;21.462;86.586.484;20.141.849;0    9.2500
61.655.000;99.031;-0.0191;693.746;277.640;21.533;86.317.168;20.117.658;0    9.2500
61.660.000;99.102;-0.0193;693.431;274.010;21.479;86.048.262;20.093.486;0    9.2500
61.665.000;99.100;-0.0194;692.944;271.530;21.401;85.779.727;20.069.353;0    9.2500
61.670.000;99.100;-0.0198;692.387;271.050;21.439;85.511.602;20.045.250;0    9.2500
61.675.000;99.100;-0.0201;691.749;263.490;21.196;85.243.848;20.021.154;0    9.2500
61.680.000;99.100;-0.0204;691.094;255.930;21.123;84.976.484;19.997.121;0    9.2500
61.685.000;99.100;-0.0207;690.340;253.230;21.092;84.709.512;19.973.082;0    9.2500
61.690.000;99.101;-0.0211;689.439;250.050;21.077;84.442.910;19.949.093;0    9.2500
61.695.000;99.045;-0.0214;688.575;245.400;21.101;84.176.699;19.925.125;0    9.2500
61.700.000;98.962;-0.0217;687.823;237.840;21.161;83.910.879;19.901.195;0    9.2500
61.705.000;98.878;-0.0218;687.018;232.610;21.196;83.645.352;19.877.261;0    9.2500
61.710.000;98.794;-0.0221;686.166;228.840;21.057;83.379.863;19.853.355;0    9.2500
61.715.000;98.711;-0.0223;685.308;228.070;21.104;83.113.574;19.829.349;0    9.2500
61.720.000;98.683;-0.0225;684.488;224.290;20.981;82.957.656;19.815.300;0    9.2500
61.725.000;98.659;-0.0225;683.756;220.500;21.028;83.124.609;19.830.361;0    9.2500
61.730.000;98.635;-0.0224;683.006;216.630;20.976;83.247.090;19.841.402;0    9.2500
61.735.000;98.610;-0.0224;682.226;212.920;20.869;83.370.410;19.852.548;0    9.2500
61.740.000;98.586;-0.0223;681.569;210.520;20.953;83.493.613;19.863.658;0    9.2500
61.745.000;98.561;-0.0222;681.032;206.260;20.955;83.616.895;19.874.783;0    9.2500
61.750.000;98.537;-0.0222;680.633;204.410;21.002;83.740.273;19.885.906;0    9.2500
61.755.000;98.512;-0.0221;680.361;204.390;20.979;83.863.711;19.897.043;0    9.2500
61.760.000;98.517;-0.0217;680.177;204.380;20.885;83.987.246;19.908.177;0    9.2500
61.765.000;98.576;-0.0212;680.128;204.360;20.888;84.110.859;19.919.318;0    9.2500
61.770.000;98.634;-0.0207;680.248;204.350;20.847;84.234.570;19.930.474;0    9.2500
61.775.000;98.692;-0.0202;680.451;204.330;20.854;84.358.359;19.941.615;0    9.2500
61.780.000;98.750;-0.0197;680.684;204.320;20.904;84.482.227;19.952.796;0    9.2500
61.785.000;98.807;-0.0192;681.156;208.110;20.914;84.606.172;19.963.960;0    9.2500
61.790.000;98.865;-0.0187;681.768;210.360;20.894;84.730.195;19.975.121;0    9.2500
61.795.000;98.923;-0.0182;682.391;211.010;20.953;84.854.316;19.986.320;0    9.2500
61.800.000;98.980;-0.0177;683.220;218.540;21.013;84.978.516;19.997.503;0    9.2500
61.805.000;99.036;-0.0172;684.102;222.480;20.988;85.102.793;20.008.695;0    9.2500
61.810.000;99.149;-0.0169;685.016;222.460;20.910;85.227.168;20.019.902;0    9.2500
61.815.000;99.231;-0.0169;686.088;228.970;20.970;85.351.621;20.031.093;0    9.2500
61.820.000;99.153;-0.0172;686.935;234.590;20.991;85.476.152;20.042.312;0    9.2500
61.825.000;99.066;-0.0179;687.651;237.960;21.154;85.600.762;20.053.539;0    9.2500
61.830.000;98.981;-0.0186;688.346;246.710;21.064;85.725.469;20.064.750;0    9.2500
61.835.000;98.896;-0.0193;688.684;246.700;20.843;85.850.254;20.075.986;0    9.2500
61.840.000;98.811;-0.0197;688.828;246.690;20.805;85.975.117;20.087.232;0    9.2500
61.845.000;98.726;-0.0195;688.687;246.670;20.791;86.100.078;20.098.460;0    9.2500
61.850.000;98.641;-0.0193;688.249;240.570;20.807;86.225.117;20.109.730;0    9.2500
61.855.000;98.556;-0.0192;687.593;240.540;20.902;86.350.234;20.120.972;0    9.2500
61.860.000;98.470;-0.0190;686.844;234.470;20.999;86.475.449;20.132.230;0    9.2500
61.865.000;98.384;-0.0189;685.903;231.490;21.063;86.600.742;20.143.517;0    9.2500
61.870.000;98.306;-0.0187;684.899;223.940;21.109;87.035.352;20.182.546;0    9.2500
61.875.000;98.404;-0.0185;683.800;222.260;21.140;87.596.875;20.233.002;0    9.2500
61.880.000;98.511;-0.0191;682.608;214.890;21.008;86.970.586;20.176.753;0    9.2500
61.885.000;98.617;-0.0197;681.484;210.080;20.861;6.507.568;99.846.377;92.500
61.890.000;98.698;-0.0203;680.365;205.850;20.713;2.379.941;49.630.327;92.500
61.895.000;98.674;-0.0209;679.057;197.890;20.715;6.444.592;27.202.710;92.500
61.900.000;98.652;-0.0215;677.740;196.810;20.805;7.306.899;19.947.161;92.500
61.905.000;98.630;-0.0221;676.321;189.240;20.896;2.849.009;24.330.249;92.500
61.910.000;98.608;-0.0227;674.993;181.690;20.807;417.256;39.050.999;92.500
61.915.000;98.586;-0.0229;673.898;173.510;20.894;8.456.221;76.197.227;92.500
61.920.000;98.564;-0.0229;672.867;166.560;20.949;86.970.586;20.176.832;0    9.2500
61.925.000;98.543;-0.0228;672.107;159.010;20.833;45.693.174;15.573.250;0    9.2500
61.930.000;98.517;-0.0228;671.602;151.440;20.736;328.232;91.582.100;92.500
61.935.000;98.486;-0.0227;671.360;143.050;20.787;5.922.529;52.808.989;92.500
61.940.000;98.759;-0.0227;671.325;136.330;20.809;8.844.072;55.444.634;92.500
61.945.000;98.864;-0.0226;671.325;128.760;20.696;4.472.329;60.556.284;92.500
61.950.000;98.904;-0.0225;671.325;121.200;20.703;560.713;66.357.329;92.500
61.955.000;98.992;-0.0226;671.325;118.680;20.755;9.347.588;77.328.574;92.500
61.960.000;99.080;-0.0227;671.325;118.660;20.670;3.711.787;70.244.639;92.500
61.965.000;99.167;-0.0228;671.325;120.540;20.670;9.114.072;77.031.831;92.500
61.970.000;99.254;-0.0229;671.325;124.710;20.822;6.404.014;86.422.734;92.500
61.975.000;99.289;-0.0230;671.325;130.770;20.892;1.309.277;79.832.368;92.500
61.980.000;99.264;-0.0231;671.325;130.970;20.945;3.408.472;59.586.748;92.500
61.985.000;99.240;-0.0232;671.325;138.500;20.805;6.179.575;44.115.522;92.500
61.990.000;99.215;-0.0233;671.325;142.890;20.717;4.110.352;33.582.961;92.500
61.995.000;99.191;-0.0234;671.325;142.870;20.700;509.971;39.131.978;92.500
62.000.000;99.167;-0.0235;671.325;136.780;20.819;6.362.661;53.205.254;92.500
62.005.000;99.143;-0.0236;671.325;133.400;20.840;7.040.195;87.254.443;92.500
62.010.000;99.118;-0.0237;671.325;130.020;20.694;89.011.973;20.360.191;0    9.2500
62.015.000;99.094;-0.0237;671.325;126.640;20.569;89.011.973;20.360.191;0    9.2500
62.020.000;99.070;-0.0237;671.325;124.440;20.535;86.831.406;20.164.496;0    9.2500
62.025.000;99.045;-0.0236;671.325;124.390;20.564;84.951.250;19.995.441;0    9.2500
62.030.000;99.021;-0.0236;671.325;124.340;20.647;86.970.586;20.177.019;0    9.2500
62.035.000;98.997;-0.0236;671.325;125.130;20.701;6.192.129;19.053.539;92.500
62.040.000;98.973;-0.0236;671.326;130.330;20.734;7.053.572;19.721.151;92.500
62.045.000;98.949;-0.0235;671.326;130.290;20.691;8.581.680;20.908.557;92.500
62.050.000;98.927;-0.0235;671.326;130.240;20.723;775.913;30.507.039;92.500
62.055.000;98.850;-0.0235;671.325;130.200;20.744;339.531;54.630.820;92.500
62.060.000;98.755;-0.0234;671.325;130.150;20.759;18.494.932;96.617.236;92.500
62.065.000;98.808;-0.0234;671.325;130.110;20.741;27.631.377;10.594.388;0    9.2500
62.070.000;98.869;-0.0234;671.325;130.050;20.713;50.503.604;14.657.896;0    9.2500
62.075.000;98.930;-0.0233;671.325;130.020;20.734;76.130.703;19.701.634;0    9.2500
62.080.000;98.990;-0.0233;671.324;129.970;20.768;84.391.270;21.427.369;0    9.2500
62.085.000;99.050;-0.0233;671.324;129.920;20.834;87.198.125;22.024.218;0    9.2500
62.090.000;99.111;-0.0233;671.324;129.880;20.842;63.362.832;17.128.085;0    9.2500
62.095.000;99.171;-0.0232;671.325;129.830;20.835;14.696.895;93.243.066;92.500
62.100.000;99.231;-0.0232;671.325;123.710;20.757;19.788.691;97.768.711;92.500
62.105.000;99.292;-0.0232;671.325;123.660;20.677;34.987.080;11.852.555;0    9.2500
62.110.000;99.352;-0.0231;671.325;123.620;20.631;38.303.623;12.435.305;0    9.2500
62.115.000;99.412;-0.0231;671.325;123.570;20.613;89.474.258;22.512.113;0    9.2500
62.120.000;99.473;-0.0231;671.324;122.850;20.681;88.256.406;22.250.712;0    9.2500
62.125.000;99.500;-0.0230;671.324;117.400;20.794;85.017.695;21.560.257;0    9.2500
62.130.000;99.500;-0.0230;671.324;117.360;20.892;82.962.422;21.125.716;0    9.2500
62.135.000;99.500;-0.0230;671.324;117.300;20.953;84.096.230;21.365.103;0    9.2500
62.140.000;99.500;-0.0229;671.324;116.990;21.017;84.951.250;21.546.201;0    9.2500
62.145.000;99.500;-0.0229;671.325;111.140;20.957;77.089.629;19.899.752;0    9.2500
62.150.000;99.501;-0.0231;671.325;111.090;20.935;7.106.504;86.528.076;92.500
62.155.000;99.438;-0.0233;671.325;111.050;20.999;6.258.374;51.167.397;92.500
62.160.000;99.338;-0.0234;671.326;117.080;20.885;944.551;30.641.086;92.500
62.165.000;99.237;-0.0236;671.326;118.330;20.719;9.138.831;21.342.437;92.500
62.170.000;99.136;-0.0237;671.326;125.790;20.824;1.353.198;23.071.768;92.500
62.175.000;99.035;-0.0237;671.326;129.100;20.868;7.692.273;28.061.233;92.500
62.180.000;98.934;-0.0236;671.325;129.050;20.835;5.984.390;42.716.079;92.500
62.185.000;98.833;-0.0235;671.325;135.100;20.977;3.153.701;65.615.420;92.500
62.190.000;98.729;-0.0235;671.325;135.050;21.082;7.917.529;87.243.691;92.500
62.195.000;98.795;-0.0234;671.325;131.250;21.060;3.526.221;83.374.434;92.500
62.200.000;98.929;-0.0233;671.325;128.870;20.953;6.173.184;59.611.748;92.500
62.205.000;99.066;-0.0233;671.325;116.170;20.898;1.352.905;38.974.656;92.500
62.210.000;99.203;-0.0232;671.325;110.550;20.899;6.860.664;43.426.011;92.500
62.215.000;99.339;-0.0232;671.325;107.150;20.809;5.034.536;50.132.393;92.500
62.220.000;99.476;-0.0231;671.325;104.370;20.719;6.047.861;85.594.639;92.500
62.225.000;99.611;-0.0230;671.325;104.450;20.708;82.953.711;21.124.152;0    9.2500
62.230.000;99.728;-0.0229;671.325;111.900;20.755;89.011.973;22.413.140;0    9.2500
62.235.000;99.809;-0.0230;671.325;116.400;20.839;87.026.836;21.988.121;0    9.2500
62.240.000;99.899;-0.0232;671.325;116.350;20.832;72.546.895;18.967.908;0    9.2500
62.245.000;99.746;-0.0234;671.325;122.380;20.753;40.237.451;12.779.496;0    9.2500
62.250.000;99.808;-0.0236;671.325;122.340;20.820;9.029.941;62.063.218;92.500
62.255.000;99.559;-0.0237;671.325;119.740;20.855;9.706.929;37.649.619;92.500
62.260.000;99.316;-0.0239;671.325;116.170;20.854;5.541.851;42.357.773;92.500
62.265.000;99.072;-0.0241;671.325;116.120;20.940;4.863.237;49.987.661;92.500
62.270.000;98.828;-0.0240;671.325;110.000;21.048;5.749.004;59.248.394;92.500
62.275.000;98.582;-0.0237;671.325;107.790;21.114;3.711.787;66.097.319;92.500
62.280.000;98.484;-0.0235;671.325;103.830;21.184;8.721.138;28.876.003;92.500
62.285.000;98.458;-0.0232;671.326;103.780;21.171;7.480.034;27.893.315;92.500
62.290.000;98.434;-0.0229;671.326;103.740;21.126;7.532.085;35.902.783;92.500
62.295.000;98.409;-0.0226;671.326;105.470;21.079;7.868.394;44.243.223;92.500
62.300.000;98.384;-0.0226;671.326;112.920;21.011;249.639;38.086.221;92.500
62.305.000;98.359;-0.0228;671.326;115.760;20.944;1.764.316;47.410.244;92.500
62.310.000;98.334;-0.0230;671.326;121.790;20.886;5.115.898;26.026.814;92.500
62.315.000;98.309;-0.0232;671.326;127.840;20.914;7.216.418;27.684.841;92.500
62.320.000;98.284;-0.0234;671.326;127.780;20.823;9.143.904;29.211.165;92.500
62.325.000;98.259;-0.0236;671.326;127.740;20.838;3.365.557;24.649.697;92.500
62.330.000;98.234;-0.0237;671.326;127.690;20.849;6.388.130;34.985.811;92.500
62.335.000;98.209;-0.0236;671.326;127.640;20.875;8.184.487;36.426.311;92.500
62.340.000;98.184;-0.0235;671.326;125.200;20.937;8.229.648;36.462.563;92.500
62.345.000;98.160;-0.0234;671.325;121.470;20.874;3.979.707;66.328.726;92.500
62.350.000;98.135;-0.0233;671.325;121.420;20.764;6.389.932;43.044.512;92.500
62.355.000;98.109;-0.0232;671.325;115.300;20.809;6.111.104;42.818.667;92.500
62.360.000;98.089;-0.0232;671.325;114.250;20.891;7.369.902;52.108.799;92.500
62.365.000;98.061;-0.0231;671.325;110.460;20.824;7.243.394;43.736.245;92.500
62.370.000;98.034;-0.0230;671.325;109.080;20.913;5.922.529;50.883.135;92.500
62.375.000;98.007;-0.0230;671.326;108.850;20.978;7.964.658;36.249.844;92.500
62.380.000;97.979;-0.0233;671.326;102.920;21.034;2.235.376;31.668.416;92.500
62.385.000;97.952;-0.0236;671.326;102.870;20.929;7.425.713;35.817.451;92.500
62.390.000;97.924;-0.0236;671.326;102.830;20.774;3.241.719;40.498.176;92.500
62.395.000;97.905;-0.0234;671.325;105.720;20.813;9.770.962;45.788.320;92.500
62.400.000;98.005;-0.0232;671.325;109.220;20.855;6.642.285;51.492.339;92.500
62.405.000;98.104;-0.0229;671.325;111.670;20.784;2.522.783;48.028.140;92.500
62.410.000;98.202;-0.0227;671.325;114.130;20.799;8.328.247;52.921.611;92.500
62.415.000;98.300;-0.0225;671.325;120.830;20.810;5.096.162;58.689.517;92.500
62.420.000;98.399;-0.0226;671.326;121.610;20.831;8.466.958;53.039.351;92.500
62.425.000;98.495;-0.0226;671.326;126.820;20.762;2.708.848;40.068.020;92.500
62.430.000;98.446;-0.0227;671.326;128.610;20.699;8.799.766;21.078.313;92.500
62.435.000;98.388;-0.0227;671.326;132.810;20.739;1.541.809;15.485.175;92.500
62.440.000;98.330;-0.0228;671.326;132.770;20.788;4.274.961;17.575.676;92.500
62.445.000;98.272;-0.0229;671.326;132.720;20.721;2.085.579;23.645.339;92.500
62.450.000;98.213;-0.0229;671.326;135.940;20.668;2.950.488;32.238.350;92.500
62.455.000;98.152;-0.0229;671.326;136.360;20.690;1.352.905;38.974.602;92.500
62.460.000;98.150;-0.0229;671.326;132.580;20.758;6.864.668;35.367.620;92.500
62.465.000;98.344;-0.0228;671.326;132.540;20.650;9.170.078;37.217.976;92.500
62.470.000;98.413;-0.0228;671.326;132.490;20.760;3.623.245;24.852.168;92.500
62.475.000;98.473;-0.0227;671.326;128.150;20.927;4.774.375;25.757.783;92.500
62.480.000;98.534;-0.0227;671.326;126.320;20.979;5.886.892;26.634.709;92.500
62.485.000;98.595;-0.0227;671.326;126.280;21.038;2.166.084;23.708.447;92.500
62.490.000;98.657;-0.0226;671.326;126.230;21.106;4.960.610;18.102.302;92.500
62.495.000;98.697;-0.0226;671.326;126.190;21.069;8.550.414;13.214.761;92.500
62.500.000;98.626;-0.0225;671.326;126.140;21.118;8.457.485;13.144.552;92.500
62.505.000;98.557;-0.0225;671.326;126.090;21.175;3.016.921;16.611.658;92.500
62.510.000;98.489;-0.0226;671.326;126.050;21.206;5.929.065;26.667.986;92.500
62.515.000;98.420;-0.0226;671.326;126.000;21.118;9.424.355;37.422.351;92.500
62.520.000;98.352;-0.0227;671.326;125.950;20.988;3.702.573;40.870.374;92.500
62.525.000;98.284;-0.0227;671.325;125.910;20.878;978.882;46.770.737;92.500
62.530.000;98.215;-0.0228;671.325;125.870;20.943;4.332.871;75.319.487;92.500
62.535.000;98.147;-0.0228;671.325;125.820;20.946;4.286.558;57.997.021;92.500
62.540.000;98.079;-0.0228;671.325;125.780;20.827;355.391;46.263.477;92.500
62.545.000;98.010;-0.0229;671.325;125.730;20.784;3.632.642;40.813.857;92.500
62.550.000;97.942;-0.0229;671.325;126.970;20.918;1.097.241;46.867.056;92.500
62.555.000;97.907;-0.0229;671.325;131.720;20.858;8.733.613;70.445.933;92.500
62.560.000;97.952;-0.0228;671.325;131.670;20.845;48.315.479;14.250.811;0    9.2500
62.565.000;97.996;-0.0228;671.325;131.620;20.892;80.859.238;20.685.156;0    9.2500
62.570.000;98.040;-0.0227;671.325;125.500;20.934;742.236;54.973.384;92.500
62.575.000;98.083;-0.0227;671.325;125.460;20.927;9.817.095;45.825.776;92.500
62.580.000;98.127;-0.0226;671.325;125.410;20.953;4.688.911;33.626.167;92.500
62.585.000;98.171;-0.0226;671.325;125.360;20.979;2.696.514;32.035.840;92.500
62.590.000;98.215;-0.0225;671.325;125.320;20.913;7.437.114;43.893.301;92.500
62.595.000;98.259;-0.0225;671.325;125.270;20.936;4.747.168;58.390.879;92.500
62.600.000;98.303;-0.0224;671.325;125.230;20.975;1.274.160;81.395.396;92.500
62.605.000;98.346;-0.0224;671.325;125.170;21.061;40.979.629;12.912.599;0    9.2500
62.610.000;98.390;-0.0223;671.325;125.140;21.005;55.453.564;15.594.441;0    9.2500
62.615.000;98.434;-0.0223;671.325;125.090;20.944;21.447.744;99.246.797;92.500
62.620.000;98.478;-0.0222;671.325;125.050;21.020;6.230.146;76.976.563;92.500
62.625.000;98.507;-0.0221;671.325;125.000;21.105;7.321.836;77.931.284;92.500
62.630.000;98.520;-0.0223;671.326;124.950;21.100;4.394.668;49.591.802;92.500
62.635.000;98.534;-0.0225;671.326;124.910;21.084;1.049.553;22.834.163;92.500
62.640.000;98.548;-0.0227;671.326;124.860;21.082;2.743.765;16.402.738;92.500
62.645.000;98.561;-0.0230;671.326;124.820;21.014;3.548.276;24.793.237;92.500
62.650.000;98.575;-0.0232;671.325;124.770;20.948;3.632.642;40.813.835;92.500
62.655.000;98.588;-0.0235;671.325;124.730;20.884;5.740.918;67.851.714;92.500
62.660.000;98.602;-0.0237;671.325;124.680;20.784;32.158.760;11.363.240;0    9.2500
62.665.000;98.616;-0.0239;671.325;124.640;20.685;58.070.771;16.097.068;0    9.2500
62.670.000;98.629;-0.0241;671.325;124.580;20.701;60.795.430;16.625.779;0    9.2500
62.675.000;98.643;-0.0241;671.325;118.470;20.807;64.020.449;17.258.785;0    9.2500
62.680.000;98.657;-0.0240;671.325;124.500;20.833;7.939.336;78.471.719;92.500
62.685.000;98.670;-0.0240;671.325;124.450;20.812;1.913.325;64.545.195;92.500
62.690.000;98.683;-0.0239;671.325;124.400;20.732;4.472.754;66.754.751;92.500
62.695.000;98.694;-0.0239;671.325;130.440;20.789;8.422.607;70.175.947;92.500
62.700.000;98.845;-0.0238;671.325;130.400;20.832;1.309.277;72.684.570;92.500
62.705.000;99.022;-0.0238;671.325;130.350;20.892;8.364.805;52.952.544;92.500
62.710.000;99.200;-0.0237;671.326;130.300;20.942;235.686;30.077.661;92.500
62.715.000;99.378;-0.0237;671.326;130.260;20.996;1.701.421;23.344.365;92.500
62.720.000;99.555;-0.0236;671.326;130.210;21.036;9.515.300;21.635.879;92.500
62.725.000;99.729;-0.0236;671.326;130.170;20.979;1.781.558;23.407.124;92.500
62.730.000;99.936;-0.0235;671.326;130.120;20.991;1.443.555;31.037.942;92.500
62.735.000;100.484;-0.0235;671.325;123.990;21.127;7.141.362;43.653.428;92.500
62.740.000;100.939;-0.0235;671.325;123.950;21.248;9.287.817;62.284.731;92.500
62.745.000;101.383;-0.0234;671.325;123.910;21.173;6.787.920;68.758.408;92.500
62.750.000;101.608;-0.0234;671.325;123.860;21.198;6.748.906;68.724.595;92.500
62.755.000;101.198;-0.0233;671.325;117.730;20.906;168.779;46.111.646;92.500
62.760.000;100.809;-0.0233;671.326;117.690;20.778;5.072.705;33.932.971;92.500
62.765.000;100.420;-0.0232;671.326;117.640;20.670;1.352.905;38.974.536;92.500
62.770.000;100.032;-0.0232;671.326;117.600;20.750;8.881.194;21.141.716;92.500
62.775.000;99.747;-0.0231;671.326;117.550;20.849;2.548.936;24.008.638;92.500
62.780.000;100.176;-0.0231;671.326;117.510;20.919;35.164;22.041.492;92.500
62.785.000;100.611;-0.0230;671.326;121.110;21.002;6.367.429;19.189.263;92.500
62.790.000;100.700;-0.0230;671.326;123.500;21.106;1.133.101;30.790.967;92.500
62.795.000;100.701;-0.0229;671.325;123.450;21.255;6.516.826;51.385.996;92.500
62.800.000;100.691;-0.0228;671.325;123.400;21.408;7.565.146;86.932.617;92.500
62.805.000;100.634;-0.0227;671.325;123.360;21.365;36.460.908;12.110.626;0    9.2500
62.810.000;100.578;-0.0226;671.325;123.310;21.316;1.630.322;47.300.981;92.500
62.815.000;100.522;-0.0225;671.325;124.490;21.364;4.612.915;25.630.613;92.500
62.820.000;100.466;-0.0224;671.325;126.940;21.405;9.837.556;21.887.263;92.500
62.825.000;100.410;-0.0223;671.325;129.260;21.260;3.196.177;32.434.243;92.500
62.830.000;100.352;-0.0221;671.325;129.210;21.288;8.042.104;52.678.691;92.500
62.835.000;100.310;-0.0220;671.325;130.790;21.184;8.635.430;87.877.451;92.500
62.840.000;100.535;-0.0219;671.325;135.190;21.297;6.048.047;85.594.717;92.500
62.845.000;100.766;-0.0218;671.325;135.150;21.318;2.325.156;82.318.428;92.500
62.850.000;100.996;-0.0213;671.325;135.110;21.302;8.854.160;79.272.881;92.500
62.855.000;101.225;-0.0198;671.325;135.060;21.427;5.545.107;76.377.876;92.500
62.860.000;101.190;-0.0181;671.325;135.020;21.737;2.347.705;73.588.647;92.500
62.865.000;100.958;-0.0143;671.325;141.050;22.171;8.382.607;70.141.191;92.500
62.870.000;100.716;-0.0105;671.377;141.000;23.002;9.347.588;70.979.004;92.500
62.875.000;101.050;-0.0067;671.842;143.430;24.059;7.784.795;69.622.534;92.500
62.880.000;101.311;-0.0029;672.950;150.880;25.815;5.789.510;4.665.747;92.500
62.885.000;101.495;-0.0010;674.687;165.180;26.780;1.296.555;9.262.446;92.500
62.890.000;100.733;0.0005;677.417;179.250;26.854;7.823.953;14.930.950;92.500
62.895.000;99.896;0.0023;680.733;199.640;26.960;9.681.525;7.880.286;92.500
62.900.000;99.838;0.0065;684.763;218.080;27.072;9.681.525;7.880.279;92.500
62.905.000;100.708;0.0309;689.663;250.100;27.148;263.888;8.377.531;92.500
62.910.000;100.574;0.0590;695.460;269.070;26.828;6.706.735;13.952.296;92.500
62.915.000;100.460;0.1097;707.458;293.210;26.234;5.251.082;4.243.892;92.500
62.920.000;100.346;0.1529;724.952;320.060;25.583;477.234;236.245;92.500
62.925.000;100.305;0.1783;745.533;360.580;25.160;119.931;52.709;92.500
62.930.000;100.441;0.1876;761.034;553.830;24.864;88.570;39.311;92.500
62.935.000;100.672;0.1919;776.193;674.740;24.353;64.247;28.815;92.500
62.940.000;101.810;0.1905;788.008;736.810;24.274;52.403;23.690;92.500
62.945.000;104.105;0.2028;793.964;789.300;24.057;52.104;23.631;92.500
62.950.000;105.304;0.2152;802.391;797.340;23.888;57.136;25.875;92.500
62.955.000;101.010;0.2203;805.125;788.000;23.673;68.190;30.539;92.500
62.960.000;101.444;0.2023;799.891;765.470;23.530;81.388;36.262;92.500
62.965.000;102.025;0.2171;809.028;742.930;23.257;95.924;42.539;92.500
62.970.000;105.406;0.2488;816.803;723.670;23.131;82.412;36.869;92.500
62.975.000;108.806;0.2804;822.707;710.490;23.158;68.661;31.034;92.500
62.980.000;112.195;0.2955;831.624;697.360;22.911;57.204;26.133;92.500
62.985.000;113.111;0.2866;825.721;693.150;22.551;47.659;21.943;92.500
62.990.000;112.984;0.2690;824.728;687.010;22.694;43.306;20.005;92.500
62.995.000;119.109;0.2636;819.603;686.980;22.417;50.757;23.500;92.500
63.000.000;121.743;0.2807;806.399;686.930;21.908;57.475;26.521;92.500
63.005.000;113.693;0.2944;813.831;689.830;22.085;62.689;28.597;92.500
63.010.000;122.116;0.2964;825.124;706.000;21.936;42.630;19.904;92.500
63.015.000;125.364;0.2990;838.155;717.190;22.112;33.973;16.015;92.500
63.020.000;117.871;0.2994;836.727;716.010;22.163;29.073;13.706;92.500
63.025.000;115.808;0.3094;827.817;708.470;22.194;29.302;13.769;92.500
63.030.000;113.513;0.3338;831.873;712.830;22.266;29.368;13.753;92.500
63.035.000;109.916;0.3038;834.795;729.160;22.638;23.887;11.186;92.500
63.040.000;108.261;0.2996;818.732;742.000;23.123;21.445;10.046;92.500
63.045.000;111.809;0.2167;799.783;740.850;24.471;24.366;11.436;92.500
63.050.000;109.503;0.1667;778.237;689.760;26.001;29.118;13.558;92.500
63.055.000;106.802;0.1184;772.099;613.470;27.640;34.051;15.721;92.500
63.060.000;102.222;0.0990;762.204;566.170;27.883;21.651;10.049;92.500
63.065.000;99.872;0.0617;747.277;455.940;28.261;12.200;0.5727;92.500
63.070.000;100.200;0.0145;727.216;350.550;29.074;26.679;12.278;92.500
63.075.000;99.121;-0.0053;710.889;278.940;29.446;105.705;46.576;92.500
63.080.000;98.035;-0.0097;697.799;260.670;29.004;424.337;384.775;92.500
63.085.000;97.124;-0.0138;689.176;244.380;28.337;1.703.434;1.443.378;92.500
63.090.000;96.624;-0.0170;683.689;224.620;27.148;9.416.631;7.721.637;92.500
63.095.000;96.112;-0.0201;680.236;205.370;25.676;5.137.661;4.212.882;92.500
63.100.000;95.707;-0.0217;677.311;187.540;24.147;6.034.320;13.148.142;92.500
63.105.000;96.395;-0.0226;674.817;166.350;22.468;9.398.855;24.107.061;92.500
63.110.000;97.085;-0.0229;673.031;146.200;20.874;6.197.632;29.682.058;92.500
63.115.000;96.899;-0.0233;671.884;131.150;20.614;6.160.864;46.051.909;92.500
63.120.000;96.642;-0.0226;671.325;120.480;20.656;2.807.676;67.902.295;92.500
63.125.000;96.388;-0.0217;671.325;120.440;20.719;2.807.676;67.902.295;92.500
63.130.000;96.141;-0.0208;671.325;120.400;20.783;2.807.676;67.902.295;92.500
63.135.000;95.808;-0.0199;671.325;120.350;20.832;2.807.676;67.902.295;92.500
63.140.000;95.470;-0.0202;671.325;120.300;20.774;2.807.676;67.902.295;92.500
63.145.000;95.131;-0.0202;671.325;120.260;20.839;2.807.676;67.902.295;92.500
63.150.000;94.780;-0.0203;671.325;120.210;20.818;2.577.891;67.713.872;92.500
63.155.000;94.808;-0.0203;671.325;120.170;20.747;2.172.471;67.381.426;92.500
63.160.000;95.009;-0.0204;671.325;120.120;20.676;1.767.300;67.049.185;92.500
63.165.000;95.212;-0.0205;671.325;120.070;20.660;1.362.886;66.717.563;92.500
63.170.000;95.417;-0.0205;671.325;120.030;20.724;1.028.638;66.443.481;92.500
63.175.000;95.390;-0.0206;671.325;119.980;20.781;4.659.199;69.420.542;92.500
63.180.000;95.212;-0.0207;671.325;119.940;20.756;6.350.713;70.807.583;92.500
63.185.000;95.369;-0.0207;671.325;119.890;20.827;8.382.607;72.473.735;92.500
63.190.000;95.705;-0.0208;671.325;119.850;20.885;4.614.258;77.583.691;92.500
63.195.000;95.959;-0.0209;671.325;119.800;20.776;1.469.277;83.204.805;92.500
63.200.000;96.216;-0.0209;671.325;119.760;20.793;9.717.246;89.968.145;92.500
63.205.000;96.469;-0.0209;671.325;119.710;20.784;23.163.770;10.099.428;0    9.2500
63.210.000;96.501;-0.0208;671.325;119.670;20.816;32.087.021;10.831.135;0    9.2500
63.215.000;96.501;-0.0208;671.325;119.620;20.640;37.235.771;11.253.333;0    9.2500
63.220.000;96.501;-0.0207;671.325;119.570;20.619;39.457.002;11.435.473;0    9.2500
63.225.000;96.508;-0.0207;671.325;119.520;20.701;32.087.021;10.831.135;0    9.2500
63.230.000;96.033;-0.0206;671.325;119.480;20.802;33.499.092;10.946.925;0    9.2500
63.235.000;95.487;-0.0206;671.325;119.440;20.903;27.288.467;10.437.654;0    9.2500
63.240.000;95.455;-0.0205;671.325;119.390;20.964;22.418.740;10.038.336;0    9.2500
63.245.000;95.400;-0.0206;671.325;119.350;21.049;38.292.041;11.339.947;0    9.2500
63.250.000;95.343;-0.0207;671.325;119.300;21.098;49.927.246;12.294.034;0    9.2500
63.255.000;95.305;-0.0208;671.324;121.630;20.996;52.720.049;12.523.043;0    9.2500
63.260.000;95.477;-0.0209;671.324;124.080;20.919;55.513.809;12.752.131;0    9.2500
63.265.000;95.654;-0.0211;671.325;125.240;20.957;49.658.096;12.271.963;0    9.2500
63.270.000;95.830;-0.0212;671.325;125.190;21.049;42.765.811;11.706.795;0    9.2500
63.275.000;96.005;-0.0213;671.325;125.150;21.050;34.987.080;11.068.940;0    9.2500
63.280.000;96.181;-0.0214;671.325;125.110;20.966;39.994.551;11.479.552;0    9.2500
63.285.000;96.357;-0.0216;671.324;125.060;20.824;48.975.146;12.215.961;0    9.2500
63.290.000;96.533;-0.0217;671.324;125.010;20.773;58.531.836;12.999.610;0    9.2500
63.295.000;96.708;-0.0218;671.324;124.970;20.781;62.354.688;13.313.084;0    9.2500
63.300.000;96.884;-0.0220;671.324;124.920;20.622;60.281.787;13.143.106;0    9.2500
63.305.000;97.060;-0.0221;671.324;124.880;20.614;58.866.650;13.027.065;0    9.2500
63.310.000;97.236;-0.0221;671.324;124.830;20.637;59.869.736;13.109.318;0    9.2500
63.315.000;97.412;-0.0222;671.324;124.790;20.663;60.857.412;13.190.307;0    9.2500
63.320.000;97.588;-0.0222;671.324;124.740;20.690;61.851.172;13.271.795;0    9.2500
63.325.000;97.763;-0.0223;671.324;124.700;20.681;62.851.084;13.353.789;0    9.2500
63.330.000;97.900;-0.0223;671.324;124.650;20.557;63.857.168;13.436.288;0    9.2500
63.335.000;98.019;-0.0224;671.324;124.600;20.504;64.869.473;13.519.296;0    9.2500
63.340.000;98.161;-0.0224;671.324;118.480;20.571;65.888.027;13.602.818;0    9.2500
63.345.000;98.345;-0.0225;671.324;118.430;20.644;66.913.164;13.686.878;0    9.2500
63.350.000;98.478;-0.0225;671.324;118.390;20.688;67.944.043;13.771.411;0    9.2500
63.355.000;99.069;-0.0225;671.324;118.340;20.631;68.981.602;13.856.491;0    9.2500
63.360.000;99.740;-0.0225;671.324;117.810;20.617;69.623.730;13.909.145;0    9.2500
63.365.000;99.613;-0.0224;671.324;112.170;20.638;69.875.664;13.929.804;0    9.2500
63.370.000;99.067;-0.0224;671.324;112.130;20.478;70.129.980;13.950.658;0    9.2500
63.375.000;98.528;-0.0223;671.324;112.070;20.454;70.383.906;13.971.480;0    9.2500
63.380.000;98.040;-0.0223;671.324;112.040;20.453;70.638.047;13.992.319;0    9.2500
63.385.000;97.832;-0.0222;671.324;111.990;20.525;70.892.578;14.013.191;0    9.2500
63.390.000;97.697;-0.0222;671.324;111.950;20.639;71.147.500;14.034.094;0    9.2500
63.395.000;97.562;-0.0221;671.324;111.900;20.740;71.402.773;14.055.027;0    9.2500
63.400.000;97.072;-0.0217;671.324;111.850;20.841;71.658.457;14.075.993;0    9.2500
63.405.000;97.093;-0.0209;671.324;117.890;20.894;71.914.512;14.096.990;0    9.2500
63.410.000;97.100;-0.0199;671.324;120.380;21.114;72.170.938;14.118.016;0    9.2500
63.415.000;97.101;-0.0177;671.324;123.880;21.448;72.427.754;14.139.076;0    9.2500
63.420.000;97.105;-0.0146;671.510;129.900;21.895;72.682.207;14.159.940;0    9.2500
63.425.000;96.903;-0.0094;672.221;143.460;22.328;72.924.883;14.179.839;0    9.2500
63.430.000;96.679;-0.0043;673.566;158.430;23.085;73.285.020;14.209.371;0    9.2500
63.435.000;96.534;0.0009;675.611;173.370;24.638;65.919.297;13.605.381;0    9.2500
63.440.000;96.500;0.0060;678.019;190.510;26.374;3.140.962;51.775.586;92.500
63.445.000;96.510;0.0112;680.612;209.700;27.330;4.919.277;4.033.807;92.500
63.450.000;96.148;0.0163;683.190;230.390;27.651;733.328;8.801.329;92.500
63.455.000;95.774;0.0214;685.497;239.010;27.771;9.370.846;15.884.093;92.500
63.460.000;95.406;0.0235;687.310;245.040;27.560;6.244.562;5.120.541;92.500
63.465.000;95.035;0.0155;688.660;245.000;27.424;1.718.421;1.742.507;92.500
63.470.000;95.242;0.0265;690.027;244.950;27.369;1.476.661;1.548.613;92.500
63.475.000;95.788;0.0430;692.589;247.680;27.141;1.325.836;1.427.597;92.500
63.480.000;96.117;0.0693;697.201;255.140;26.442;1.705.325;1.732.542;92.500
63.485.000;95.570;0.1096;703.523;281.290;25.740;2.155.909;2.091.193;92.500
63.490.000;94.944;0.1572;711.719;332.380;25.048;2.320.378;2.220.978;92.500
63.495.000;94.313;0.2048;719.835;395.130;24.443;1.120.985;1.260.732;92.500
63.500.000;93.649;0.2566;726.658;443.750;24.047;593.968;632.780;92.500
63.505.000;94.022;0.1989;730.791;481.710;25.259;83.294;79.432;92.500
63.510.000;94.780;0.1350;729.547;487.750;26.769;58.629;56.570;92.500
63.515.000;94.790;0.0713;723.211;473.710;27.107;62.763;60.435;92.500
63.520.000;93.713;0.0141;714.042;426.610;27.113;94.071;89.339;92.500
63.525.000;93.615;0.0116;702.885;299.160;27.051;282.491;259.231;92.500
63.530.000;93.552;0.0046;692.190;201.180;26.621;866.465;757.016;92.500
63.535.000;93.626;-0.0050;682.836;172.720;25.531;782.662;687.068;92.500
63.540.000;94.254;-0.0134;675.792;153.190;24.106;754.241;663.552;92.500
63.545.000;93.865;-0.0175;672.350;142.570;22.652;903.926;788.344;92.500
63.550.000;93.523;-0.0190;671.425;134.800;21.164;1.255.031;1.077.586;92.500
63.555.000;93.899;-0.0192;671.331;129.910;20.984;5.993.389;4.914.579;92.500
63.560.000;94.301;-0.0194;671.329;124.860;21.082;877.761;17.119.764;92.500
63.565.000;94.643;-0.0197;671.328;119.820;21.158;9.347.691;7.665.107;92.500
63.570.000;94.980;-0.0199;671.327;110.300;21.137;4.413.071;3.667.798;92.500
63.575.000;95.317;-0.0201;671.326;106.820;20.985;69.562.168;15.243.912;0    9.2500
63.580.000;95.653;-0.0203;671.326;104.130;20.833;68.376.855;15.131.252;0    9.2500
63.585.000;95.905;-0.0205;671.325;100.450;20.785;67.730.840;15.069.850;0    9.2500
63.590.000;95.899;-0.0206;671.324;104.040;20.820;64.934.883;14.804.319;0    9.2500
63.595.000;95.911;-0.0208;671.324;104.800;20.661;62.354.688;14.559.502;0    9.2500
63.600.000;96.118;-0.0210;671.324;119.760;20.472;63.270.820;14.646.394;0    9.2500
63.605.000;96.322;-0.0212;671.324;131.470;20.542;64.088.438;14.723.965;0    9.2500
63.610.000;96.524;-0.0214;671.324;140.330;20.610;64.910.137;14.801.930;0    9.2500
63.615.000;96.726;-0.0217;671.324;146.380;20.635;65.735.957;14.880.333;0    9.2500
63.620.000;96.918;-0.0219;671.324;152.410;20.611;65.919.297;14.897.735;0    9.2500
63.625.000;97.015;-0.0221;671.324;152.360;20.575;60.819.346;14.413.876;0    9.2500
63.630.000;97.116;-0.0223;671.324;148.040;20.610;58.081.504;14.154.464;0    9.2500
63.635.000;97.217;-0.0225;671.324;140.100;20.618;55.453.564;13.905.712;0    9.2500
63.640.000;97.318;-0.0227;671.324;139.030;20.686;61.826.641;14.509.361;0    9.2500
63.645.000;97.419;-0.0230;671.324;136.390;20.755;64.127.305;14.727.585;0    9.2500
63.650.000;97.520;-0.0232;671.448;143.840;20.773;56.639.727;14.017.939;0    9.2500
63.655.000;97.621;-0.0234;671.589;158.160;20.748;48.265.039;13.226.427;0    9.2500
63.660.000;97.724;-0.0236;671.605;164.830;20.668;44.019.365;12.826.087;0    9.2500
63.665.000;97.837;-0.0237;671.620;170.230;20.656;48.460.830;13.244.891;0    9.2500
63.670.000;97.949;-0.0235;671.620;170.180;20.725;52.092.871;13.587.875;0    9.2500
63.675.000;98.061;-0.0234;671.605;164.050;20.872;50.822.715;13.467.869;0    9.2500
63.680.000;98.173;-0.0232;671.589;164.010;20.934;47.417.734;13.146.443;0    9.2500
63.685.000;98.283;-0.0230;671.450;162.300;21.017;50.653.750;13.451.895;0    9.2500
63.690.000;98.410;-0.0226;671.535;157.840;21.086;50.504.395;13.437.790;0    9.2500
63.695.000;98.536;-0.0210;672.212;162.300;21.162;51.063.281;13.490.565;0    9.2500
63.700.000;98.663;-0.0194;673.512;163.830;21.295;17.345.801;10.326.700;0    9.2500
63.705.000;98.789;-0.0172;675.842;172.410;21.897;4.110.352;37.150.181;92.500
63.710.000;98.915;-0.0132;678.680;187.350;22.663;6.599.587;13.611.661;92.500
63.715.000;99.041;-0.0073;682.299;206.430;24.116;1.600.271;9.512.222;92.500
63.720.000;99.215;0.0010;686.853;236.590;25.754;4.866.147;3.990.240;92.500
63.725.000;99.432;0.0093;692.704;253.070;26.831;4.539.444;3.722.344;92.500
63.730.000;99.649;0.0175;700.908;285.950;26.123;4.365.409;3.579.635;92.500
63.735.000;99.865;0.0387;712.917;319.530;25.152;9.550.806;16.031.660;92.500
63.740.000;100.079;0.0942;729.415;370.150;24.285;7.813.192;6.406.818;92.500
63.745.000;100.301;0.1497;742.580;446.630;23.578;1.162.684;1.005.283;92.500
63.750.000;100.690;0.1871;759.665;581.300;23.225;204.130;190.772;92.500
63.755.000;102.013;0.2061;776.969;661.340;22.867;114.572;109.250;92.500
63.760.000;104.781;0.2252;789.650;771.180;22.663;84.677;81.798;92.500
63.765.000;106.878;0.2497;799.214;807.780;22.783;88.274;85.351;92.500
63.770.000;104.185;0.2764;806.770;818.220;22.542;103.289;99.050;92.500
63.775.000;102.900;0.2997;819.447;807.760;22.453;98.776;94.735;92.500
63.780.000;106.392;0.2994;838.277;792.700;22.668;78.945;76.582;92.500
63.785.000;113.683;0.2994;846.307;801.350;22.739;63.095;62.233;92.500
63.790.000;117.355;0.2994;850.862;848.290;22.776;50.427;50.391;92.500
63.795.000;113.895;0.3006;851.909;865.600;22.864;44.114;44.097;92.500
63.800.000;104.830;0.2864;856.778;854.110;23.391;50.862;49.978;92.500
63.805.000;108.327;0.2774;852.524;825.480;23.935;63.204;61.926;92.500
63.810.000;113.581;0.2675;833.523;783.990;24.460;78.541;76.833;92.500
63.815.000;117.254;0.2322;809.281;729.300;25.243;115.412;111.692;92.500
63.820.000;107.561;0.1480;788.139;644.300;26.660;146.281;139.053;92.500
63.825.000;105.168;0.0698;768.494;551.740;28.042;179.895;169.427;92.500
63.830.000;102.545;-0.0053;750.936;475.210;29.005;261.765;242.921;92.500
63.835.000;97.670;-0.0074;729.069;392.690;29.336;442.192;399.963;92.500
63.840.000;96.805;-0.0076;712.800;316.480;29.285;887.490;776.077;92.500
63.845.000;97.107;-0.0056;701.246;271.920;29.284;1.639.994;1.391.920;92.500
63.850.000;98.252;-0.0036;694.518;259.730;29.245;3.123.689;2.566.357;92.500
63.855.000;98.020;-0.0021;689.832;240.100;29.331;3.495.598;2.866.390;92.500
63.860.000;96.941;-0.0030;687.203;232.550;29.175;3.670.746;3.010.012;92.500
63.865.000;96.116;-0.0042;685.639;225.010;29.303;3.666.432;3.006.474;92.500
63.870.000;97.091;-0.0055;684.450;223.070;29.584;3.769.552;3.091.033;92.500
63.875.000;98.386;-0.0049;683.763;216.950;29.455;3.955.385;3.243.416;92.500
63.880.000;99.106;-0.0018;683.683;216.900;29.024;4.203.455;3.446.833;92.500
63.885.000;98.991;0.0030;684.906;216.850;28.090;5.597.760;4.590.163;92.500
63.890.000;98.896;0.0241;688.180;216.800;27.388;8.121.543;6.659.665;92.500
63.895.000;98.998;0.0611;694.132;225.070;26.542;5.007.549;4.106.190;92.500
63.900.000;99.113;0.1064;701.829;262.930;25.747;2.811.875;2.322.908;92.500
63.905.000;99.229;0.1498;710.057;333.080;25.310;1.060.860;920.953;92.500
63.910.000;99.493;0.1734;717.221;405.070;26.304;253.939;235.370;92.500
63.915.000;99.299;0.1187;722.691;454.310;27.443;105.237;100.324;92.500
63.920.000;99.096;0.0617;725.765;473.190;28.396;66.265;64.081;92.500
63.925.000;99.387;0.0123;725.974;444.650;28.484;70.046;67.646;92.500
63.930.000;99.600;0.0232;724.376;407.100;27.529;125.428;47.631;92.500
63.935.000;99.826;0.0564;724.622;374.450;26.669;775.458;318.846;92.500
63.940.000;100.059;0.1098;727.405;354.990;25.811;1.373.763;628.464;92.500
63.945.000;99.859;0.1544;735.642;373.510;24.983;1.733.628;837.851;92.500
63.950.000;99.745;0.2054;746.878;465.060;24.436;1.263.591;566.249;92.500
63.955.000;99.969;0.2173;762.902;550.560;24.159;869.033;362.827;92.500
63.960.000;100.268;0.2372;783.309;630.580;23.897;597.676;237.161;92.500
63.965.000;100.554;0.2730;805.558;691.400;23.286;343.609;131.869;92.500
63.970.000;103.482;0.2900;829.547;729.090;22.976;189.220;71.138;92.500
63.975.000;109.527;0.2988;851.807;757.060;22.794;104.201;40.219;92.500
63.980.000;115.488;0.3057;870.105;789.390;22.425;68.014;26.844;92.500
63.985.000;120.212;0.3172;887.050;828.290;22.212;48.751;19.600;92.500
63.990.000;121.581;0.3188;899.228;871.690;22.069;40.576;16.435;92.500
63.995.000;122.745;0.3034;907.625;915.080;21.742;36.025;14.663;92.500
64.000.000;131.741;0.3030;912.620;958.480;21.140;33.676;13.772;92.500
64.005.000;126.135;0.3178;913.077;1.001.880;20.463;31.917;13.060;92.500
64.010.000;117.004;0.3521;913.077;1.045.280;20.319;33.119;13.456;92.500
64.015.000;107.908;0.3895;913.077;1.088.680;20.553;30.104;12.099;92.500
64.020.000;99.700;0.3812;913.077;1.132.070;20.984;26.312;10.483;92.500
64.025.000;98.045;0.3656;913.077;1.172.220;21.695;23.436;0.9342;92.500
64.030.000;97.067;0.3501;913.077;1.176.250;22.385;21.395;0.8536;92.500
64.035.000;96.140;0.3318;913.077;1.134.930;22.798;19.901;0.7944;92.500
64.040.000;94.119;0.3013;908.819;1.061.720;22.933;18.649;0.7434;92.500
64.045.000;93.965;0.2929;898.386;1.001.380;23.005;19.364;0.7710;92.500
64.050.000;94.399;0.2767;884.512;944.370;22.940;20.858;0.8294;92.500
64.055.000;94.611;0.2532;864.921;903.640;23.560;22.460;0.8916;92.500
64.060.000;97.558;0.2205;843.085;854.970;24.176;28.110;11.143;92.500
64.065.000;100.201;0.2380;820.467;824.260;23.865;35.620;14.083;92.500
64.070.000;94.712;0.2715;807.319;804.180;23.533;39.450;15.422;92.500
64.075.000;94.395;0.2610;798.666;791.150;23.924;43.692;17.020;92.500
64.080.000;96.389;0.2382;794.163;768.510;24.453;46.631;18.182;92.500
64.085.000;98.091;0.2086;793.539;739.600;24.601;39.310;15.446;92.500
64.090.000;97.284;0.1952;796.310;701.930;24.422;36.328;14.291;92.500
64.095.000;95.610;0.2111;800.252;663.920;24.335;47.525;18.499;92.500
64.100.000;94.313;0.2317;804.114;657.750;24.260;59.778;23.064;92.500
64.105.000;95.094;0.2413;798.346;654.850;24.101;78.993;30.253;92.500
64.110.000;95.720;0.2332;795.113;647.250;24.494;68.780;26.476;92.500
64.115.000;96.955;0.2193;792.219;645.310;25.088;50.408;19.624;92.500
64.120.000;99.026;0.2030;788.119;631.000;26.224;42.399;16.644;92.500
64.125.000;99.336;0.1767;783.004;615.880;26.131;35.685;14.089;92.500
64.130.000;97.488;0.1505;775.934;600.760;26.162;36.698;14.437;92.500
64.135.000;94.949;0.1300;767.715;572.000;25.873;36.823;14.429;92.500
64.140.000;94.324;0.1556;759.454;541.320;25.604;61.379;23.663;92.500
64.145.000;93.664;0.1808;749.538;482.110;24.933;95.041;36.123;92.500
64.150.000;93.483;0.1660;739.652;458.740;25.745;119.760;45.186;92.500
64.155.000;94.219;0.0749;729.503;450.050;27.899;109.594;41.503;92.500
64.160.000;95.205;0.0130;719.328;417.370;27.362;104.969;39.856;92.500
64.165.000;94.327;-0.0079;710.427;366.820;26.033;173.512;64.786;92.500
64.170.000;92.914;-0.0153;701.624;302.300;24.362;425.122;383.414;92.500
64.175.000;92.821;-0.0186;692.953;249.070;22.632;1.828.021;1.541.041;92.500
64.180.000;92.984;-0.0197;685.562;224.560;20.853;2.312.931;10.096.603;92.500
64.185.000;93.180;-0.0195;679.967;195.870;20.628;7.680.325;6.297.866;92.500
64.190.000;93.372;-0.0194;676.296;176.150;20.686;5.137.661;4.212.882;92.500
64.195.000;93.565;-0.0193;673.876;161.020;20.710;3.632.642;43.978.765;92.500
64.200.000;93.746;-0.0191;672.258;145.290;20.747;8.500.215;47.970.176;92.500
64.205.000;93.910;-0.0190;671.507;137.990;20.772;4.388.042;44.598.193;92.500
64.210.000;93.952;-0.0188;671.325;132.950;20.697;1.913.589;42.569.141;92.500
64.215.000;93.997;-0.0182;671.325;132.860;20.655;437.373;49.558.647;92.500
64.220.000;94.043;-0.0177;671.325;132.760;20.698;6.642.246;46.446.641;92.500
64.225.000;94.089;-0.0180;671.325;132.670;20.704;20.337;49.216.675;92.500
64.230.000;94.135;-0.0182;671.325;132.580;20.727;3.423.975;52.007.661;92.500
64.235.000;94.180;-0.0184;671.325;132.490;20.756;6.132.847;54.228.936;92.500
64.240.000;94.226;-0.0186;671.325;132.390;20.560;8.580.435;56.235.957;92.500
64.245.000;94.272;-0.0188;671.325;132.310;20.603;201.943;57.565.591;92.500
64.250.000;94.318;-0.0190;671.325;132.220;20.619;1.749.507;58.834.595;92.500
64.255.000;94.364;-0.0192;671.325;132.130;20.577;3.331.191;60.131.577;92.500
64.260.000;94.410;-0.0194;671.325;132.020;20.473;5.097.637;61.580.063;92.500
64.265.000;94.455;-0.0196;671.325;131.820;20.638;8.025.400;55.780.830;92.500
64.270.000;94.504;-0.0199;671.325;125.780;20.761;4.171.958;60.821.006;92.500
64.275.000;94.682;-0.0201;671.325;122.680;20.641;4.326.045;69.147.358;92.500
64.280.000;94.872;-0.0203;671.325;119.510;20.684;7.509.639;79.957.905;92.500
64.285.000;94.841;-0.0205;671.325;119.420;20.606;5.944.131;86.874.189;92.500
64.290.000;94.808;-0.0205;671.325;113.250;20.645;18.494.805;97.165.742;92.500
64.295.000;94.772;-0.0205;671.325;113.160;20.704;16.167.217;95.257.119;92.500
64.300.000;94.734;-0.0205;671.325;113.070;20.670;13.509.883;93.078.105;92.500
64.305.000;94.752;-0.0205;671.325;112.970;20.662;24.065.322;10.173.356;0    9.2500
64.310.000;94.894;-0.0205;671.325;112.890;20.673;35.873.691;11.141.642;0    9.2500
64.315.000;94.901;-0.0205;671.324;115.130;20.745;45.391.523;11.922.104;0    9.2500
64.320.000;94.900;-0.0205;671.324;118.780;20.847;50.524.316;12.342.994;0    9.2500
64.325.000;94.900;-0.0205;671.324;118.680;20.867;50.453.965;12.337.224;0    9.2500
64.330.000;94.900;-0.0205;671.324;124.690;20.926;52.599.102;12.513.126;0    9.2500
64.335.000;94.900;-0.0205;671.324;124.590;21.019;54.458.916;12.665.630;0    9.2500
64.340.000;94.900;-0.0205;671.324;124.500;21.057;56.341.396;12.819.994;0    9.2500
64.345.000;94.900;-0.0205;671.324;124.390;20.912;58.246.777;12.976.235;0    9.2500
64.350.000;94.900;-0.0205;671.324;124.320;20.778;60.178.623;13.134.647;0    9.2500
64.355.000;94.900;-0.0205;671.324;124.220;20.655;62.142.588;13.295.692;0    9.2500
64.360.000;94.897;-0.0206;671.324;124.130;20.694;64.127.305;13.458.438;0    9.2500
64.365.000;95.018;-0.0206;671.324;124.040;20.689;62.574.688;13.331.124;0    9.2500
64.370.000;95.162;-0.0206;671.324;117.870;20.584;61.018.242;13.203.496;0    9.2500
64.375.000;95.307;-0.0207;671.324;117.780;20.640;58.866.650;13.027.065;0    9.2500
64.380.000;95.452;-0.0207;671.324;117.690;20.697;61.787.588;13.266.582;0    9.2500
64.385.000;95.537;-0.0208;671.324;117.600;20.672;67.730.840;13.753.928;0    9.2500
64.390.000;95.594;-0.0208;671.324;117.500;20.700;64.798.809;13.513.502;0    9.2500
64.395.000;95.649;-0.0208;671.324;118.410;20.631;12.232.754;92.030.859;92.500
64.400.000;95.706;-0.0209;671.324;123.400;20.755;13.658.516;93.199.980;92.500
64.405.000;95.762;-0.0209;671.325;127.180;20.830;17.215.146;96.116.416;92.500
64.410.000;95.818;-0.0209;671.325;129.300;20.888;12.232.754;92.030.859;92.500
64.415.000;95.874;-0.0209;671.325;135.950;20.824;22.418.740;10.038.336;0    9.2500
64.420.000;95.930;-0.0208;671.325;141.280;20.922;23.755.332;10.147.937;0    9.2500
64.425.000;95.986;-0.0208;671.325;144.720;20.972;17.215.146;96.116.416;92.500
64.430.000;96.042;-0.0207;671.324;147.170;21.010;22.717.256;10.062.814;0    9.2500
64.435.000;96.098;-0.0207;671.324;153.170;21.038;41.733.975;11.622.185;0    9.2500
64.440.000;96.154;-0.0206;671.324;153.070;20.952;63.697.588;13.423.202;0    9.2500
64.445.000;96.211;-0.0206;671.324;152.980;20.874;77.089.629;14.521.349;0    9.2500
64.450.000;96.266;-0.0205;671.324;152.870;20.889;36.460.908;11.189.793;0    9.2500
64.455.000;96.300;-0.0206;671.324;146.720;20.819;48.642.021;12.188.645;0    9.2500
64.460.000;96.300;-0.0206;671.324;145.200;20.891;63.691.924;13.422.737;0    9.2500
64.465.000;96.300;-0.0207;671.324;140.460;20.950;79.023.125;14.679.896;0    9.2500
64.470.000;96.300;-0.0208;671.324;136.060;20.928;77.089.629;14.521.349;0    9.2500
64.475.000;96.300;-0.0209;671.324;134.190;20.812;75.153.223;14.362.564;0    9.2500
64.480.000;96.300;-0.0209;671.324;134.100;20.698;73.372.070;14.216.509;0    9.2500
64.485.000;96.300;-0.0210;671.324;136.540;20.585;71.609.043;14.071.941;0    9.2500
64.490.000;96.300;-0.0211;671.324;140.000;20.483;71.413.496;14.055.906;0    9.2500
64.495.000;96.300;-0.0211;671.324;145.980;20.516;71.413.496;14.055.906;0    9.2500
64.500.000;96.299;-0.0212;671.324;151.980;20.610;71.413.496;14.055.906;0    9.2500
64.505.000;96.301;-0.0213;671.324;151.880;20.705;71.413.496;14.055.906;0    9.2500
64.510.000;96.430;-0.0213;671.324;151.790;20.809;71.413.496;14.055.906;0    9.2500
64.515.000;96.574;-0.0212;671.324;151.690;20.828;71.411.016;14.055.703;0    9.2500
64.520.000;96.718;-0.0211;671.324;151.190;20.860;71.423.379;14.056.716;0    9.2500
64.525.000;96.861;-0.0210;671.324;145.440;20.971;71.370.918;14.052.415;0    9.2500
64.530.000;97.005;-0.0209;671.324;145.350;21.070;73.920.605;14.261.489;0    9.2500
64.535.000;97.149;-0.0208;671.324;139.160;21.115;76.656.094;14.485.799;0    9.2500
64.540.000;97.292;-0.0207;671.324;139.000;21.170;79.023.125;14.679.896;0    9.2500
64.545.000;97.438;-0.0206;671.324;132.920;20.971;24.740.273;10.228.702;0    9.2500
64.550.000;97.386;-0.0205;671.324;129.860;20.882;31.328.564;10.768.942;0    9.2500
64.555.000;97.188;-0.0204;671.324;126.660;20.785;35.077.549;11.076.359;0    9.2500
64.560.000;96.985;-0.0203;671.324;126.560;20.739;30.416.455;10.694.149;0    9.2500
64.565.000;96.882;-0.0202;671.325;133.740;20.781;9.226.992;89.566.133;92.500
64.570.000;96.762;-0.0201;671.325;141.170;20.795;3.394.854;76.583.779;92.500
64.575.000;96.644;-0.0200;671.325;144.530;20.651;8.659.805;80.901.040;92.500
64.580.000;96.527;-0.0200;671.325;150.510;20.511;6.500.244;87.330.195;92.500
64.585.000;96.410;-0.0199;671.325;150.430;20.540;9.821.543;90.053.662;92.500
64.590.000;96.292;-0.0198;671.324;150.330;20.593;12.232.754;92.030.859;92.500
64.595.000;96.175;-0.0196;671.324;146.510;20.650;19.788.691;98.226.729;92.500
64.600.000;96.058;-0.0195;671.324;144.060;20.798;63.949.180;13.443.833;0    9.2500
64.605.000;95.940;-0.0194;671.324;137.900;20.849;74.281.914;14.291.117;0    9.2500
64.610.000;95.823;-0.0193;671.324;135.850;20.810;81.080.859;14.848.629;0    9.2500
64.615.000;95.707;-0.0192;671.324;128.240;20.788;79.742.676;14.738.899;0    9.2500
64.620.000;95.583;-0.0191;671.324;125.460;20.811;78.484.473;14.635.726;0    9.2500
64.625.000;95.346;-0.0190;671.324;119.300;20.674;77.270.000;14.536.139;0    9.2500
64.630.000;95.263;-0.0189;671.324;117.580;20.694;75.723.164;14.409.299;0    9.2500
64.635.000;95.234;-0.0189;671.324;113.040;20.759;74.130.723;14.278.718;0    9.2500
64.640.000;95.204;-0.0189;671.324;114.450;20.824;70.663.145;13.994.377;0    9.2500
64.645.000;95.173;-0.0189;671.324;116.860;20.884;47.478.223;12.093.213;0    9.2500
64.650.000;95.141;-0.0189;671.324;118.860;20.889;19.788.691;98.226.729;92.500
64.655.000;95.110;-0.0189;671.324;118.750;20.966;22.418.740;10.038.336;0    9.2500
64.660.000;95.092;-0.0189;671.324;122.830;20.969;43.585.547;11.774.014;0    9.2500
64.665.000;95.079;-0.0189;671.324;124.650;20.874;75.424.473;14.384.806;0    9.2500
64.670.000;95.067;-0.0189;671.324;125.520;20.967;79.511.953;14.719.980;0    9.2500
64.675.000;95.055;-0.0189;671.324;132.940;21.044;80.057.520;14.764.716;0    9.2500
64.680.000;95.043;-0.0189;671.324;136.530;20.863;80.604.727;14.809.587;0    9.2500
64.685.000;95.031;-0.0189;671.324;136.430;20.845;80.977.754;14.840.175;0    9.2500
64.690.000;95.019;-0.0189;671.324;142.440;20.806;76.027.754;14.434.275;0    9.2500
64.695.000;95.007;-0.0189;671.324;142.340;20.835;71.413.496;14.055.906;0    9.2500
64.700.000;94.995;-0.0189;671.324;142.250;20.907;74.190.605;14.283.629;0    9.2500
64.705.000;94.983;-0.0189;671.324;142.140;20.968;79.023.125;14.679.896;0    9.2500
64.710.000;94.971;-0.0189;671.324;142.070;21.013;69.562.168;13.904.097;0    9.2500
64.715.000;94.958;-0.0189;671.324;141.980;20.887;18.042.861;96.795.146;92.500
64.720.000;94.946;-0.0189;671.324;141.880;20.798;5.362.813;78.197.505;92.500
64.725.000;94.934;-0.0189;671.324;135.700;20.841;8.520.625;80.786.914;92.500
64.730.000;94.922;-0.0189;671.324;135.620;20.879;29.016.885;10.579.384;0    9.2500
64.735.000;94.910;-0.0189;671.324;134.140;20.771;75.176.992;14.364.513;0    9.2500
64.740.000;94.900;-0.0189;671.324;129.360;20.683;77.089.629;14.521.349;0    9.2500
64.745.000;94.900;-0.0189;671.324;129.270;20.748;77.089.629;14.521.349;0    9.2500
64.750.000;94.900;-0.0189;671.324;123.100;20.661;76.926.719;14.507.991;0    9.2500
64.755.000;94.900;-0.0189;671.324;123.010;20.695;76.763.008;14.494.566;0    9.2500
64.760.000;94.900;-0.0189;671.324;122.920;20.769;76.599.434;14.481.153;0    9.2500
64.765.000;94.900;-0.0189;671.324;122.830;20.752;76.436.016;14.467.752;0    9.2500
64.770.000;94.900;-0.0189;671.324;122.730;20.802;76.272.754;14.454.365;0    9.2500
64.775.000;94.899;-0.0189;671.324;122.640;20.770;76.109.648;14.440.991;0    9.2500
64.780.000;94.906;-0.0190;671.324;122.550;20.784;75.946.680;14.427.627;0    9.2500
64.785.000;95.072;-0.0191;671.324;126.060;20.708;75.783.867;14.414.277;0    9.2500
64.790.000;95.241;-0.0192;671.324;128.450;20.779;75.621.523;14.400.964;0    9.2500
64.795.000;95.409;-0.0193;671.324;134.440;20.835;75.460.898;14.387.793;0    9.2500
64.800.000;95.523;-0.0194;671.324;134.350;20.867;75.295.352;14.374.218;0    9.2500
64.805.000;95.626;-0.0195;671.324;134.260;20.773;74.947.148;14.345.666;0    9.2500
64.810.000;95.727;-0.0196;671.324;134.150;20.677;74.080.586;14.274.608;0    9.2500
64.815.000;95.828;-0.0197;671.324;134.070;20.720;73.218.320;14.203.902;0    9.2500
64.820.000;95.928;-0.0198;671.324;133.980;20.628;72.360.332;14.133.546;0    9.2500
64.825.000;96.029;-0.0199;671.324;130.960;20.610;71.419.922;14.056.433;0    9.2500
64.830.000;96.130;-0.0200;671.324;127.720;20.722;72.463.496;14.142.006;0    9.2500
64.835.000;96.230;-0.0201;671.324;127.630;20.720;73.638.223;14.238.334;0    9.2500
64.840.000;96.331;-0.0202;671.324;121.460;20.760;74.830.176;14.336.074;0    9.2500
64.845.000;96.431;-0.0203;671.324;121.370;20.856;76.027.930;14.434.290;0    9.2500
64.850.000;96.532;-0.0204;671.324;121.280;20.944;77.089.629;14.521.349;0    9.2500
64.855.000;96.633;-0.0204;671.324;115.100;20.951;77.118.516;14.523.717;0    9.2500
64.860.000;96.733;-0.0205;671.324;115.840;20.881;77.024.160;14.515.981;0    9.2500
64.865.000;96.833;-0.0206;671.324;121.000;20.901;77.209.766;14.531.200;0    9.2500
64.870.000;96.901;-0.0207;671.324;120.910;20.799;52.113.799;12.473.331;0    9.2500
64.875.000;96.900;-0.0208;671.324;126.890;20.864;60.788.164;13.184.628;0    9.2500
64.880.000;96.900;-0.0209;671.324;127.300;20.932;75.920.449;14.425.476;0    9.2500
64.885.000;96.900;-0.0210;671.324;132.800;20.969;79.173.047;14.692.189;0    9.2500
64.890.000;96.916;-0.0210;671.324;136.060;20.903;79.067.773;14.683.557;0    9.2500
64.895.000;96.933;-0.0211;671.324;138.690;20.881;79.129.805;14.688.643;0    9.2500
64.900.000;96.951;-0.0212;671.324;138.600;20.755;28.984.424;10.576.722;0    9.2500
64.905.000;96.968;-0.0213;671.324;138.510;20.689;9.821.543;90.053.662;92.500
64.910.000;96.985;-0.0214;671.324;138.420;20.704;14.696.895;94.051.455;92.500
64.915.000;97.002;-0.0214;671.324;138.330;20.759;4.017.725;85.294.531;92.500
64.920.000;97.019;-0.0215;671.324;138.230;20.775;75.176.992;14.364.513;0    9.2500
64.925.000;97.036;-0.0216;671.325;136.890;20.850;77.089.629;14.521.349;0    9.2500
64.930.000;97.053;-0.0217;671.325;131.980;20.823;5.638.447;70.223.525;92.500
64.935.000;97.070;-0.0218;671.325;131.880;20.845;3.847.813;52.355.205;92.500
64.940.000;97.087;-0.0218;671.325;125.710;20.919;318.213;49.460.933;92.500
64.945.000;97.104;-0.0219;671.325;125.620;20.992;5.855.273;54.001.323;92.500
64.950.000;97.121;-0.0220;671.325;125.530;20.933;5.782.305;70.341.489;92.500
64.955.000;97.138;-0.0221;671.325;129.240;20.856;38.344.609;11.344.257;0    9.2500
64.960.000;97.155;-0.0221;671.324;131.430;20.851;60.601.201;13.169.298;0    9.2500
64.965.000;97.172;-0.0222;671.324;131.920;20.825;52.113.799;12.473.331;0    9.2500
64.970.000;97.189;-0.0223;671.324;137.330;20.736;77.728.125;14.573.706;0    9.2500
64.975.000;97.206;-0.0224;671.324;140.690;20.751;79.023.125;14.679.896;0    9.2500
64.980.000;97.223;-0.0224;671.324;143.220;20.764;67.730.840;13.753.928;0    9.2500
64.985.000;97.240;-0.0225;671.324;143.130;20.552;72.384.160;14.135.501;0    9.2500
64.990.000;97.257;-0.0226;671.324;141.360;20.549;77.849.473;14.583.656;0    9.2500
64.995.000;97.274;-0.0226;671.324;137.910;20.475;82.953.711;15.002.204;0    9.2500
65.000.000;97.291;-0.0227;671.324;140.330;20.608;79.933.633;14.754.557;0    9.2500
65.005.000;97.306;-0.0228;671.324;142.760;20.662;77.215.313;14.531.655;0    9.2500
65.010.000;97.326;-0.0229;671.324;142.670;20.659;74.538.047;14.312.120;0    9.2500
65.015.000;97.347;-0.0229;671.324;139.790;20.692;71.901.230;14.095.900;0    9.2500
65.020.000;97.367;-0.0228;671.324;136.410;20.595;69.562.168;13.904.097;0    9.2500
65.025.000;97.388;-0.0228;671.324;136.320;20.544;72.909.102;14.178.545;0    9.2500
65.030.000;97.408;-0.0227;671.324;135.210;20.664;76.705.430;14.489.844;0    9.2500
65.035.000;97.429;-0.0226;671.324;130.060;20.806;80.770.996;14.823.221;0    9.2500
65.040.000;97.449;-0.0226;671.324;129.970;20.874;79.125.469;14.688.288;0    9.2500
65.045.000;97.469;-0.0225;671.324;129.870;20.929;77.089.629;14.521.349;0    9.2500
65.050.000;97.490;-0.0226;671.324;129.790;20.953;75.076.914;14.356.306;0    9.2500
65.055.000;97.482;-0.0227;671.324;129.700;20.907;73.483.223;14.225.624;0    9.2500
65.060.000;97.446;-0.0228;671.324;129.600;20.745;76.267.383;14.453.924;0    9.2500
65.065.000;97.411;-0.0228;671.324;129.500;20.584;77.089.629;14.521.349;0    9.2500
65.070.000;97.375;-0.0229;671.324;135.510;20.474;76.550.156;14.477.112;0    9.2500
65.075.000;97.339;-0.0230;671.324;135.410;20.433;76.131.855;14.442.812;0    9.2500
65.080.000;97.298;-0.0231;671.324;135.320;20.457;75.715.410;14.408.663;0    9.2500
65.085.000;97.600;-0.0232;671.324;135.210;20.586;75.301.094;14.374.689;0    9.2500
65.090.000;97.906;-0.0233;671.324;129.060;20.744;74.887.754;14.340.795;0    9.2500
65.095.000;98.148;-0.0234;671.324;127.510;20.903;74.475.391;14.306.981;0    9.2500
65.100.000;98.500;-0.0234;671.324;119.910;20.965;74.066.055;14.273.416;0    9.2500
65.105.000;98.889;-0.0235;671.324;116.630;20.887;73.676.074;14.241.437;0    9.2500
65.110.000;98.938;-0.0236;671.324;116.530;20.816;73.300.664;14.210.654;0    9.2500
65.115.000;98.968;-0.0237;671.324;110.360;20.745;74.938.496;14.344.957;0    9.2500
65.120.000;99.000;-0.0238;671.324;110.270;20.673;51.366.270;12.412.034;0    9.2500
65.125.000;99.032;-0.0238;671.324;106.200;20.594;37.912.783;11.308.847;0    9.2500
65.130.000;99.065;-0.0239;671.324;104.000;20.494;72.432.461;14.139.461;0    9.2500
65.135.000;99.097;-0.0240;671.324;104.710;20.410;66.822.617;13.679.454;0    9.2500
65.140.000;99.100;-0.0241;671.324;112.130;20.464;80.977.754;14.840.175;0    9.2500
65.145.000;99.100;-0.0240;671.325;115.900;20.526;3.483.076;76.656.123;92.500
65.150.000;99.100;-0.0239;671.325;121.870;20.644;4.246.289;60.881.958;92.500
65.155.000;99.100;-0.0237;671.325;128.320;20.707;504.404;49.613.613;92.500
65.160.000;99.100;-0.0235;671.325;135.740;20.632;796.060;33.452.769;92.500
65.165.000;99.100;-0.0233;671.325;139.850;20.664;2.678.345;26.796.243;92.500
65.170.000;99.100;-0.0232;671.325;139.740;20.710;8.569.268;23.426.799;92.500
65.175.000;99.100;-0.0230;671.325;139.670;20.721;1.639.517;25.944.404;92.500
65.180.000;99.100;-0.0228;671.325;139.570;20.696;4.350.503;36.367.412;92.500
65.185.000;99.100;-0.0226;671.325;139.480;20.684;6.640.459;71.045.176;92.500
65.190.000;99.100;-0.0225;671.325;139.390;20.697;26.129.590;10.342.626;0    9.2500
65.195.000;99.100;-0.0223;671.324;139.300;20.749;57.448.770;12.910.798;0    9.2500
65.200.000;99.100;-0.0221;671.324;133.130;20.917;80.305.313;14.785.035;0    9.2500
65.205.000;99.100;-0.0220;671.324;133.040;21.067;70.046.973;13.943.851;0    9.2500
65.210.000;99.100;-0.0218;671.324;137.030;21.147;74.123.359;14.278.115;0    9.2500
65.215.000;99.110;-0.0206;671.324;145.010;21.353;76.662.793;14.486.348;0    9.2500
65.220.000;99.203;-0.0185;671.324;157.960;21.635;47.695.732;12.111.049;0    9.2500
65.225.000;99.297;-0.0158;671.324;163.070;21.944;28.898.857;10.569.706;0    9.2500
65.230.000;99.391;-0.0129;671.325;162.980;22.501;27.853.330;10.483.972;0    9.2500
65.235.000;99.484;-0.0100;671.325;156.800;23.610;9.056.992;73.026.733;92.500
65.240.000;99.580;-0.0070;671.325;150.640;25.304;8.431.484;64.313.818;92.500
65.245.000;99.670;-0.0041;671.326;148.560;27.172;5.115.898;28.795.037;92.500
65.250.000;99.913;-0.0025;671.326;144.380;28.485;8.441.938;15.122.389;92.500
65.255.000;99.901;-0.0009;671.327;138.190;28.833;8.695.845;7.130.593;92.500
65.260.000;99.900;0.0007;671.393;138.330;28.975;5.538.790;4.541.808;92.500
65.265.000;99.877;0.0004;671.862;145.760;29.298;2.435.532;10.197.136;92.500
65.270.000;99.797;-0.0012;672.638;156.270;29.145;8.870.219;7.273.580;92.500
65.275.000;99.718;-0.0029;673.897;166.680;28.848;7.545.818;6.187.571;92.500
65.280.000;99.638;-0.0009;675.571;180.300;28.579;6.133.289;5.029.297;92.500
65.285.000;99.559;0.0011;677.502;188.920;28.493;4.071.939;3.338.990;92.500
65.290.000;99.479;0.0026;679.502;203.860;28.488;2.188.318;1.830.742;92.500
65.295.000;99.400;0.0026;681.522;214.610;28.305;1.146.138;990.839;92.500
65.300.000;99.321;0.0018;683.003;222.490;28.081;1.069.342;927.608;92.500
65.305.000;99.241;0.0025;684.061;223.380;28.041;1.037.682;901.448;92.500
65.310.000;99.162;0.0041;684.640;228.390;28.067;1.294.906;1.112.500;92.500
65.315.000;99.082;0.0057;684.847;224.440;27.990;1.842.820;1.555.191;92.500
65.320.000;99.003;0.0073;684.846;222.120;28.126;2.624.460;2.174.880;92.500
65.325.000;98.923;0.0095;684.834;222.040;27.907;3.738.970;3.065.956;92.500
65.330.000;98.975;0.0233;684.708;221.950;27.300;4.443.521;3.643.687;92.500
65.335.000;99.125;0.0413;685.162;221.850;26.626;3.055.282;2.511.930;92.500
65.340.000;99.275;0.0592;686.103;221.750;25.875;1.397.780;1.196.327;92.500
65.345.000;99.425;0.0467;688.741;222.290;25.124;435.353;394.560;92.500
65.350.000;99.500;0.0330;693.057;237.230;25.334;365.073;333.666;92.500
65.355.000;99.386;0.0187;698.740;255.360;25.515;367.387;335.640;92.500
65.360.000;99.157;0.0354;705.311;324.720;24.878;541.085;485.190;92.500
65.365.000;98.929;0.0639;712.082;373.280;24.366;2.474.995;2.057.209;92.500
65.370.000;98.700;0.0925;718.370;412.500;23.914;3.700.608;3.034.499;92.500
65.375.000;98.471;0.1319;724.145;427.430;23.608;1.279.965;1.099.929;92.500
65.380.000;98.243;0.1729;728.114;429.510;23.301;621.779;389.910;92.500
65.385.000;98.014;0.2140;731.526;421.550;23.000;302.047;167.158;92.500
65.390.000;98.283;0.2507;739.547;413.220;22.842;166.746;81.671;92.500
65.395.000;99.052;0.2818;754.034;405.650;22.754;104.611;47.629;92.500
65.400.000;99.838;0.3090;779.333;456.570;22.524;66.441;29.315;92.500
65.405.000;100.978;0.3281;806.461;589.340;22.292;47.126;20.423;92.500
65.410.000;103.332;0.3366;833.530;720.330;22.005;37.653;16.166;92.500
65.415.000;107.387;0.3482;860.880;797.890;21.469;36.328;15.708;92.500
65.420.000;113.174;0.3615;885.199;842.680;21.321;37.070;16.151;92.500
65.425.000;118.965;0.3745;902.960;876.660;21.746;41.373;18.289;92.500
65.430.000;125.525;0.3869;913.077;925.130;22.370;43.708;19.430;92.500
65.435.000;118.786;0.3967;913.077;979.890;23.109;32.512;14.351;92.500
65.440.000;108.666;0.2972;913.077;1.036.220;23.333;35.110;15.227;92.500
65.445.000;98.565;0.2321;913.077;1.088.750;23.492;46.693;20.149;92.500
65.450.000;97.655;0.3006;913.077;1.113.220;23.185;44.524;19.131;92.500
65.455.000;98.893;0.3330;901.824;1.088.990;23.062;39.221;16.759;92.500
65.460.000;99.688;0.3106;882.841;985.530;23.349;30.921;13.284;92.500
65.465.000;99.907;0.2542;869.309;905.080;23.697;24.377;10.541;92.500
65.470.000;99.801;0.2417;855.276;835.460;23.932;21.946;0.9515;92.500
65.475.000;99.710;0.2456;840.876;783.650;23.886;23.841;10.313;92.500
65.480.000;99.879;0.2589;827.457;742.000;23.928;29.916;12.867;92.500
65.485.000;100.081;0.2756;814.305;720.660;24.320;38.579;16.500;92.500
65.490.000;100.214;0.2870;813.689;700.450;24.479;36.160;15.474;92.500
65.495.000;101.333;0.2574;818.634;689.220;25.095;33.221;14.278;92.500
65.500.000;102.297;0.2073;817.099;680.840;25.880;34.367;14.776;92.500
65.505.000;102.156;0.1616;815.188;687.510;27.201;37.188;15.945;92.500
65.510.000;101.741;0.1160;813.462;692.830;27.581;44.938;19.443;92.500
65.515.000;101.334;0.0703;809.695;689.190;27.765;56.835;24.908;92.500
65.520.000;100.936;0.0492;803.380;680.470;27.831;64.721;28.556;92.500
65.525.000;100.532;0.0499;793.903;666.550;27.573;88.776;39.836;92.500
65.530.000;100.120;0.0600;782.723;625.310;27.417;128.385;60.524;92.500
65.535.000;100.023;0.0507;770.452;579.050;27.542;204.858;103.991;92.500
65.540.000;99.896;0.0310;757.351;522.050;27.262;377.288;218.990;92.500
65.545.000;99.899;0.0091;744.099;485.460;26.851;373.205;216.165;92.500
65.550.000;99.899;0.0072;732.941;447.810;26.193;370.798;214.502;92.500
65.555.000;99.906;0.0048;723.848;407.240;25.441;593.051;369.920;92.500
65.560.000;100.050;-0.0003;716.545;370.720;24.978;615.399;385.981;92.500
65.565.000;100.075;-0.0081;710.324;351.390;24.091;668.802;424.540;92.500
65.570.000;100.016;-0.0160;704.870;329.750;22.999;819.794;535.432;92.500
65.575.000;99.959;-0.0209;700.352;309.650;21.830;1.121.123;763.598;92.500
65.580.000;99.903;-0.0223;696.314;290.550;20.984;2.277.350;1.901.274;92.500
65.585.000;99.900;-0.0224;692.015;265.920;21.070;6.158.158;5.049.689;92.500
65.590.000;99.900;-0.0222;687.409;245.270;21.180;112.998;16.492.659;92.500
65.595.000;99.900;-0.0220;683.225;220.430;21.297;3.623.245;27.571.060;92.500
65.600.000;99.900;-0.0218;679.542;193.920;21.135;427.778;8.550.778;92.500
65.605.000;99.898;-0.0219;676.436;162.210;20.983;7.052.684;5.783.201;92.500
65.610.000;99.974;-0.0224;673.937;143.010;20.809;7.249.097;5.944.260;92.500
65.615.000;100.074;-0.0229;672.189;129.760;20.884;5.270.154;20.721.526;92.500
65.620.000;100.175;-0.0234;671.326;122.160;20.895;1.913.325;67.168.926;92.500
65.625.000;100.275;-0.0237;671.326;119.280;20.776;7.966.987;39.332.930;92.500
65.630.000;100.375;-0.0238;671.325;113.130;20.659;3.260.103;27.273.284;92.500
65.635.000;100.475;-0.0239;671.325;113.040;20.542;6.252.458;29.727.017;92.500
65.640.000;100.576;-0.0240;671.325;112.950;20.444;6.193.799;37.878.914;92.500
65.645.000;100.675;-0.0241;671.325;117.270;20.463;2.306.221;75.691.099;92.500
65.650.000;100.783;-0.0242;671.325;118.850;20.495;8.215.430;80.536.650;92.500
65.655.000;100.906;-0.0243;671.325;118.750;20.517;4.074.219;85.340.859;92.500
65.660.000;100.562;-0.0244;671.324;121.310;20.396;9.940.859;90.151.504;92.500
65.665.000;100.640;-0.0245;671.324;124.650;20.343;14.514.111;93.901.572;92.500
65.670.000;100.723;-0.0245;671.324;124.550;20.398;18.913.867;97.509.375;92.500
65.675.000;100.811;-0.0245;671.324;130.560;20.504;23.501.318;10.127.108;0    9.2500
65.680.000;100.898;-0.0245;671.324;130.460;20.621;27.537.578;10.458.081;0    9.2500
65.685.000;100.938;-0.0246;671.324;130.360;20.658;31.383.789;10.773.470;0    9.2500
65.690.000;100.976;-0.0246;671.324;130.260;20.630;34.986.406;11.068.884;0    9.2500
65.695.000;101.014;-0.0246;671.324;130.180;20.617;33.809.990;10.972.418;0    9.2500
65.700.000;101.053;-0.0246;671.324;130.090;20.604;32.697.949;10.881.231;0    9.2500
65.705.000;101.090;-0.0246;671.324;130.000;20.582;31.614.248;10.792.368;0    9.2500
65.710.000;101.183;-0.0246;671.324;129.890;20.549;30.663.203;10.714.382;0    9.2500
65.715.000;101.290;-0.0246;671.324;129.820;20.602;33.065.176;10.911.344;0    9.2500
65.720.000;101.397;-0.0246;671.324;129.730;20.487;35.005.693;11.070.466;0    9.2500
65.725.000;101.503;-0.0246;671.324;132.710;20.483;39.133.652;11.408.959;0    9.2500
65.730.000;101.610;-0.0246;671.324;140.140;20.580;43.711.338;11.784.330;0    9.2500
65.735.000;101.716;-0.0247;671.324;144.590;20.693;48.418.545;12.170.320;0    9.2500
65.740.000;101.823;-0.0247;671.324;147.610;20.719;51.974.756;12.461.929;0    9.2500
65.745.000;101.930;-0.0247;671.324;150.250;20.729;54.629.482;12.679.617;0    9.2500
65.750.000;102.036;-0.0247;671.324;153.500;20.714;57.330.576;12.901.107;0    9.2500
65.755.000;102.101;-0.0247;671.324;153.400;20.650;60.601.201;13.169.298;0    9.2500
65.760.000;102.130;-0.0247;671.324;153.310;20.654;58.866.650;13.027.065;0    9.2500
65.765.000;102.207;-0.0247;671.324;150.810;20.732;59.479.131;13.077.289;0    9.2500
65.770.000;102.279;-0.0247;671.324;147.050;20.655;59.859.834;13.108.505;0    9.2500
65.775.000;102.594;-0.0247;671.325;140.870;20.728;60.241.436;13.139.797;0    9.2500
65.780.000;102.958;-0.0247;671.325;140.150;20.808;60.601.201;13.169.298;0    9.2500
65.785.000;103.325;-0.0248;671.326;132.550;20.871;608.792;33.299.209;92.500
65.790.000;103.694;-0.0248;671.326;128.450;20.960;1.091.115;9.094.714;92.500
65.795.000;104.103;-0.0248;671.327;122.270;20.936;6.592.692;5.406.008;92.500
65.800.000;104.341;-0.0248;671.327;122.190;20.825;5.193.755;4.258.879;92.500
65.805.000;104.382;-0.0248;671.327;122.100;20.758;8.560.707;7.019.780;92.500
65.810.000;104.441;-0.0248;671.327;125.190;20.792;475.994;16.790.315;92.500
65.815.000;104.506;-0.0248;671.327;127.990;20.728;2.199.594;10.003.666;92.500
65.820.000;104.748;-0.0248;671.327;133.980;20.756;1.122.047;9.120.079;92.500
65.825.000;104.688;-0.0248;671.327;141.380;20.614;3.296.733;10.903.322;92.500
65.830.000;104.697;-0.0248;671.327;145.960;20.556;666.221;16.946.301;92.500
65.835.000;104.654;-0.0249;671.327;150.140;20.660;9.497.314;7.787.797;92.500
65.840.000;104.585;-0.0249;671.326;151.850;20.663;5.027.283;4.122.372;92.500
65.845.000;104.517;-0.0249;671.326;150.690;20.567;6.987.502;35.334.702;92.500
65.850.000;104.717;-0.0249;671.326;145.590;20.514;7.354.966;64.612.852;92.500
65.855.000;104.786;-0.0249;671.325;141.560;20.529;60.601.201;11.896.166;0    9.2500
65.860.000;104.863;-0.0249;671.324;139.320;20.543;69.562.168;12.464.920;0    9.2500
65.865.000;104.943;-0.0249;671.324;132.420;20.576;65.919.297;12.233.893;0    9.2500
65.870.000;105.021;-0.0248;671.324;126.990;20.692;55.550.059;11.574.782;0    9.2500
65.875.000;105.118;-0.0248;671.324;126.900;20.619;16.107.461;90.440.898;92.500
65.880.000;105.592;-0.0247;671.325;120.720;20.683;27.717.246;97.932.178;92.500
65.885.000;106.066;-0.0246;671.325;120.640;20.642;4.126.533;76.145.791;92.500
65.890.000;106.544;-0.0245;671.325;120.550;20.690;6.381.816;77.619.639;92.500
65.895.000;106.678;-0.0245;671.325;120.460;20.735;920.315;16.189.840;92.500
65.900.000;106.652;-0.0245;671.326;120.350;20.805;9.335.711;13.810.300;92.500
65.905.000;106.622;-0.0244;671.325;126.350;20.848;794.066;16.083.445;92.500
65.910.000;106.592;-0.0240;671.325;127.770;20.971;1.439.128;25.747.341;92.500
65.915.000;106.563;-0.0230;671.325;135.190;21.104;7.744.180;46.130.747;92.500
65.920.000;106.533;-0.0211;671.325;138.240;21.398;30.660.439;10.324.619;0    9.2500
65.925.000;106.504;-0.0192;671.325;138.140;21.776;3.484.844;71.196.318;92.500
65.930.000;106.474;-0.0172;671.325;138.050;22.134;5.670.088;44.491.587;92.500
65.935.000;106.445;-0.0125;671.325;135.360;22.943;4.983.660;28.360.481;92.500
65.940.000;106.415;-0.0059;671.326;131.790;23.727;3.667.223;18.616.653;92.500
65.945.000;106.386;0.0022;671.326;131.690;25.443;211.050;15.401.091;92.500
65.950.000;106.357;0.0191;671.345;131.610;26.101;8.320.653;12.001.580;92.500
65.955.000;106.331;0.0347;672.066;133.790;26.149;6.524.064;8.904.575;92.500
65.960.000;106.249;0.1112;673.878;144.920;25.737;287.518;24.801.985;92.500
65.965.000;106.186;0.1801;676.693;161.720;25.456;3.821.457;4.681.020;92.500
65.970.000;106.293;0.2225;680.722;181.880;25.612;707.092;627.639;92.500
65.975.000;106.407;0.1813;686.327;211.860;26.341;399.398;364.759;92.500
65.980.000;106.526;0.0978;695.098;245.190;27.363;290.542;269.179;92.500
65.985.000;106.678;0.0059;705.540;295.090;28.047;265.553;246.845;92.500
65.990.000;108.285;0.0087;712.457;345.670;28.003;398.227;364.079;92.500
65.995.000;111.454;0.0192;715.633;443.710;27.954;894.833;786.117;92.500
66.000.000;112.772;0.0420;716.612;483.460;27.981;1.975.291;1.663.758;92.500
66.005.000;104.473;0.0853;716.643;393.600;26.938;3.091.267;2.539.565;92.500
66.010.000;103.203;0.1286;716.398;303.740;26.356;3.342.692;2.741.007;92.500
66.015.000;103.340;0.1821;715.115;272.600;25.700;787.341;694.362;92.500
66.020.000;103.660;0.1613;715.575;306.680;25.505;241.620;224.902;92.500
66.025.000;104.283;0.1202;722.372;356.460;26.231;205.042;192.020;92.500
66.030.000;104.947;0.0592;732.457;420.810;26.725;220.140;205.751;92.500
66.035.000;105.131;0.0743;742.329;488.090;26.727;280.678;260.142;92.500
66.040.000;105.329;0.1159;748.732;555.610;26.318;667.202;593.735;92.500
66.045.000;105.500;0.1622;752.286;554.690;25.377;2.225.305;1.860.785;92.500
66.050.000;105.725;0.1975;755.816;525.070;24.761;594.644;532.304;92.500
66.055.000;106.024;0.2296;759.298;456.670;24.509;246.358;171.655;92.500
66.060.000;106.379;0.2598;764.957;452.220;24.372;195.488;132.948;92.500
66.065.000;106.961;0.2502;776.731;518.770;24.700;137.175;89.700;92.500
66.070.000;107.404;0.2284;796.153;591.570;25.032;138.536;90.743;92.500
66.075.000;109.161;0.2072;820.959;664.220;25.212;167.440;112.256;92.500
66.080.000;115.140;0.1980;846.540;750.480;25.263;199.342;136.881;92.500
66.085.000;119.545;0.2001;869.577;822.410;25.110;277.827;197.829;92.500
66.090.000;112.826;0.2023;889.046;878.600;24.911;260.544;183.496;92.500
66.095.000;106.846;0.2063;903.141;927.860;24.488;237.412;164.888;92.500
66.100.000;102.550;0.2231;911.101;927.960;23.702;270.226;189.627;92.500
66.105.000;106.104;0.3002;913.077;913.290;22.565;233.925;162.121;92.500
66.110.000;101.095;0.3042;913.077;901.070;21.122;137.772;89.578;92.500
66.115.000;103.733;0.3291;913.077;935.050;20.160;50.212;28.405;92.500
66.120.000;105.875;0.3519;913.077;1.030.740;19.829;38.827;21.024;92.500
66.125.000;107.878;0.3631;913.077;1.192.590;19.548;29.943;15.465;92.500
66.130.000;107.646;0.3744;913.077;1.331.160;19.240;26.996;13.643;92.500
66.135.000;107.436;0.3835;913.077;1.410.210;19.098;30.482;15.789;92.500
66.140.000;99.082;0.3742;913.077;1.478.110;19.051;36.178;19.093;92.500
66.145.000;88.456;0.3618;913.077;1.525.770;19.121;37.350;19.448;92.500
66.150.000;87.927;0.3539;913.077;1.558.200;19.274;36.060;18.628;92.500
66.155.000;87.747;0.3730;913.077;1.576.730;19.503;33.837;17.253;92.500
66.160.000;87.528;0.3808;913.077;1.599.380;19.916;32.221;16.260;92.500
66.165.000;87.435;0.3883;913.077;1.612.570;20.355;31.548;15.849;92.500
66.170.000;87.364;0.3787;913.077;1.623.560;21.202;31.043;15.541;92.500
66.175.000;87.291;0.3651;913.077;1.626.820;22.103;33.464;17.009;92.500
66.180.000;87.219;0.3627;913.077;1.623.390;23.227;36.044;18.593;92.500
66.185.000;87.152;0.3013;898.014;1.609.920;25.125;37.607;19.560;92.500
66.190.000;87.378;0.3028;884.830;1.428.450;25.023;38.990;20.432;92.500
66.195.000;88.281;0.2359;864.668;1.075.900;24.666;42.035;22.388;92.500
66.200.000;90.091;0.2240;842.214;845.610;24.390;46.267;25.178;92.500
66.205.000;92.167;0.2137;822.680;747.640;23.956;50.926;28.315;92.500
66.210.000;94.738;0.2409;802.562;694.080;23.747;53.076;29.869;92.500
66.215.000;101.807;0.2642;790.144;663.720;23.671;50.468;28.487;92.500
66.220.000;108.788;0.2772;789.008;656.230;23.908;47.622;26.905;92.500
66.225.000;115.824;0.2906;788.342;656.150;23.963;44.938;25.420;92.500
66.230.000;122.585;0.2987;796.389;655.600;24.316;44.114;25.061;92.500
66.235.000;120.591;0.2662;802.973;649.920;24.965;48.672;28.114;92.500
66.240.000;123.873;0.2387;805.939;646.560;25.702;80.617;50.080;92.500
66.245.000;127.212;0.1864;805.673;631.520;26.912;155.154;104.324;92.500
66.250.000;129.587;0.1330;799.494;625.380;26.738;100.596;64.325;92.500
66.255.000;110.560;0.1132;794.558;602.880;26.393;63.271;37.517;92.500
66.260.000;113.699;0.1526;784.298;577.570;26.317;79.167;48.621;92.500
66.265.000;110.677;0.1693;772.504;547.590;26.650;88.363;54.850;92.500
66.270.000;109.264;0.1499;760.865;509.570;27.143;67.372;40.228;92.500
66.275.000;109.838;0.1226;753.379;469.380;26.972;68.850;41.268;92.500
66.280.000;111.340;0.1164;746.818;444.010;26.925;88.313;54.861;92.500
66.285.000;113.110;0.1558;741.040;432.690;26.454;82.267;50.744;92.500
66.290.000;112.705;0.1777;736.372;430.230;27.192;72.560;43.983;92.500
66.295.000;111.219;0.0992;731.967;429.740;29.341;73.360;44.443;92.500
66.300.000;109.700;-0.0037;726.478;422.190;29.964;92.364;57.598;92.500
66.305.000;109.962;-0.0089;718.412;408.190;29.858;119.760;114.855;92.500
66.310.000;110.199;-0.0104;708.577;369.130;29.709;630.373;563.594;92.500
66.315.000;108.146;-0.0096;699.015;308.280;29.391;3.161.177;2.593.624;92.500
66.320.000;106.260;-0.0071;690.395;204.940;29.041;5.566.573;4.564.590;92.500
66.325.000;104.550;-0.0047;682.586;145.810;28.963;9.266.755;7.598.739;92.500
66.330.000;102.842;-0.0023;676.907;117.420;29.134;1.897.700;9.756.114;92.500
66.335.000;101.248;0.0001;674.245;113.440;29.477;3.428.182;11.011.110;92.500
66.340.000;100.207;0.0019;674.898;135.850;29.480;5.193.656;12.458.798;92.500
66.345.000;99.005;0.0028;677.112;175.430;29.335;7.136.060;14.051.569;92.500
66.350.000;97.790;0.0036;679.396;209.270;29.154;2.411.010;10.177.028;92.500
66.355.000;96.547;0.0043;681.657;228.640;29.051;4.930.760;4.043.223;92.500
66.360.000;95.760;0.0025;683.863;234.650;28.993;4.245.724;3.481.494;92.500
66.365.000;94.918;0.0002;685.450;234.570;28.960;3.875.729;3.178.098;92.500
66.370.000;95.425;0.0003;685.799;234.500;29.246;4.666.982;3.826.925;92.500
66.375.000;96.150;0.0022;685.471;234.420;29.137;6.956.158;5.704.049;92.500
66.380.000;96.915;0.0039;684.870;228.270;28.767;969.727;8.995.176;92.500
66.385.000;97.664;0.0105;684.242;220.840;28.821;583.210;16.878.232;92.500
66.390.000;98.755;0.0168;683.582;215.960;28.560;2.362.114;10.136.934;92.500
66.395.000;99.922;0.0230;682.981;211.810;28.414;5.233.588;4.291.542;92.500
66.400.000;101.070;0.0251;682.785;209.720;28.546;3.236.788;2.654.166;92.500
66.405.000;101.537;0.0191;683.207;209.650;28.677;2.463.578;2.048.058;92.500
66.410.000;101.424;0.0149;684.090;211.760;28.705;2.509.565;2.084.240;92.500
66.415.000;99.873;0.0123;685.651;219.160;28.512;3.433.604;2.815.555;92.500
66.420.000;98.071;0.0149;688.207;233.730;28.251;5.662.550;4.643.291;92.500
66.425.000;96.345;0.0220;691.716;246.740;28.063;4.842.651;3.970.974;92.500
66.430.000;96.266;0.0289;696.431;272.490;27.474;4.021.774;3.297.855;92.500
66.435.000;97.216;0.0603;702.930;306.710;26.969;4.057.880;3.327.462;92.500
66.440.000;98.273;0.0947;711.925;336.520;26.379;4.642.044;3.806.476;92.500
66.445.000;98.303;0.1333;723.509;373.170;26.044;1.316.805;1.129.542;92.500
66.450.000;98.632;0.1488;737.142;430.260;27.053;736.749;650.395;92.500
66.455.000;99.063;0.1350;749.577;511.290;27.683;503.417;452.797;92.500
66.460.000;98.337;0.1050;757.399;589.610;28.353;339.283;310.687;92.500
66.465.000;98.817;0.0564;760.475;622.110;29.138;310.433;285.488;92.500
66.470.000;99.871;0.0247;758.553;605.490;29.232;318.930;293.379;92.500
66.475.000;100.971;0.0195;750.581;547.760;28.673;395.864;360.661;92.500
66.480.000;100.609;0.0233;738.536;461.530;28.230;557.233;499.288;92.500
66.485.000;99.625;0.0416;724.059;390.790;27.825;527.362;473.508;92.500
66.490.000;98.664;0.0610;711.026;297.860;27.617;397.066;361.047;92.500
66.495.000;97.738;0.0748;702.806;253.640;27.938;269.268;248.483;92.500
66.500.000;96.863;0.0340;697.860;247.720;28.603;239.617;221.734;92.500
66.505.000;95.983;0.0056;695.010;272.870;28.986;333.852;305.170;92.500
66.510.000;95.122;0.0038;694.032;305.320;29.148;923.724;819.970;92.500
66.515.000;94.492;0.0030;693.247;304.090;29.354;4.957.080;4.009.028;92.500
66.520.000;94.478;0.0037;692.172;288.890;28.954;9.537.350;7.898.965;92.500
66.525.000;93.233;0.0058;690.342;258.880;28.982;1.756.583;9.856.201;92.500
66.530.000;93.314;0.0095;687.797;232.060;28.718;2.114.855;10.174.189;92.500
66.535.000;94.928;0.0256;686.135;219.160;28.101;9.287.158;7.679.773;92.500
66.540.000;94.987;0.0516;686.022;213.680;27.378;5.215.477;4.213.524;92.500
66.545.000;94.343;0.0776;688.868;213.600;26.754;1.777.632;1.450.040;92.500
66.550.000;93.159;0.1029;694.615;237.830;26.333;562.405;449.530;92.500
66.555.000;91.945;0.0912;701.462;282.510;26.579;380.922;288.332;92.500
66.560.000;91.551;0.0787;708.111;369.030;26.772;394.808;300.218;92.500
66.565.000;91.638;0.1334;714.456;425.820;25.677;441.142;340.723;92.500
66.570.000;91.753;0.1896;719.501;433.770;24.406;667.195;544.455;92.500
66.575.000;91.924;0.2458;724.629;425.910;23.333;474.536;370.316;92.500
66.580.000;92.090;0.3022;736.172;411.490;22.087;241.028;171.637;92.500
66.585.000;91.901;0.3155;740.203;398.950;22.254;122.291;78.217;92.500
66.590.000;91.685;0.3418;749.938;438.080;22.545;77.017;44.897;92.500
66.595.000;91.510;0.3272;766.645;644.440;22.621;58.218;32.232;92.500
66.600.000;91.641;0.3192;784.823;761.670;22.698;60.289;33.585;92.500
66.605.000;91.865;0.3267;805.423;842.770;23.041;66.249;37.508;92.500
66.610.000;92.560;0.3253;821.217;876.700;23.234;59.883;33.373;92.500
66.615.000;94.208;0.3178;826.935;887.310;23.359;63.030;35.530;92.500
66.620.000;93.368;0.3022;838.852;893.310;23.611;71.337;41.039;92.500
66.625.000;92.356;0.2762;842.187;884.120;24.156;88.213;52.945;92.500
66.630.000;91.345;0.2851;836.709;874.920;24.698;110.197;69.020;92.500
66.635.000;90.976;0.2987;834.047;883.490;24.972;102.010;62.893;92.500
66.640.000;91.171;0.3006;827.529;874.770;25.191;92.064;55.627;92.500
66.645.000;91.371;0.2250;817.844;844.200;26.149;82.732;48.926;92.500
66.650.000;91.569;0.1573;806.796;794.390;26.874;93.300;56.563;92.500
66.655.000;91.640;0.1220;791.351;707.690;27.015;136.775;89.312;92.500
66.660.000;91.459;0.1467;776.056;606.980;26.282;206.662;143.803;92.500
66.665.000;91.280;0.1809;762.514;493.110;25.794;116.500;73.751;92.500
66.670.000;91.099;0.1665;743.157;441.010;26.197;73.360;42.287;92.500
66.675.000;91.416;0.1346;728.036;411.020;26.784;54.949;30.117;92.500
66.680.000;91.831;0.0771;717.245;375.670;26.971;45.355;24.055;92.500
66.685.000;92.246;0.0151;709.739;351.090;26.329;62.404;35.002;92.500
66.690.000;92.661;0.0018;703.724;328.600;24.980;92.093;55.785;92.500
66.695.000;92.307;-0.0082;698.159;306.100;23.304;267.326;245.232;92.500
66.700.000;91.874;-0.0126;693.098;279.330;21.087;577.187;512.639;92.500
66.705.000;92.291;-0.0146;688.125;253.720;20.751;1.250.992;1.072.690;92.500
66.710.000;92.448;-0.0153;683.544;226.400;20.700;2.709.652;2.735.255;92.500
66.715.000;92.162;-0.0152;679.677;201.530;20.775;8.573.259;8.341.129;92.500
66.720.000;91.876;-0.0151;676.511;175.320;20.877;475.994;21.026.797;92.500
66.725.000;91.590;-0.0149;674.013;150.070;20.991;3.458.984;46.607.681;92.500
66.730.000;91.260;-0.0153;672.326;131.280;21.005;6.483.799;96.801.357;92.500
66.735.000;91.028;-0.0155;671.446;121.840;20.868;55.556.084;17.411.412;0    9.2500
66.740.000;90.895;-0.0160;671.324;110.090;20.895;58.608.096;17.753.033;0    9.2500
66.745.000;90.768;-0.0165;671.324;107.200;20.824;62.354.688;18.172.400;0    9.2500
66.750.000;90.640;-0.0170;671.324;101.060;20.643;55.453.564;17.399.974;0    9.2500
66.755.000;90.513;-0.0175;671.324;100.990;20.581;55.695.713;17.427.095;0    9.2500
66.760.000;90.385;-0.0177;671.324;100.910;20.632;56.097.617;17.472.089;0    9.2500
66.765.000;90.257;-0.0177;671.324;100.840;20.590;56.501.055;17.517.248;0    9.2500
66.770.000;90.128;-0.0177;671.324;100.750;20.592;56.893.682;17.561.212;0    9.2500
66.775.000;90.001;-0.0177;671.324;106.770;20.597;58.398.037;17.729.609;0    9.2500
66.780.000;89.897;-0.0177;671.324;106.690;20.680;61.453.486;18.071.621;0    9.2500
66.785.000;89.874;-0.0177;671.324;106.610;20.742;64.593.281;18.423.080;0    9.2500
66.790.000;89.850;-0.0177;671.324;112.600;20.692;67.730.840;18.774.285;0    9.2500
66.795.000;89.824;-0.0177;671.324;112.540;20.709;73.285.020;19.395.974;0    9.2500
66.800.000;89.799;-0.0178;671.324;112.460;20.600;67.548.809;18.753.929;0    9.2500
66.805.000;89.774;-0.0178;671.324;112.390;20.732;55.453.564;17.400.107;0    9.2500
66.810.000;89.749;-0.0178;671.324;112.300;20.811;57.637.451;17.644.562;0    9.2500
66.815.000;89.723;-0.0178;671.324;112.230;20.761;61.208.633;18.044.298;0    9.2500
66.820.000;89.705;-0.0178;671.324;112.160;20.830;64.860.723;18.453.093;0    9.2500
66.825.000;89.828;-0.0178;671.324;112.080;20.803;67.730.840;18.774.377;0    9.2500
66.830.000;89.951;-0.0179;671.324;112.010;20.733;68.256.230;18.833.185;0    9.2500
66.835.000;90.058;-0.0179;671.324;111.920;20.662;69.481.172;18.970.314;0    9.2500
66.840.000;90.949;-0.0179;671.324;111.010;20.615;70.715.039;19.108.429;0    9.2500
66.845.000;91.509;-0.0179;671.324;105.700;20.626;71.461.484;19.192.007;0    9.2500
66.850.000;91.893;-0.0179;671.324;105.620;20.556;71.571.328;19.204.306;0    9.2500
66.855.000;91.798;-0.0179;671.324;105.540;20.578;71.681.230;19.216.625;0    9.2500
66.860.000;91.713;-0.0179;671.324;105.470;20.601;71.791.230;19.228.939;0    9.2500
66.865.000;91.629;-0.0180;671.324;105.400;20.533;71.901.270;19.241.285;0    9.2500
66.870.000;91.546;-0.0180;671.324;105.320;20.517;72.011.406;19.253.625;0    9.2500
66.875.000;91.504;-0.0180;671.324;105.240;20.579;72.121.602;19.265.962;0    9.2500
66.880.000;91.515;-0.0180;671.324;105.170;20.612;72.231.855;19.278.310;0    9.2500
66.885.000;91.525;-0.0180;671.324;111.180;20.694;72.342.188;19.290.687;0    9.2500
66.890.000;91.536;-0.0180;671.324;111.090;20.533;72.452.598;19.303.060;0    9.2500
66.895.000;91.546;-0.0181;671.324;111.020;20.593;72.563.086;19.315.431;0    9.2500
66.900.000;91.556;-0.0181;671.324;110.940;20.581;72.673.633;19.327.830;0    9.2500
66.905.000;91.567;-0.0181;671.324;110.870;20.601;72.784.258;19.340.216;0    9.2500
66.910.000;91.577;-0.0181;671.324;112.980;20.630;72.894.941;19.352.623;0    9.2500
66.915.000;91.587;-0.0181;671.324;116.790;20.659;73.005.703;19.365.035;0    9.2500
66.920.000;91.598;-0.0185;671.324;110.630;20.668;73.116.523;19.377.457;0    9.2500
66.925.000;91.608;-0.0185;671.324;110.560;20.663;73.227.441;19.389.884;0    9.2500
66.930.000;91.618;-0.0184;671.324;110.490;20.584;73.338.398;19.402.312;0    9.2500
66.935.000;91.629;-0.0184;671.324;107.310;20.624;73.449.453;19.414.755;0    9.2500
66.940.000;91.639;-0.0184;671.324;104.260;20.573;73.560.566;19.427.209;0    9.2500
66.945.000;91.649;-0.0184;671.324;104.180;20.581;73.671.758;19.439.669;0    9.2500
66.950.000;91.660;-0.0183;671.324;104.100;20.571;73.783.008;19.452.128;0    9.2500
66.955.000;91.670;-0.0183;671.324;104.030;20.498;73.894.336;19.464.605;0    9.2500
66.960.000;91.680;-0.0183;671.324;103.950;20.462;74.005.742;19.477.101;0    9.2500
66.965.000;91.691;-0.0182;671.324;103.870;20.538;74.117.207;19.489.582;0    9.2500
66.970.000;91.700;-0.0182;671.324;103.800;20.624;74.228.770;19.502.084;0    9.2500
66.975.000;91.700;-0.0182;671.324;103.720;20.635;74.340.371;19.514.582;0    9.2500
66.980.000;91.700;-0.0181;671.324;103.650;20.517;74.452.070;19.527.109;0    9.2500
66.985.000;91.700;-0.0181;671.324;103.560;20.563;74.563.828;19.539.625;0    9.2500
66.990.000;91.700;-0.0181;671.324;103.500;20.497;74.675.645;19.552.158;0    9.2500
66.995.000;91.700;-0.0181;671.324;103.420;20.548;74.787.559;19.564.699;0    9.2500
67.000.000;91.700;-0.0180;671.324;103.340;20.524;74.899.590;19.577.257;0    9.2500
67.005.000;91.700;-0.0180;671.324;103.270;20.363;75.011.328;19.589.771;0    9.2500
67.010.000;91.700;-0.0180;671.324;103.190;20.299;75.123.906;19.602.390;0    9.2500
67.015.000;91.700;-0.0179;671.324;103.120;20.343;75.176.055;19.608.234;0    9.2500
67.020.000;91.700;-0.0179;671.324;103.040;20.441;75.177.031;19.608.365;0    9.2500
67.025.000;91.712;-0.0179;671.324;102.960;20.549;75.177.090;19.608.386;0    9.2500
67.030.000;91.816;-0.0179;671.324;102.880;20.649;75.176.992;19.608.386;0    9.2500
67.035.000;91.920;-0.0178;671.324;103.480;20.669;75.176.992;19.608.396;0    9.2500
67.040.000;92.024;-0.0178;671.324;108.810;20.715;75.176.992;19.608.418;0    9.2500
67.045.000;92.128;-0.0178;671.324;108.740;20.657;75.176.992;19.608.429;0    9.2500
67.050.000;92.230;-0.0177;671.324;114.730;20.655;75.176.992;19.608.439;0    9.2500
67.055.000;92.264;-0.0177;671.324;114.850;20.623;75.176.992;19.608.460;0    9.2500
67.060.000;92.150;-0.0177;671.324;122.250;20.518;75.176.992;19.608.472;0    9.2500
67.065.000;92.117;-0.0177;671.324;126.670;20.473;75.176.992;19.608.482;0    9.2500
67.070.000;92.144;-0.0176;671.324;130.970;20.501;75.176.992;19.608.492;0    9.2500
67.075.000;92.173;-0.0176;671.324;132.600;20.482;75.176.992;19.608.513;0    9.2500
67.080.000;92.202;-0.0176;671.324;132.520;20.528;75.176.992;19.608.525;0    9.2500
67.085.000;92.231;-0.0175;671.324;132.450;20.657;75.176.992;19.608.537;0    9.2500
67.090.000;92.259;-0.0175;671.324;132.370;20.770;75.176.992;19.608.548;0    9.2500
67.095.000;92.288;-0.0175;671.324;132.290;20.781;75.176.992;19.608.570;0    9.2500
67.100.000;92.276;-0.0174;671.324;126.140;20.672;75.176.992;19.608.580;0    9.2500
67.105.000;92.237;-0.0174;671.324;124.050;20.568;75.176.992;19.608.589;0    9.2500
67.110.000;92.197;-0.0174;671.324;119.910;20.526;75.176.992;19.608.601;0    9.2500
67.115.000;92.156;-0.0173;671.324;113.740;20.483;75.176.992;19.608.623;0    9.2500
67.120.000;92.116;-0.0173;671.324;107.540;20.378;75.176.992;19.608.632;0    9.2500
67.125.000;92.111;-0.0175;671.324;103.720;20.448;75.176.992;19.608.644;0    9.2500
67.130.000;92.140;-0.0178;671.324;101.370;20.525;75.176.992;19.608.654;0    9.2500
67.135.000;92.168;-0.0180;671.324;101.290;20.493;75.176.992;19.608.675;0    9.2500
67.140.000;92.197;-0.0183;671.324;101.210;20.483;75.176.992;19.608.687;0    9.2500
67.145.000;92.225;-0.0186;671.324;95.060;20.524;75.176.992;19.608.697;0    9.2500
67.150.000;92.253;-0.0188;671.324;94.980;20.637;75.176.992;19.608.709;0    9.2500
67.155.000;92.282;-0.0190;671.324;94.910;20.691;75.176.992;19.608.730;0    9.2500
67.160.000;92.310;-0.0190;671.324;94.820;20.677;75.176.992;19.608.742;0    9.2500
67.165.000;92.339;-0.0191;671.324;100.840;20.597;75.176.992;19.608.752;0    9.2500
67.170.000;92.367;-0.0191;671.324;100.760;20.489;75.176.992;19.608.763;0    9.2500
67.175.000;92.395;-0.0192;671.324;100.680;20.557;75.176.992;19.608.785;0    9.2500
67.180.000;92.424;-0.0193;671.324;100.590;20.625;75.176.992;19.608.794;0    9.2500
67.185.000;92.452;-0.0193;671.324;100.530;20.632;75.176.992;19.608.806;0    9.2500
67.190.000;92.481;-0.0194;671.324;100.460;20.685;75.176.992;19.608.816;0    9.2500
67.195.000;92.509;-0.0194;671.324;100.380;20.749;75.177.090;19.608.847;0    9.2500
67.200.000;92.537;-0.0195;671.324;100.300;20.784;75.177.285;19.608.880;0    9.2500
67.205.000;92.566;-0.0195;671.324;106.300;20.744;75.181.074;19.609.310;0    9.2500
67.210.000;92.594;-0.0196;671.324;106.230;20.646;74.977.969;19.586.599;0    9.2500
67.215.000;92.623;-0.0197;671.324;106.150;20.664;74.701.211;19.555.625;0    9.2500
67.220.000;92.651;-0.0197;671.324;106.080;20.639;74.423.379;19.524.537;0    9.2500
67.225.000;92.680;-0.0198;671.324;105.990;20.720;74.146.211;19.493.521;0    9.2500
67.230.000;92.726;-0.0198;671.324;105.930;20.786;73.869.609;19.462.585;0    9.2500
67.235.000;92.837;-0.0199;671.324;105.850;20.679;73.593.457;19.431.679;0    9.2500
67.240.000;92.944;-0.0199;671.324;105.780;20.756;73.317.754;19.400.832;0    9.2500
67.245.000;93.051;-0.0199;671.324;105.680;20.748;73.042.480;19.370.033;0    9.2500
67.250.000;93.157;-0.0200;671.324;105.620;20.830;72.767.656;19.339.273;0    9.2500
67.255.000;93.264;-0.0200;671.324;106.940;20.762;72.493.242;19.308.584;0    9.2500
67.260.000;93.371;-0.0201;671.324;111.550;20.832;72.219.258;19.277.919;0    9.2500
67.265.000;93.478;-0.0201;671.324;111.470;20.892;71.945.098;19.247.242;0    9.2500
67.270.000;93.585;-0.0202;671.324;111.390;20.848;71.673.867;19.216.898;0    9.2500
67.275.000;93.692;-0.0202;671.324;117.410;20.770;71.406.289;19.186.960;0    9.2500
67.280.000;93.849;-0.0203;671.324;119.630;20.793;71.928.398;19.245.414;0    9.2500
67.285.000;94.053;-0.0203;671.324;123.330;20.773;72.577.695;19.318.113;0    9.2500
67.290.000;94.259;-0.0203;671.324;123.240;20.701;73.285.020;19.397.306;0    9.2500
67.295.000;94.464;-0.0204;671.324;123.180;20.806;60.601.201;17.977.507;0    9.2500
67.300.000;94.670;-0.0204;671.324;123.100;20.861;69.394.863;18.961.869;0    9.2500
67.305.000;94.875;-0.0205;671.324;123.020;20.732;82.953.711;20.479.646;0    9.2500
67.310.000;95.082;-0.0205;671.324;124.100;20.670;70.214.961;19.053.695;0    9.2500
67.315.000;95.290;-0.0207;671.324;125.900;20.689;53.826.006;17.219.142;0    9.2500
67.320.000;95.403;-0.0211;671.324;127.690;20.694;39.015.039;15.561.224;0    9.2500
67.325.000;95.967;-0.0216;671.324;128.800;20.610;25.630.137;14.062.937;0    9.2500
67.330.000;96.064;-0.0220;671.324;128.720;20.621;13.533.975;12.708.918;0    9.2500
67.335.000;96.196;-0.0220;671.324;128.640;20.523;5.028.926;11.756.877;0    9.2500
67.340.000;96.321;-0.0218;671.324;128.570;20.686;8.929.961;110.741.660;92.500
67.345.000;96.447;-0.0215;671.324;128.500;20.774;3.694.805;104.881.533;92.500
67.350.000;96.573;-0.0213;671.324;128.420;20.750;9.509.443;100.196.563;92.500
67.355.000;96.698;-0.0212;671.324;122.250;20.847;5.511.045;95.720.840;92.500
67.360.000;96.824;-0.0207;671.324;122.190;20.947;1.691.255;91.445.020;92.500
67.365.000;96.949;-0.0201;671.324;122.110;21.057;9.086.074;88.528.838;92.500
67.370.000;97.074;-0.0187;671.324;122.040;21.609;6.784.932;85.953.008;92.500
67.375.000;97.200;-0.0160;671.325;121.960;22.162;5.917.573;84.982.158;92.500
67.380.000;97.322;-0.0134;671.325;121.880;22.904;3.059.888;81.646.255;92.500
67.385.000;97.436;-0.0083;672.097;115.740;23.785;6.956.797;28.083.496;92.500
67.390.000;97.587;-0.0037;673.245;132.430;25.035;4.571.521;14.692.572;92.500
67.395.000;99.869;-0.0009;674.568;162.280;26.024;7.891.154;18.243.269;92.500
67.400.000;103.636;0.0004;676.111;188.440;27.001;2.574.648;23.302.061;92.500
67.405.000;98.338;0.0018;677.720;201.320;27.650;617.559;32.107.896;92.500
67.410.000;97.857;0.0050;679.497;206.530;27.580;1.015.010;21.611.011;92.500
67.415.000;97.818;0.0087;681.424;210.040;27.503;9.750.156;9.570.046;92.500
67.420.000;99.221;0.0127;683.035;212.460;28.018;666.221;21.233.687;92.500
67.425.000;98.279;0.0231;684.863;218.770;27.660;7.823.953;18.171.173;92.500
67.430.000;97.816;0.0429;687.483;226.170;27.193;1.105.603;10.996.781;92.500
67.435.000;98.404;0.0682;691.513;239.780;26.503;4.126.505;3.822.325;92.500
67.440.000;98.867;0.0985;696.997;257.620;25.572;932.995;427.153;92.500
67.445.000;97.921;0.1502;704.773;291.110;24.704;499.106;215.937;92.500
67.450.000;98.108;0.1702;719.205;340.900;24.026;421.209;179.829;92.500
67.455.000;98.313;0.1932;738.034;385.660;23.081;377.771;159.904;92.500
67.460.000;97.546;0.2313;761.509;462.540;21.993;238.438;100.974;92.500
67.465.000;96.418;0.2693;792.292;625.150;20.670;102.339;44.455;92.500
67.470.000;97.985;0.2970;822.099;715.690;20.115;59.979;26.547;92.500
67.475.000;100.366;0.3067;850.267;860.960;19.482;37.872;17.061;92.500
67.480.000;101.401;0.3239;875.685;1.165.290;18.501;29.097;13.231;92.500
67.485.000;93.643;0.3429;893.087;1.427.270;17.911;28.041;12.613;92.500
67.490.000;90.680;0.3620;905.830;1.735.730;18.063;29.916;13.373;92.500
67.495.000;91.520;0.3719;913.077;1.913.440;18.368;34.182;15.242;92.500
67.500.000;91.471;0.3683;913.077;1.971.970;18.724;38.676;17.183;92.500
67.505.000;88.819;0.3647;913.077;2.043.930;19.051;43.761;19.295;92.500
67.510.000;87.519;0.3760;913.077;2.115.890;19.053;45.355;19.939;92.500
67.515.000;86.247;0.3870;913.077;2.187.850;19.012;39.851;17.551;92.500
67.520.000;84.921;0.4101;913.077;2.184.290;19.109;34.570;15.256;92.500
67.525.000;84.370;0.4282;913.077;2.034.670;19.237;29.989;13.275;92.500
67.530.000;83.600;0.4345;913.077;1.885.040;19.765;24.409;10.852;92.500
67.535.000;82.876;0.4291;913.077;1.735.420;20.479;24.636;10.938;92.500
67.540.000;83.133;0.4070;913.077;1.585.790;21.354;23.092;10.274;92.500
67.545.000;83.264;0.3782;913.077;1.453.450;21.918;23.523;10.463;92.500
67.550.000;85.164;0.3354;913.077;1.347.250;22.142;25.329;11.277;92.500
67.555.000;87.870;0.3374;913.077;1.284.390;22.240;26.245;11.722;92.500
67.560.000;94.187;0.2998;913.077;1.203.620;22.587;27.274;12.287;92.500
67.565.000;101.213;0.2726;905.562;1.128.810;22.807;32.251;14.619;92.500
67.570.000;107.991;0.2658;894.651;1.049.580;23.097;38.227;17.405;92.500
67.575.000;104.138;0.2702;879.749;957.820;23.218;42.478;19.168;92.500
67.580.000;101.732;0.2582;859.908;855.710;23.658;35.334;15.984;92.500
67.585.000;104.781;0.2280;837.286;733.520;26.188;37.043;16.806;92.500
67.590.000;97.217;0.1925;811.310;681.130;26.960;39.117;17.522;92.500
67.595.000;96.509;0.1532;784.019;617.090;27.819;43.708;19.492;92.500
67.600.000;96.973;0.0803;762.143;550.170;28.925;89.662;39.137;92.500
67.605.000;95.545;0.0127;741.217;479.310;29.486;242.046;223.524;92.500
67.610.000;93.799;0.0051;722.501;419.420;29.133;653.412;577.827;92.500
67.615.000;94.555;0.0037;706.909;331.070;28.826;2.299.479;1.915.858;92.500
67.620.000;95.514;0.0022;694.643;250.810;28.538;3.689.186;3.025.132;92.500
67.625.000;96.466;0.0014;685.433;185.040;28.233;5.918.774;4.853.394;92.500
67.630.000;97.414;0.0012;678.582;163.800;27.878;2.659.298;10.380.624;92.500
67.635.000;98.357;0.0009;674.248;151.930;27.801;7.323.307;6.005.112;92.500
67.640.000;99.318;0.0005;671.847;142.250;27.847;4.318.261;3.540.974;92.500
67.645.000;99.099;0.0003;671.326;135.060;27.862;8.260.710;23.173.782;92.500
67.650.000;98.099;0.0007;671.326;129.940;27.848;396.211;33.124.893;92.500
67.655.000;97.070;0.0010;671.326;129.860;28.001;360.684;57.695.762;92.500
67.660.000;96.691;0.0014;671.326;129.780;27.861;1.445.220;50.385.078;92.500
67.665.000;96.179;0.0009;671.326;129.710;27.757;1.600.715;25.912.585;92.500
67.670.000;95.725;-0.0010;671.327;131.580;27.521;6.251.960;13.326.608;92.500
67.675.000;95.953;-0.0049;671.327;138.980;27.163;8.358.235;6.853.752;92.500
67.680.000;95.681;-0.0098;671.327;141.640;26.782;4.813.591;3.947.144;92.500
67.685.000;93.678;-0.0144;671.327;147.710;25.286;5.705.345;4.678.383;92.500
67.690.000;93.554;-0.0173;671.327;155.110;24.221;8.260.254;6.773.408;92.500
67.695.000;96.320;-0.0203;671.327;162.510;22.878;3.653.198;11.195.623;92.500
67.700.000;96.942;-0.0221;671.326;165.650;21.259;1.083.582;17.288.536;92.500
67.705.000;96.384;-0.0221;671.326;159.490;20.684;9.601.321;24.273.083;92.500
67.710.000;95.369;-0.0221;671.325;152.370;20.672;5.337.788;37.176.985;92.500
67.715.000;94.373;-0.0221;671.325;144.820;20.705;7.835.444;63.825.063;92.500
67.720.000;95.649;-0.0221;671.325;137.260;20.752;53.535;73.843.896;92.500
67.725.000;97.281;-0.0220;671.324;122.710;20.704;6.977.930;79.521.899;92.500
67.730.000;97.467;-0.0220;671.324;116.080;20.638;4.334.580;85.554.355;92.500
67.735.000;97.399;-0.0220;671.324;108.520;20.554;12.286.406;92.074.854;92.500
67.740.000;97.326;-0.0220;671.324;104.260;20.471;20.863.994;99.108.477;92.500
67.745.000;97.462;-0.0219;671.324;110.240;20.523;30.037.764;10.663.096;0    9.2500
67.750.000;97.734;-0.0219;671.324;116.260;20.441;38.284.111;11.339.296;0    9.2500
67.755.000;97.986;-0.0219;671.324;123.660;20.419;45.177.773;11.904.577;0    9.2500
67.760.000;98.448;-0.0219;671.324;128.270;20.470;47.238.203;12.073.532;0    9.2500
67.765.000;98.904;-0.0219;671.324;132.390;20.493;46.692.813;12.028.810;0    9.2500
67.770.000;99.358;-0.0218;671.324;134.190;20.533;45.649.355;11.943.247;0    9.2500
67.775.000;99.715;-0.0218;671.324;134.120;20.490;44.613.320;11.858.292;0    9.2500
67.780.000;99.744;-0.0218;671.324;131.740;20.408;43.584.648;11.773.941;0    9.2500
67.785.000;99.778;-0.0218;671.324;127.890;20.527;42.518.877;11.686.547;0    9.2500
67.790.000;99.813;-0.0217;671.324;121.720;20.610;44.522.031;11.850.806;0    9.2500
67.795.000;99.848;-0.0217;671.324;115.580;20.656;46.646.748;12.025.033;0    9.2500
67.800.000;99.883;-0.0217;671.324;113.680;20.669;48.802.686;12.201.820;0    9.2500
67.805.000;99.578;-0.0217;671.324;109.350;20.592;50.990.332;12.381.207;0    9.2500
67.810.000;98.940;-0.0217;671.324;115.330;20.593;53.210.127;12.563.230;0    9.2500
67.815.000;98.302;-0.0216;671.324;121.350;20.627;55.453.564;12.747.192;0    9.2500
67.820.000;97.643;-0.0216;671.324;130.030;20.654;57.014.385;12.875.179;0    9.2500
67.825.000;97.424;-0.0216;671.324;139.440;20.694;58.584.609;13.003.937;0    9.2500
67.830.000;97.323;-0.0216;671.324;147.620;20.662;59.527.295;13.081.238;0    9.2500
67.835.000;97.459;-0.0216;671.324;151.440;20.605;60.335.264;13.147.491;0    9.2500
67.840.000;97.895;-0.0215;671.324;157.460;20.583;61.147.324;13.214.080;0    9.2500
67.845.000;98.303;-0.0215;671.324;157.370;20.651;61.963.496;13.281.006;0    9.2500
67.850.000;98.643;-0.0215;671.324;157.290;20.824;62.783.799;13.348.271;0    9.2500
67.855.000;98.346;-0.0215;671.324;157.210;20.998;63.608.262;13.415.877;0    9.2500
67.860.000;98.133;-0.0215;671.324;156.780;21.030;64.436.895;13.483.825;0    9.2500
67.865.000;98.109;-0.0214;671.324;150.990;20.887;65.269.727;13.552.117;0    9.2500
67.870.000;98.125;-0.0214;671.324;150.910;20.744;66.106.777;13.620.755;0    9.2500
67.875.000;98.141;-0.0214;671.324;150.840;20.601;66.947.969;13.689.733;0    9.2500
67.880.000;98.156;-0.0214;671.324;150.760;20.475;67.793.867;13.759.096;0    9.2500
67.885.000;98.172;-0.0214;671.324;150.680;20.511;68.647.422;13.829.088;0    9.2500
67.890.000;98.187;-0.0213;671.324;150.610;20.553;69.562.168;13.904.097;0    9.2500
67.895.000;98.203;-0.0213;671.324;150.530;20.544;70.057.910;13.944.748;0    9.2500
67.900.000;98.218;-0.0213;671.324;150.450;20.524;70.595.723;13.988.849;0    9.2500
67.905.000;98.234;-0.0213;671.324;144.300;20.624;71.135.234;14.033.088;0    9.2500
67.910.000;98.250;-0.0213;671.324;142.040;20.738;71.676.445;14.077.468;0    9.2500
67.915.000;98.265;-0.0212;671.324;138.070;20.855;72.219.355;14.121.987;0    9.2500
67.920.000;98.281;-0.0212;671.324;131.900;20.788;72.764.004;14.166.648;0    9.2500
67.925.000;98.297;-0.0212;671.324;131.530;20.723;73.310.352;14.211.448;0    9.2500
67.930.000;98.300;-0.0212;671.324;125.680;20.813;73.859.160;14.256.451;0    9.2500
67.935.000;98.300;-0.0211;671.324;125.610;20.908;74.410.664;14.301.674;0    9.2500
67.940.000;98.300;-0.0211;671.324;125.530;20.929;75.176.992;14.364.513;0    9.2500
67.945.000;98.299;-0.0211;671.324;125.450;20.825;74.912.617;14.342.835;0    9.2500
67.950.000;98.294;-0.0211;671.324;132.680;20.865;74.478.008;14.307.196;0    9.2500
67.955.000;98.053;-0.0211;671.324;137.460;20.779;74.044.434;14.271.643;0    9.2500
67.960.000;97.875;-0.0210;671.324;141.400;20.710;73.611.895;14.236.174;0    9.2500
67.965.000;97.695;-0.0210;671.324;143.390;20.849;73.282.109;14.209.132;0    9.2500
67.970.000;97.509;-0.0210;671.324;149.400;20.993;73.285.273;14.209.392;0    9.2500
67.975.000;97.319;-0.0210;671.324;149.320;21.012;73.285.449;14.209.406;0    9.2500
67.980.000;97.534;-0.0210;671.324;149.240;20.935;73.285.020;14.209.371;0    9.2500
67.985.000;97.812;-0.0209;671.324;149.150;20.902;73.285.020;14.209.371;0    9.2500
67.990.000;97.900;-0.0207;671.324;149.090;20.925;73.285.020;14.209.371;0    9.2500
67.995.000;97.878;-0.0204;671.324;147.370;20.858;73.285.020;14.209.371;0    9.2500
68.000.000;97.853;-0.0200;671.324;142.860;20.798;73.285.020;14.209.371;0    9.2500
68.005.000;97.827;-0.0196;671.324;142.080;20.810;73.285.020;14.209.371;0    9.2500
68.010.000;97.802;-0.0192;671.324;140.830;20.927;73.285.020;14.209.371;0    9.2500
68.015.000;97.777;-0.0188;671.324;139.580;21.006;73.285.020;14.209.371;0    9.2500
68.020.000;97.751;-0.0180;671.324;138.330;21.079;73.285.020;14.209.371;0    9.2500
68.025.000;97.724;-0.0171;671.324;137.080;21.262;73.285.020;14.209.371;0    9.2500
68.030.000;97.708;-0.0163;671.324;136.230;21.542;73.285.020;14.209.371;0    9.2500
68.035.000;98.021;-0.0119;671.324;136.140;21.946;73.285.020;14.209.371;0    9.2500
68.040.000;98.359;-0.0065;671.324;136.040;22.562;73.285.020;14.209.371;0    9.2500
68.045.000;98.698;-0.0011;671.325;135.960;24.326;65.919.297;13.605.381;0    9.2500
68.050.000;99.040;0.0064;671.325;135.870;25.726;9.272.373;81.403.345;92.500
68.055.000;99.100;0.0144;671.325;135.780;27.241;1.585.735;25.900.303;92.500
68.060.000;99.100;0.0224;671.326;135.670;27.579;4.608.983;3.779.366;92.500
68.065.000;99.106;0.0304;671.361;142.200;27.693;287.518;16.635.765;92.500
68.070.000;99.259;0.0347;671.782;147.660;27.826;8.584.894;7.039.613;92.500
68.075.000;99.415;0.0291;672.708;154.410;27.956;8.784.197;7.203.041;92.500
68.080.000;99.571;0.0303;674.048;165.700;27.554;9.011.733;7.389.621;92.500
68.085.000;99.730;0.0337;675.695;178.240;27.503;2.895.607;10.574.397;92.500
68.090.000;99.896;0.0371;677.417;193.190;27.707;1.299.526;9.265.612;92.500
68.095.000;99.640;0.0371;679.076;205.030;27.815;9.074.680;7.441.238;92.500
68.100.000;99.540;0.0371;680.475;212.460;28.010;464.147;8.580.600;92.500
68.105.000;99.442;0.0364;681.251;213.890;28.228;3.423.755;11.007.479;92.500
68.110.000;99.346;0.0346;681.425;212.430;28.164;7.220.437;14.120.758;92.500
68.115.000;99.088;0.0319;681.018;207.630;28.485;1.051.990;17.262.632;92.500
68.120.000;98.685;0.0292;680.374;203.280;28.447;4.659.305;3.820.630;92.500
68.125.000;98.277;0.0295;679.836;201.360;28.450;6.888.083;5.648.228;92.500
68.130.000;98.302;0.0316;679.632;195.200;28.673;4.659.305;3.820.630;92.500
68.135.000;98.655;0.0345;680.085;195.110;28.227;6.786.953;13.765.302;92.500
68.140.000;99.012;0.0376;681.336;198.970;27.808;4.276.393;11.706.642;92.500
68.145.000;99.296;0.0496;683.379;207.070;27.477;5.888.552;13.028.613;92.500
68.150.000;98.877;0.0748;687.032;220.660;26.998;8.471.176;15.146.364;92.500
68.155.000;99.007;0.1042;694.144;237.830;26.599;666.221;16.946.301;92.500
68.160.000;99.771;0.1584;704.591;260.310;26.458;4.327.179;3.548.287;92.500
68.165.000;100.472;0.1820;719.562;310.050;26.236;1.286.107;1.104.913;92.500
68.170.000;100.203;0.1965;735.978;418.780;26.759;843.382;739.987;92.500
68.175.000;100.081;0.1718;746.252;512.810;27.328;470.337;424.592;92.500
68.180.000;100.967;0.1496;749.397;618.030;27.751;437.081;396.129;92.500
68.185.000;101.853;0.1392;748.044;646.630;27.418;488.708;440.713;92.500
68.190.000;101.189;0.1570;741.388;512.170;26.981;520.359;467.688;92.500
68.195.000;100.510;0.1681;730.742;328.380;27.120;397.970;362.227;92.500
68.200.000;99.917;0.1661;716.112;266.870;27.580;398.475;362.543;92.500
68.205.000;99.718;0.1248;701.464;245.650;27.875;387.138;352.643;92.500
68.210.000;98.979;0.1061;693.673;236.290;27.101;380.471;346.597;92.500
68.215.000;97.969;0.1334;692.344;237.490;26.240;589.923;525.844;92.500
68.220.000;96.916;0.1901;693.530;247.670;25.193;662.651;586.921;92.500
68.225.000;97.146;0.2465;697.349;262.610;24.026;604.122;537.531;92.500
68.230.000;97.737;0.2998;707.373;284.550;22.671;358.789;327.328;92.500
68.235.000;98.337;0.3499;726.357;307.660;21.381;205.010;190.928;92.500
68.240.000;98.922;0.3841;750.403;352.450;21.072;117.141;111.147;92.500
68.245.000;98.855;0.4034;776.497;501.640;20.903;78.647;75.561;92.500
68.250.000;98.199;0.4227;797.831;673.240;20.819;61.216;59.222;92.500
68.255.000;97.606;0.4420;827.293;759.020;20.996;51.626;50.166;92.500
68.260.000;95.403;0.4613;855.062;825.660;21.274;45.275;44.030;92.500
68.265.000;94.087;0.4704;875.289;867.110;21.886;40.968;39.884;92.500
68.270.000;96.369;0.4447;888.596;909.960;23.003;43.570;42.481;92.500
68.275.000;96.622;0.3939;896.198;935.340;24.529;46.631;45.389;92.500
68.280.000;93.208;0.3007;902.862;955.990;26.446;52.291;50.472;92.500
68.285.000;93.661;0.2053;913.077;974.210;28.179;63.829;61.279;92.500
68.290.000;94.725;0.0816;905.089;982.550;29.036;88.577;84.316;92.500
68.295.000;95.617;0.0147;877.459;976.060;29.433;155.154;145.306;92.500
68.300.000;96.478;0.0091;846.313;930.700;29.499;552.724;264.721;92.500
68.305.000;96.636;0.0068;813.301;792.720;29.698;2.176.152;1.377.290;92.500
68.310.000;96.139;0.0048;778.428;351.200;29.856;6.417.850;5.040.821;92.500
68.315.000;95.686;0.0044;745.286;301.240;29.871;415.177;8.848.503;92.500
68.320.000;95.789;0.0047;712.746;267.100;29.768;8.667.422;15.698.163;92.500
68.325.000;95.914;0.0055;690.304;244.460;29.897;5.467.651;13.016.914;92.500
68.330.000;96.038;0.0063;686.482;230.000;29.629;1.315.699;9.584.269;92.500
68.335.000;96.162;0.0071;683.806;215.770;29.710;9.842.386;8.382.604;92.500
68.340.000;96.285;0.0081;681.670;208.690;29.779;8.335.501;6.927.391;92.500
68.345.000;96.409;0.0094;679.823;203.430;29.431;7.972.719;6.563.423;92.500
68.350.000;96.533;0.0108;678.409;199.550;29.381;7.924.417;6.515.206;92.500
68.355.000;96.656;0.0122;677.314;191.080;29.425;6.819.556;5.428.052;92.500
68.360.000;96.780;0.0149;676.371;184.920;29.318;6.039.277;4.680.347;92.500
68.365.000;96.889;0.0206;675.615;184.830;29.214;7.104.160;5.705.079;92.500
68.370.000;97.201;0.0292;674.989;181.250;28.880;7.407.610;6.002.814;92.500
68.375.000;97.562;0.0379;674.633;178.560;28.639;5.885.637;4.535.291;92.500
68.380.000;97.895;0.0465;674.457;178.480;28.516;2.480.625;1.605.016;92.500
68.385.000;97.902;0.0524;674.470;178.390;28.466;1.358.782;782.908;92.500
68.390.000;97.898;0.0543;675.023;178.300;28.562;887.276;462.730;92.500
68.395.000;97.847;0.0507;676.012;178.190;28.698;713.532;358.361;92.500
68.400.000;97.798;0.0534;677.504;184.190;28.822;832.687;429.547;92.500
68.405.000;97.748;0.0637;679.528;197.700;28.819;1.176.333;655.925;92.500
68.410.000;97.699;0.0712;681.763;208.020;28.802;1.989.183;1.240.171;92.500
68.415.000;97.650;0.0517;684.151;222.980;29.132;3.373.747;2.302.400;92.500
68.420.000;97.600;0.0421;686.290;238.540;28.897;4.059.137;2.882.804;92.500
68.425.000;97.555;0.0455;687.750;245.670;28.632;3.047.444;2.038.170;92.500
68.430.000;97.515;0.0339;688.420;253.100;28.563;3.104.330;2.082.284;92.500
68.435.000;97.287;0.0213;687.977;252.480;28.540;1.945.792;1.208.372;92.500
68.440.000;97.162;0.0086;686.318;244.250;28.298;1.610.005;962.458;92.500
68.445.000;97.039;0.0010;683.698;230.330;27.960;1.717.670;1.041.098;92.500
68.450.000;96.919;-0.0049;680.845;212.930;26.941;2.057.904;1.290.202;92.500
68.455.000;96.799;-0.0107;678.033;190.260;25.350;2.787.603;1.837.958;92.500
68.460.000;96.679;-0.0157;675.454;164.850;23.588;4.018.800;2.848.120;92.500
68.465.000;96.558;-0.0197;673.416;152.080;21.504;1.150.676;9.449.568;92.500
68.470.000;96.439;-0.0206;671.998;144.470;20.564;3.214.799;10.836.135;92.500
68.475.000;96.332;-0.0207;671.326;136.860;20.723;8.027.336;31.182.415;92.500
68.480.000;96.182;-0.0205;671.325;134.090;20.801;3.176.426;84.604.668;92.500
68.485.000;96.369;-0.0202;671.324;127.930;20.765;75.634.219;14.402.005;0    9.2500
68.490.000;96.551;-0.0199;671.324;127.840;20.718;75.256.172;14.371.005;0    9.2500
68.495.000;96.735;-0.0196;671.324;127.750;20.734;75.119.668;14.359.812;0    9.2500
68.500.000;96.898;-0.0193;671.324;132.220;20.697;74.825.176;14.335.664;0    9.2500
68.505.000;96.882;-0.0195;671.360;139.730;20.612;74.677.031;14.323.516;0    9.2500
68.510.000;96.863;-0.0198;671.624;153.160;20.686;74.547.734;14.312.914;0    9.2500
68.515.000;96.845;-0.0201;671.913;160.590;20.733;74.418.535;14.302.319;0    9.2500
68.520.000;96.827;-0.0203;672.202;168.030;20.654;74.289.434;14.291.733;0    9.2500
68.525.000;96.810;-0.0206;672.512;175.830;20.809;74.160.410;14.281.153;0    9.2500
68.530.000;96.792;-0.0209;672.616;175.740;20.788;74.031.504;14.270.583;0    9.2500
68.535.000;96.775;-0.0212;672.620;175.650;20.835;73.902.695;14.260.020;0    9.2500
68.540.000;96.757;-0.0213;672.551;175.560;20.788;73.773.965;14.249.464;0    9.2500
68.545.000;96.739;-0.0213;672.238;169.380;20.762;73.645.332;14.238.917;0    9.2500
68.550.000;96.721;-0.0213;671.941;162.460;20.825;73.516.816;14.228.378;0    9.2500
68.555.000;96.703;-0.0212;671.656;154.850;20.777;73.388.379;14.217.846;0    9.2500
68.560.000;96.729;-0.0212;671.397;150.880;20.657;73.260.039;14.207.323;0    9.2500
68.565.000;96.767;-0.0212;671.324;150.780;20.647;73.131.777;14.196.805;0    9.2500
68.570.000;96.804;-0.0212;671.324;150.700;20.696;73.003.633;14.186.297;0    9.2500
68.575.000;96.842;-0.0212;671.324;152.500;20.666;72.875.586;14.175.797;0    9.2500
68.580.000;96.878;-0.0211;671.324;156.600;20.750;72.747.617;14.165.304;0    9.2500
68.585.000;96.852;-0.0211;671.324;162.570;20.767;72.619.746;14.154.819;0    9.2500
68.590.000;96.739;-0.0211;671.324;162.350;20.784;72.491.973;14.144.341;0    9.2500
68.595.000;96.627;-0.0211;671.324;156.320;20.666;72.364.297;14.133.872;0    9.2500
68.600.000;96.516;-0.0210;671.324;156.230;20.474;72.236.719;14.123.411;0    9.2500
68.605.000;96.471;-0.0210;671.324;151.660;20.540;72.109.219;14.112.956;0    9.2500
68.610.000;96.437;-0.0210;671.324;149.970;20.594;71.981.836;14.102.510;0    9.2500
68.615.000;96.404;-0.0210;671.324;149.880;20.658;71.854.531;14.092.071;0    9.2500
68.620.000;96.370;-0.0209;671.369;149.790;20.655;71.727.324;14.081.640;0    9.2500
68.625.000;96.336;-0.0209;671.632;153.870;20.656;71.600.215;14.071.217;0    9.2500
68.630.000;96.302;-0.0209;672.025;161.760;20.716;71.473.203;14.060.802;0    9.2500
68.635.000;96.317;-0.0209;672.609;168.740;20.592;71.346.270;14.050.393;0    9.2500
68.640.000;96.335;-0.0209;673.233;176.170;20.691;71.219.453;14.039.995;0    9.2500
68.645.000;96.354;-0.0208;673.840;179.730;20.770;71.092.715;14.029.602;0    9.2500
68.650.000;96.373;-0.0208;674.448;185.710;20.800;70.966.074;14.019.217;0    9.2500
68.655.000;96.392;-0.0208;674.959;185.620;20.807;70.839.512;14.008.839;0    9.2500
68.660.000;96.410;-0.0208;675.231;185.530;20.729;70.713.066;13.998.471;0    9.2500
68.665.000;96.429;-0.0207;675.211;185.440;20.714;70.586.699;13.988.109;0    9.2500
68.670.000;96.448;-0.0207;674.903;185.340;20.818;70.460.430;13.977.754;0    9.2500
68.675.000;96.466;-0.0207;674.500;184.880;20.813;70.334.258;13.967.409;0    9.2500
68.680.000;96.485;-0.0207;673.906;179.090;20.752;70.208.184;13.957.071;0    9.2500
68.685.000;96.498;-0.0206;673.304;175.730;20.663;70.082.188;13.946.739;0    9.2500
68.690.000;96.433;-0.0206;672.707;172.810;20.588;69.956.309;13.936.417;0    9.2500
68.695.000;96.366;-0.0206;672.133;166.580;20.672;69.830.313;13.926.085;0    9.2500
68.700.000;96.299;-0.0206;671.757;160.490;20.823;69.701.895;13.915.555;0    9.2500
68.705.000;96.231;-0.0205;671.488;157.430;20.867;69.562.168;13.904.097;0    9.2500
68.710.000;96.164;-0.0205;671.324;149.820;20.878;70.131.914;13.950.816;0    9.2500
68.715.000;96.097;-0.0204;671.341;148.050;20.805;70.796.563;14.005.318;0    9.2500
68.720.000;96.030;-0.0203;671.469;149.180;20.802;71.463.750;14.060.027;0    9.2500
68.725.000;95.963;-0.0202;671.781;156.610;20.793;72.132.969;14.114.903;0    9.2500
68.730.000;95.896;-0.0201;672.178;168.140;20.843;72.804.512;14.169.969;0    9.2500
68.735.000;95.828;-0.0200;672.591;172.010;20.854;73.478.691;14.225.252;0    9.2500
68.740.000;95.761;-0.0199;672.943;178.000;20.773;74.155.488;14.280.750;0    9.2500
68.745.000;95.702;-0.0197;673.096;180.260;20.704;74.834.922;14.336.463;0    9.2500
68.750.000;95.722;-0.0198;673.127;180.090;20.721;75.517.012;14.392.394;0    9.2500
68.755.000;95.744;-0.0198;672.962;177.710;20.776;76.201.758;14.448.543;0    9.2500
68.760.000;95.765;-0.0198;672.600;171.550;20.776;76.889.199;14.504.914;0    9.2500
68.765.000;95.786;-0.0199;672.190;169.410;20.705;77.579.297;14.561.502;0    9.2500
68.770.000;95.807;-0.0199;671.793;161.790;20.780;78.272.090;14.618.311;0    9.2500
68.775.000;95.828;-0.0200;671.493;153.030;20.830;79.023.125;14.679.896;0    9.2500
68.780.000;95.849;-0.0200;671.375;146.870;20.686;78.127.246;14.606.433;0    9.2500
68.785.000;95.870;-0.0201;671.324;146.780;20.864;77.158.867;14.527.027;0    9.2500
68.790.000;95.891;-0.0201;671.453;146.690;20.813;76.195.762;14.448.052;0    9.2500
68.795.000;95.865;-0.0202;671.808;152.660;20.857;75.237.871;14.369.504;0    9.2500
68.800.000;95.804;-0.0202;672.277;158.660;20.913;74.285.215;14.291.387;0    9.2500
68.805.000;95.742;-0.0203;672.768;172.180;20.905;73.291.289;14.209.885;0    9.2500
68.810.000;95.681;-0.0203;673.233;179.600;20.883;75.079.141;14.356.489;0    9.2500
68.815.000;95.619;-0.0204;673.532;182.710;20.989;77.071.543;14.519.866;0    9.2500
68.820.000;95.558;-0.0204;673.667;182.610;20.777;76.876.113;14.503.840;0    9.2500
68.825.000;95.496;-0.0205;673.565;181.380;20.692;76.632.734;14.483.883;0    9.2500
68.830.000;95.435;-0.0205;673.161;176.350;20.745;76.395.898;14.464.463;0    9.2500
68.835.000;95.373;-0.0206;672.667;172.240;20.862;76.161.504;14.445.243;0    9.2500
68.840.000;95.312;-0.0206;672.189;170.080;20.919;75.927.441;14.426.049;0    9.2500
68.845.000;95.251;-0.0207;671.767;163.080;20.688;75.692.988;14.406.825;0    9.2500
68.850.000;95.189;-0.0208;671.511;155.470;20.607;75.457.461;14.387.511;0    9.2500
68.855.000;95.128;-0.0208;671.383;147.860;20.616;75.176.992;14.364.513;0    9.2500
68.860.000;95.066;-0.0209;671.324;139.320;20.640;76.485.313;14.471.795;0    9.2500
68.865.000;95.004;-0.0209;671.324;132.630;20.559;78.166.426;14.609.646;0    9.2500
68.870.000;94.944;-0.0210;671.324;125.020;20.604;79.863.555;14.748.811;0    9.2500
68.875.000;94.917;-0.0211;671.324;120.820;20.678;81.576.855;14.889.301;0    9.2500
68.880.000;94.994;-0.0212;671.324;120.710;20.703;82.953.711;15.002.204;0    9.2500
68.885.000;95.067;-0.0213;671.324;120.640;20.651;80.354.199;14.789.043;0    9.2500
68.890.000;95.140;-0.0214;671.324;122.220;20.598;79.678.652;14.733.649;0    9.2500
68.895.000;95.212;-0.0214;671.324;126.530;20.545;78.964.590;14.675.096;0    9.2500
68.900.000;95.285;-0.0215;671.324;131.000;20.495;78.251.934;14.616.658;0    9.2500
68.905.000;95.358;-0.0216;671.324;138.510;20.495;77.542.344;14.558.471;0    9.2500
68.910.000;95.430;-0.0217;671.324;144.520;20.592;76.834.727;14.500.447;0    9.2500
68.915.000;95.503;-0.0218;671.324;147.220;20.728;76.128.984;14.442.576;0    9.2500
68.920.000;95.576;-0.0219;671.324;150.400;20.865;75.179.414;14.364.711;0    9.2500
68.925.000;95.648;-0.0220;671.324;153.150;20.954;75.460.410;14.387.753;0    9.2500
68.930.000;95.721;-0.0221;671.324;156.300;21.022;75.922.461;14.425.641;0    9.2500
68.935.000;95.793;-0.0225;671.324;156.200;20.934;76.380.137;14.463.170;0    9.2500
68.940.000;95.866;-0.0225;671.324;156.110;20.872;76.838.887;14.500.789;0    9.2500
68.945.000;95.939;-0.0224;671.324;156.010;20.843;77.298.535;14.538.479;0    9.2500
68.950.000;96.011;-0.0224;671.324;155.930;20.901;77.759.395;14.576.270;0    9.2500
68.955.000;96.084;-0.0223;671.324;155.840;20.985;78.221.563;14.614.168;0    9.2500
68.960.000;96.157;-0.0223;671.324;152.100;21.024;78.685.234;14.652.189;0    9.2500
68.965.000;96.229;-0.0223;671.324;149.560;20.806;79.024.941;14.680.044;0    9.2500
68.970.000;96.302;-0.0222;671.324;143.400;20.885;79.023.496;14.679.926;0    9.2500
68.975.000;96.375;-0.0222;671.324;141.420;20.973;79.023.281;14.679.909;0    9.2500
68.980.000;96.447;-0.0221;671.324;133.800;21.022;79.023.125;14.679.896;0    9.2500
68.985.000;96.499;-0.0221;671.324;130.960;21.126;79.023.125;14.679.896;0    9.2500
68.990.000;96.513;-0.0220;671.324;130.880;21.114;79.023.125;14.679.896;0    9.2500
68.995.000;96.290;-0.0220;671.324;129.200;21.169;79.023.125;14.679.896;0    9.2500
69.000.000;96.356;-0.0220;671.324;124.620;20.786;79.023.125;14.679.896;0    9.2500
69.005.000;96.405;-0.0219;671.324;124.530;20.854;79.027.949;14.680.292;0    9.2500
69.010.000;96.455;-0.0219;671.324;118.360;20.897;79.023.125;14.679.896;0    9.2500
69.015.000;96.506;-0.0218;671.324;118.270;20.918;79.023.125;14.679.896;0    9.2500
69.020.000;96.556;-0.0218;671.324;118.180;20.928;75.176.992;14.364.513;0    9.2500
69.025.000;96.607;-0.0217;671.324;118.090;20.891;18.837.646;97.446.865;92.500
69.030.000;96.657;-0.0217;671.324;117.990;20.918;2.612.705;51.342.417;92.500
69.035.000;96.701;-0.0217;671.324;117.900;20.842;9.129.312;56.686.035;92.500
69.040.000;96.700;-0.0217;671.324;117.810;20.775;2.051.709;67.282.402;92.500
69.045.000;96.700;-0.0217;671.324;121.600;20.813;21.137.949;99.333.115;92.500
69.050.000;96.700;-0.0217;671.324;123.710;20.729;81.596.758;14.890.933;0    9.2500
69.055.000;96.700;-0.0217;671.324;123.620;20.737;80.977.754;14.840.175;0    9.2500
69.060.000;96.700;-0.0217;671.324;125.650;20.780;80.977.754;14.840.175;0    9.2500
69.065.000;96.700;-0.0217;671.324;129.510;20.718;80.977.754;14.840.175;0    9.2500
69.070.000;96.700;-0.0217;671.324;129.410;20.686;80.977.754;14.840.175;0    9.2500
69.075.000;96.700;-0.0217;671.324;129.330;20.736;80.977.754;14.840.175;0    9.2500
69.080.000;96.700;-0.0217;671.324;129.240;20.796;80.977.754;14.840.175;0    9.2500
69.085.000;96.700;-0.0217;671.324;129.150;20.827;81.024.824;14.844.035;0    9.2500
69.090.000;96.700;-0.0216;671.324;129.040;20.827;80.915.645;14.835.083;0    9.2500
69.095.000;96.700;-0.0216;671.324;128.970;20.855;81.256.855;14.863.062;0    9.2500
69.100.000;96.700;-0.0216;671.324;128.880;20.912;47.509.023;12.095.740;0    9.2500
69.105.000;96.700;-0.0216;671.324;125.820;20.852;20.567.686;98.865.498;92.500
69.110.000;96.700;-0.0216;671.324;122.610;20.890;7.462.139;88.118.955;92.500
69.115.000;96.700;-0.0216;671.324;122.520;20.838;33.849.531;10.975.661;0    9.2500
69.120.000;96.701;-0.0216;671.324;122.430;20.917;59.995.439;13.119.626;0    9.2500
69.125.000;96.615;-0.0216;671.324;122.340;20.965;82.953.711;15.002.204;0    9.2500
69.130.000;96.488;-0.0216;671.324;122.250;20.816;82.953.711;15.002.204;0    9.2500
69.135.000;96.359;-0.0216;671.324;128.230;20.665;82.953.711;15.002.204;0    9.2500
69.140.000;96.230;-0.0216;671.324;128.150;20.666;82.953.711;15.002.204;0    9.2500
69.145.000;96.101;-0.0216;671.324;128.050;20.721;38.603.203;11.365.462;0    9.2500
69.150.000;95.972;-0.0216;671.324;124.160;20.704;16.426.074;95.469.385;92.500
69.155.000;95.842;-0.0216;671.324;121.780;20.755;4.838.193;85.967.314;92.500
69.160.000;95.714;-0.0216;671.324;121.090;20.830;31.924.316;10.817.793;0    9.2500
69.165.000;95.722;-0.0216;671.324;115.530;20.794;75.818.594;14.417.125;0    9.2500
69.170.000;95.747;-0.0216;671.324;115.440;20.675;80.977.754;14.840.175;0    9.2500
69.175.000;95.772;-0.0215;671.324;109.260;20.821;80.977.754;14.840.175;0    9.2500
69.180.000;95.797;-0.0215;671.324;108.870;20.870;80.977.754;14.840.175;0    9.2500
69.185.000;95.822;-0.0215;671.324;103.010;20.661;80.977.754;14.840.175;0    9.2500
69.190.000;95.846;-0.0215;671.324;99.720;20.705;80.977.754;14.840.175;0    9.2500
69.195.000;95.871;-0.0215;671.324;96.730;20.753;80.977.754;14.840.175;0    9.2500
69.200.000;95.896;-0.0215;671.324;96.660;20.609;26.451.338;10.369.009;0    9.2500
69.205.000;95.921;-0.0215;671.324;104.090;20.678;7.669.990;63.689.390;92.500
69.210.000;95.946;-0.0215;671.324;111.520;20.760;1.352.905;42.109.380;92.500
69.215.000;95.971;-0.0215;671.324;114.620;20.629;5.100.874;53.382.715;92.500
69.220.000;95.995;-0.0215;671.324;120.600;20.697;3.152.051;76.384.683;92.500
69.225.000;96.020;-0.0215;671.324;121.660;20.803;83.881.758;15.078.303;0    9.2500
69.230.000;96.045;-0.0215;671.324;126.500;20.815;82.365.273;14.953.952;0    9.2500
69.235.000;96.070;-0.0215;671.324;126.410;20.723;82.972.930;15.003.780;0    9.2500
69.240.000;96.095;-0.0215;671.324;126.310;20.645;82.348.984;14.952.616;0    9.2500
69.245.000;96.096;-0.0215;671.324;125.390;20.749;82.145.820;14.935.957;0    9.2500
69.250.000;96.089;-0.0215;671.324;120.060;20.845;81.942.891;14.919.317;0    9.2500
69.255.000;96.082;-0.0215;671.324;116.250;20.705;81.740.176;14.902.694;0    9.2500
69.260.000;96.076;-0.0214;671.324;113.790;20.721;81.537.715;14.886.092;0    9.2500
69.265.000;96.069;-0.0214;671.324;113.710;20.689;81.335.449;14.869.506;0    9.2500
69.270.000;96.062;-0.0214;671.324;111.640;20.737;81.133.438;14.852.941;0    9.2500
69.275.000;96.055;-0.0214;671.324;110.860;20.692;80.931.621;14.836.392;0    9.2500
69.280.000;96.049;-0.0214;671.324;113.430;20.745;80.730.059;14.819.864;0    9.2500
69.285.000;96.042;-0.0214;671.324;113.340;20.779;80.528.711;14.803.354;0    9.2500
69.290.000;96.035;-0.0214;671.324;113.250;20.830;80.327.578;14.786.861;0    9.2500
69.295.000;96.028;-0.0214;671.324;113.160;20.856;80.126.680;14.770.387;0    9.2500
69.300.000;96.022;-0.0214;671.324;113.070;20.758;79.925.996;14.753.931;0    9.2500
69.305.000;96.015;-0.0214;671.324;112.980;20.844;79.725.547;14.737.495;0    9.2500
69.310.000;96.008;-0.0214;671.324;112.890;20.918;79.524.551;14.721.012;0    9.2500
69.315.000;96.002;-0.0214;671.324;109.980;20.907;79.291.680;14.701.918;0    9.2500
69.320.000;95.995;-0.0214;671.324;106.630;20.915;79.097.500;14.685.995;0    9.2500
69.325.000;95.988;-0.0214;671.324;106.530;20.942;78.479.473;14.635.316;0    9.2500
69.330.000;95.981;-0.0214;671.324;106.440;20.969;77.948.613;14.591.786;0    9.2500
69.335.000;95.975;-0.0214;671.324;106.350;20.998;15.833.252;94.983.262;92.500
69.340.000;95.968;-0.0214;671.324;106.260;21.050;5.614.009;62.003.486;92.500
69.345.000;95.961;-0.0214;671.324;106.160;21.016;5.668.530;62.048.193;92.500
69.350.000;95.954;-0.0213;671.324;112.170;21.019;5.244.805;86.300.742;92.500
69.355.000;95.948;-0.0213;671.324;112.070;21.045;80.977.754;14.840.175;0    9.2500
69.360.000;95.941;-0.0213;671.324;111.980;20.980;80.759.922;14.822.313;0    9.2500
69.365.000;95.934;-0.0213;671.324;111.870;20.905;80.460.977;14.797.799;0    9.2500
69.370.000;95.927;-0.0213;671.324;111.790;20.843;80.162.520;14.773.326;0    9.2500
69.375.000;95.920;-0.0213;671.324;113.600;20.799;79.864.570;14.748.894;0    9.2500
69.380.000;95.914;-0.0213;671.324;117.690;20.759;79.566.992;14.724.493;0    9.2500
69.385.000;95.907;-0.0214;671.324;117.580;20.711;79.270.020;14.700.141;0    9.2500
69.390.000;95.902;-0.0214;671.324;123.590;20.794;78.940.273;14.673.102;0    9.2500
69.395.000;95.803;-0.0214;671.324;125.090;20.834;78.453.457;14.633.183;0    9.2500
69.400.000;95.725;-0.0214;671.324;129.480;20.800;77.966.758;14.593.274;0    9.2500
69.405.000;95.897;-0.0214;671.324;133.880;20.945;77.481.387;14.553.473;0    9.2500
69.410.000;96.065;-0.0214;671.324;135.380;20.970;77.264.902;14.535.721;0    9.2500
69.415.000;96.235;-0.0214;671.324;135.290;21.020;77.346.191;14.542.387;0    9.2500
69.420.000;96.261;-0.0214;671.324;135.200;21.103;48.263.545;12.157.610;0    9.2500
69.425.000;96.200;-0.0214;671.324;135.110;21.063;7.462.139;88.118.955;92.500
69.430.000;96.137;-0.0214;671.324;135.010;20.961;50.470.918;12.338.615;0    9.2500
69.435.000;96.074;-0.0214;671.324;127.860;20.840;48.786.533;12.200.496;0    9.2500
69.440.000;96.011;-0.0215;671.324;120.240;20.717;47.238.203;12.073.532;0    9.2500
69.445.000;95.948;-0.0215;671.324;112.630;20.766;86.970.586;15.331.587;0    9.2500
69.450.000;95.900;-0.0215;671.324;104.250;20.840;83.307.246;15.031.194;0    9.2500
69.455.000;95.907;-0.0215;671.324;98.090;20.945;81.095.703;14.849.847;0    9.2500
69.460.000;95.913;-0.0215;671.324;100.120;20.861;79.023.125;14.679.896;0    9.2500
69.465.000;95.920;-0.0215;671.324;107.560;20.782;53.164.658;12.559.502;0    9.2500
69.470.000;95.926;-0.0215;671.324;109.970;20.696;14.041.152;93.513.740;92.500
69.475.000;95.932;-0.0215;671.324;115.960;20.674;7.456.572;79.914.390;92.500
69.480.000;95.938;-0.0215;671.324;117.690;20.757;2.203.877;83.807.178;92.500
69.485.000;95.944;-0.0215;671.324;125.130;20.851;39.629.365;11.449.607;0    9.2500
69.490.000;95.950;-0.0216;671.324;127.840;20.919;82.953.711;15.002.204;0    9.2500
69.495.000;95.956;-0.0216;671.324;133.830;20.988;79.540.039;14.722.283;0    9.2500
69.500.000;95.962;-0.0216;671.324;133.740;20.884;73.285.020;14.209.371;0    9.2500
69.505.000;95.968;-0.0216;671.324;133.650;20.731;77.312.051;14.539.587;0    9.2500
69.510.000;95.974;-0.0216;671.324;133.560;20.691;84.806.289;15.154.115;0    9.2500
69.515.000;95.980;-0.0216;671.324;133.470;20.750;65.919.297;13.605.381;0    9.2500
69.520.000;95.986;-0.0216;671.324;133.370;20.654;71.413.496;14.055.906;0    9.2500
69.525.000;95.992;-0.0216;671.324;130.620;20.624;65.080.605;13.536.609;0    9.2500
69.530.000;95.998;-0.0216;671.324;127.110;20.680;51.717.881;12.440.866;0    9.2500
69.535.000;96.004;-0.0216;671.324;120.940;20.602;6.904.307;79.461.528;92.500
69.540.000;96.010;-0.0217;671.324;120.850;20.414;4.423.687;44.627.422;92.500
69.545.000;96.016;-0.0217;671.324;118.400;20.469;7.075.239;30.401.697;92.500
69.550.000;96.022;-0.0217;671.324;112.690;20.484;1.352.905;42.109.380;92.500
69.555.000;96.028;-0.0217;671.324;108.410;20.549;8.574.766;72.631.309;92.500
69.560.000;96.034;-0.0217;671.324;108.330;20.683;52.775.957;12.527.627;0    9.2500
69.565.000;96.040;-0.0217;671.324;108.240;20.772;75.363.906;14.379.839;0    9.2500
69.570.000;96.046;-0.0217;671.324;106.980;20.648;75.786.758;14.414.513;0    9.2500
69.575.000;96.053;-0.0217;671.324;104.380;20.651;76.866.328;14.503.039;0    9.2500
69.580.000;96.059;-0.0217;671.324;101.880;20.702;77.428.887;14.549.168;0    9.2500
69.585.000;96.065;-0.0216;671.324;101.790;20.787;78.034.414;14.598.822;0    9.2500
69.590.000;96.071;-0.0216;671.324;101.700;20.833;78.642.012;14.648.644;0    9.2500
69.595.000;96.077;-0.0215;671.324;101.610;20.706;79.251.699;14.698.639;0    9.2500
69.600.000;96.083;-0.0215;671.324;101.520;20.735;79.863.457;14.748.803;0    9.2500
69.605.000;96.089;-0.0215;671.324;101.430;20.710;80.477.305;14.799.138;0    9.2500
69.610.000;96.095;-0.0214;671.324;101.340;20.783;81.093.242;14.849.645;0    9.2500
69.615.000;96.085;-0.0214;671.324;101.250;20.783;81.712.441;14.900.419;0    9.2500
69.620.000;95.974;-0.0213;671.324;101.160;20.827;82.333.906;14.951.379;0    9.2500
69.625.000;95.894;-0.0213;671.324;101.060;20.839;82.953.711;15.002.204;0    9.2500
69.630.000;95.882;-0.0213;671.324;100.970;20.955;82.194.668;14.939.962;0    9.2500
69.635.000;95.868;-0.0212;671.324;100.880;21.042;81.251.211;14.862.599;0    9.2500
69.640.000;95.854;-0.0212;671.324;106.860;20.960;80.312.656;14.785.637;0    9.2500
69.645.000;95.841;-0.0211;671.324;106.780;20.909;79.378.965;14.709.075;0    9.2500
69.650.000;95.827;-0.0211;671.324;106.690;21.000;54.499.922;12.668.993;0    9.2500
69.655.000;95.813;-0.0211;671.324;110.320;21.090;153.501;65.725.869;92.500
69.660.000;95.800;-0.0210;671.324;112.580;21.010;2.807.676;67.902.295;92.500
69.665.000;95.786;-0.0210;671.324;118.580;21.100;8.431.484;64.313.818;92.500
69.670.000;95.772;-0.0209;671.324;118.480;21.040;11.751.162;91.635.947;92.500
69.675.000;95.759;-0.0209;671.324;118.390;20.972;82.953.711;15.002.204;0    9.2500
69.680.000;95.745;-0.0208;671.324;118.280;20.943;82.524.277;14.966.990;0    9.2500
69.685.000;95.732;-0.0208;671.324;118.210;20.801;82.014.727;14.925.207;0    9.2500
69.690.000;95.718;-0.0208;671.324;118.120;20.664;81.506.621;14.883.543;0    9.2500
69.695.000;95.704;-0.0207;671.324;118.020;20.649;80.999.922;14.841.993;0    9.2500
69.700.000;95.691;-0.0207;671.324;113.380;20.799;80.494.648;14.800.561;0    9.2500
69.705.000;95.677;-0.0206;671.324;111.760;20.702;79.990.762;14.759.242;0    9.2500
69.710.000;95.663;-0.0206;671.324;111.670;20.594;79.488.301;14.718.041;0    9.2500
69.715.000;95.650;-0.0205;671.324;111.580;20.646;78.987.246;14.676.954;0    9.2500
69.720.000;95.636;-0.0205;671.324;115.740;20.575;78.487.578;14.635.981;0    9.2500
69.725.000;95.623;-0.0205;671.324;117.480;20.606;77.989.316;14.595.124;0    9.2500
69.730.000;95.609;-0.0204;671.324;124.530;20.578;77.492.441;14.554.379;0    9.2500
69.735.000;95.595;-0.0204;671.324;129.450;20.473;76.996.953;14.513.750;0    9.2500
69.740.000;95.582;-0.0203;671.324;129.360;20.515;76.502.793;14.473.228;0    9.2500
69.745.000;95.568;-0.0203;671.324;135.340;20.635;76.010.195;14.432.835;0    9.2500
69.750.000;95.554;-0.0203;671.324;135.260;20.699;75.522.168;14.392.817;0    9.2500
69.755.000;95.541;-0.0202;671.324;135.170;20.682;75.164.727;14.363.507;0    9.2500
69.760.000;95.527;-0.0202;671.324;135.080;20.857;75.176.973;14.364.511;0    9.2500
69.765.000;95.514;-0.0201;671.324;128.890;20.949;75.176.777;14.364.496;0    9.2500
69.770.000;95.500;-0.0201;671.324;128.810;21.014;75.176.992;14.364.513;0    9.2500
69.775.000;95.476;-0.0201;671.324;128.720;20.921;75.176.992;14.364.513;0    9.2500
69.780.000;95.452;-0.0200;671.324;128.630;20.828;75.176.992;14.364.513;0    9.2500
69.785.000;95.428;-0.0200;671.324;128.530;20.790;75.176.992;14.364.513;0    9.2500
69.790.000;95.404;-0.0199;671.324;128.450;20.745;75.176.992;14.364.513;0    9.2500
69.795.000;95.380;-0.0199;671.324;128.360;20.762;75.176.992;14.364.513;0    9.2500
69.800.000;95.357;-0.0199;671.324;128.270;20.797;75.176.992;14.364.513;0    9.2500
69.805.000;95.333;-0.0198;671.324;128.180;20.824;75.176.914;14.364.506;0    9.2500
69.810.000;95.309;-0.0198;671.324;134.160;20.821;75.177.070;14.364.519;0    9.2500
69.815.000;95.285;-0.0197;671.324;141.440;20.784;75.176.367;14.364.461;0    9.2500
69.820.000;95.261;-0.0196;671.324;146.140;20.605;75.262.773;14.371.546;0    9.2500
69.825.000;95.237;-0.0194;671.324;146.050;20.693;75.416.406;14.384.145;0    9.2500
69.830.000;95.213;-0.0193;671.324;139.870;20.800;75.570.820;14.396.807;0    9.2500
69.835.000;95.190;-0.0191;671.324;132.720;20.906;75.725.215;14.409.467;0    9.2500
69.840.000;95.166;-0.0189;671.324;127.540;21.004;75.879.785;14.422.142;0    9.2500
69.845.000;95.142;-0.0180;671.324;123.570;21.226;76.034.492;14.434.828;0    9.2500
69.850.000;95.118;-0.0165;671.324;121.270;21.549;76.189.336;14.447.525;0    9.2500
69.855.000;95.082;-0.0142;671.324;120.500;21.895;76.344.316;14.460.233;0    9.2500
69.860.000;95.000;-0.0119;671.324;117.140;22.463;76.499.434;14.472.953;0    9.2500
69.865.000;94.923;-0.0096;671.324;121.000;23.672;76.655.430;14.485.745;0    9.2500
69.870.000;94.901;-0.0073;671.324;120.900;25.492;76.875.332;14.503.777;0    9.2500
69.875.000;95.190;-0.0055;671.324;126.900;27.117;76.838.906;14.500.790;0    9.2500
69.880.000;95.485;-0.0037;671.324;126.810;27.899;77.089.629;14.521.349;0    9.2500
69.885.000;95.783;-0.0027;671.324;129.980;28.184;55.318.574;12.736.123;0    9.2500
69.890.000;96.080;-0.0019;671.324;138.770;28.372;5.588.223;86.582.344;92.500
69.895.000;96.310;-0.0011;671.324;138.690;28.533;7.810.283;55.604.434;92.500
69.900.000;96.088;-0.0002;671.530;152.280;28.687;1.632.485;42.338.638;92.500
69.905.000;95.924;0.0014;672.184;156.750;28.883;9.571.287;32.448.455;92.500
69.910.000;95.533;0.0030;673.253;165.480;28.890;9.617.489;16.086.340;92.500
69.915.000;95.727;0.0045;674.725;174.800;28.717;760.985;8.824.008;92.500
69.920.000;95.901;0.0044;676.736;189.300;28.719;6.204.968;5.088.074;92.500
69.925.000;96.076;0.0033;679.376;201.600;28.645;4.608.983;3.779.366;92.500
69.930.000;96.010;0.0046;682.848;213.130;28.326;100.778;16.482.638;92.500
69.935.000;95.816;0.0111;687.352;229.140;27.794;5.951.857;13.080.522;92.500
69.940.000;95.624;0.0307;693.221;250.940;27.054;4.595.338;11.968.177;92.500
69.945.000;95.432;0.0667;700.346;285.650;26.362;3.190.592;10.816.285;92.500
69.950.000;95.238;0.1053;709.813;330.720;25.824;5.520.227;4.526.586;92.500
69.955.000;95.027;0.1419;721.023;386.830;25.231;3.189.296;2.615.223;92.500
69.960.000;94.726;0.1728;732.310;429.320;25.423;2.352.263;1.956.357;92.500
69.965.000;94.433;0.1941;742.352;502.380;25.619;1.343.510;1.148.197;92.500
69.970.000;94.141;0.1795;749.891;559.530;25.500;811.298;709.998;92.500
69.975.000;93.845;0.1504;753.661;580.990;25.431;847.176;739.755;92.500
69.980.000;93.494;0.1188;752.781;574.230;24.978;894.087;778.582;92.500
69.985.000;93.074;0.0793;746.251;555.590;24.557;1.379.323;1.176.643;92.500
69.990.000;92.707;0.0358;735.905;515.820;24.004;1.923.590;1.614.922;92.500
69.995.000;92.799;-0.0133;723.160;440.800;23.131;2.637.802;2.181.009;92.500
70.000.000;92.894;-0.0202;709.740;343.470;21.203;5.386.149;12.616.642;92.500
70.005.000;92.988;-0.0201;697.500;276.470;21.253;6.513.004;5.340.663;92.500
70.010.000;93.081;-0.0200;687.186;209.470;21.184;3.488.921;19.487.112;92.500
70.015.000;93.174;-0.0199;679.827;142.480;21.160;8.497.573;59.095.815;92.500
70.020.000;93.266;-0.0199;675.310;97.290;21.230;79.503.105;16.484.275;0    9.2500
70.025.000;93.359;-0.0198;672.439;89.700;20.733;79.297.227;16.464.099;0    9.2500
70.030.000;93.452;-0.0198;671.324;87.780;20.794;79.324.883;16.466.800;0    9.2500
70.035.000;93.545;-0.0197;671.324;88.760;20.922;79.023.125;16.437.240;0    9.2500
70.040.000;93.637;-0.0196;671.324;93.740;20.935;79.023.125;16.437.222;0    9.2500
70.045.000;93.701;-0.0196;671.324;93.680;20.736;79.023.125;16.437.212;0    9.2500
70.050.000;93.700;-0.0195;671.324;99.690;20.784;79.023.125;16.437.203;0    9.2500
70.055.000;93.700;-0.0195;671.324;99.640;20.710;79.023.125;16.437.195;0    9.2500
70.060.000;93.700;-0.0194;671.324;99.570;20.790;79.023.125;16.437.185;0    9.2500
70.065.000;93.700;-0.0193;671.324;103.180;20.866;79.023.125;16.437.168;0    9.2500
70.070.000;93.700;-0.0190;671.324;105.530;20.923;79.023.125;16.437.158;0    9.2500
70.075.000;93.700;-0.0183;671.324;105.470;20.977;79.023.125;16.437.148;0    9.2500
70.080.000;93.700;-0.0177;671.324;105.410;21.041;79.023.125;16.437.140;0    9.2500
70.085.000;93.700;-0.0153;671.324;105.350;21.352;79.023.125;16.437.132;0    9.2500
70.090.000;93.700;-0.0103;671.965;105.280;21.681;79.072.402;16.441.951;0    9.2500
70.095.000;93.700;-0.0027;675.615;105.890;22.039;79.023.125;16.437.105;0    9.2500
70.100.000;93.723;0.0055;681.742;131.750;22.515;79.023.125;16.437.095;0    9.2500
70.105.000;93.869;0.0213;690.277;191.180;23.506;50.743.496;13.682.918;0    9.2500
70.110.000;94.012;0.0616;701.635;304.350;24.234;7.292.212;39.368.882;92.500
70.115.000;94.156;0.0793;714.874;384.620;24.428;5.106.298;6.526.129;92.500
70.120.000;94.302;0.0924;729.539;453.310;24.990;2.169.603;17.622.631;92.500
70.125.000;94.510;0.0715;741.127;528.520;24.722;7.524.706;10.165.154;92.500
70.130.000;94.721;0.0358;743.169;586.560;23.767;4.878.454;6.193.254;92.500
70.135.000;94.934;0.0000;739.127;584.980;22.494;5.110.726;6.532.713;92.500
70.140.000;95.194;-0.0157;730.078;523.680;21.096;6.138.324;8.057.322;92.500
70.145.000;95.410;-0.0180;717.839;363.050;20.607;8.848.127;29.390.125;92.500
70.150.000;95.195;-0.0190;704.125;232.590;20.484;6.255.112;8.232.828;92.500
70.155.000;94.888;-0.0197;689.527;134.890;20.528;3.624.817;22.636.563;92.500
70.160.000;94.930;-0.0197;678.168;96.650;20.447;1.806.396;94.124.160;92.500
70.165.000;94.963;-0.0197;673.172;88.440;20.489;80.962.148;19.412.464;0    9.2500
70.170.000;94.998;-0.0197;671.324;95.910;20.531;80.930.957;19.408.918;0    9.2500
70.175.000;95.032;-0.0196;671.324;104.250;20.547;80.899.785;19.405.369;0    9.2500
70.180.000;95.067;-0.0196;671.324;111.420;20.580;80.868.594;19.401.810;0    9.2500
70.185.000;95.102;-0.0196;671.324;122.370;20.626;80.837.422;19.398.275;0    9.2500
70.190.000;95.136;-0.0196;671.324;125.790;20.671;80.806.270;19.394.730;0    9.2500
70.195.000;95.171;-0.0196;671.324;128.330;20.676;80.775.098;19.391.183;0    9.2500
70.200.000;95.205;-0.0196;671.324;127.970;20.598;80.743.945;19.387.640;0    9.2500
70.205.000;95.240;-0.0195;671.324;122.130;20.682;80.712.793;19.384.095;0    9.2500
70.210.000;95.275;-0.0195;671.324;118.860;20.624;80.681.641;19.380.543;0    9.2500
70.215.000;95.295;-0.0195;671.324;115.920;20.626;80.650.508;19.376.998;0    9.2500
70.220.000;95.270;-0.0195;671.324;121.950;20.545;80.619.375;19.373.457;0    9.2500
70.225.000;95.246;-0.0195;671.324;121.880;20.582;80.588.242;19.369.925;0    9.2500
70.230.000;95.222;-0.0195;671.324;121.820;20.660;80.557.109;19.366.375;0    9.2500
70.235.000;95.198;-0.0194;671.324;126.150;20.641;80.525.996;19.362.835;0    9.2500
70.240.000;95.174;-0.0194;671.324;127.780;20.701;80.494.883;19.359.294;0    9.2500
70.245.000;95.150;-0.0194;671.324;121.640;20.696;80.463.770;19.355.757;0    9.2500
70.250.000;95.126;-0.0194;671.324;121.580;20.652;80.432.676;19.352.218;0    9.2500
70.255.000;95.102;-0.0194;671.324;117.410;20.650;80.401.563;19.348.671;0    9.2500
70.260.000;95.078;-0.0194;671.324;115.380;20.719;80.370.469;19.345.134;0    9.2500
70.265.000;95.055;-0.0193;671.324;128.410;20.698;80.339.395;19.341.607;0    9.2500
70.270.000;95.031;-0.0193;671.324;135.880;20.623;80.308.301;19.338.072;0    9.2500
70.275.000;95.007;-0.0194;671.324;143.350;20.708;80.277.227;19.334.539;0    9.2500
70.280.000;94.983;-0.0196;671.324;151.600;20.823;80.246.152;19.331.003;0    9.2500
70.285.000;94.959;-0.0198;671.324;150.890;20.844;80.215.098;19.327.459;0    9.2500
70.290.000;94.935;-0.0200;671.324;145.410;20.684;80.184.043;19.323.927;0    9.2500
70.295.000;94.911;-0.0202;671.324;141.780;20.646;80.152.988;19.320.406;0    9.2500
70.300.000;94.922;-0.0204;671.324;139.200;20.581;80.121.934;19.316.873;0    9.2500
70.305.000;94.962;-0.0201;671.324;133.070;20.514;80.090.879;19.313.341;0    9.2500
70.310.000;95.002;-0.0200;671.324;131.170;20.557;80.059.844;19.309.800;0    9.2500
70.315.000;95.042;-0.0200;671.324;126.870;20.609;80.028.809;19.306.271;0    9.2500
70.320.000;95.082;-0.0199;671.324;120.720;20.589;79.997.793;19.302.742;0    9.2500
70.325.000;95.122;-0.0198;671.324;120.670;20.611;79.966.758;19.299.224;0    9.2500
70.330.000;95.163;-0.0198;671.324;120.610;20.761;79.935.742;19.295.697;0    9.2500
70.335.000;95.203;-0.0195;671.324;120.550;20.916;79.904.727;19.292.169;0    9.2500
70.340.000;95.243;-0.0192;671.324;120.490;20.971;79.873.730;19.288.632;0    9.2500
70.345.000;95.284;-0.0188;671.324;126.500;20.870;79.842.734;19.285.107;0    9.2500
70.350.000;95.202;-0.0179;671.324;127.740;20.798;79.811.738;19.281.582;0    9.2500
70.355.000;95.035;-0.0170;671.324;135.210;20.878;79.780.742;19.278.058;0    9.2500
70.360.000;94.866;-0.0162;671.477;142.680;21.092;79.749.746;19.274.521;0    9.2500
70.365.000;94.715;-0.0153;671.853;150.570;21.345;79.718.770;19.271.009;0    9.2500
70.370.000;95.036;-0.0145;672.249;163.700;21.507;79.687.793;19.267.488;0    9.2500
70.375.000;95.059;-0.0147;672.490;173.630;21.650;79.656.836;19.263.964;0    9.2500
70.380.000;94.994;-0.0153;673.136;180.790;21.705;79.625.859;19.260.445;0    9.2500
70.385.000;94.926;-0.0159;674.668;180.720;21.209;79.594.902;19.256.923;0    9.2500
70.390.000;94.901;-0.0166;677.151;174.600;21.083;79.563.945;19.253.394;0    9.2500
70.395.000;94.893;-0.0172;681.440;189.400;21.085;79.533.008;19.249.873;0    9.2500
70.400.000;94.755;-0.0178;687.622;219.450;21.128;79.502.070;19.246.355;0    9.2500
70.405.000;94.853;-0.0184;695.763;253.430;20.998;79.471.133;19.242.847;0    9.2500
70.410.000;95.011;-0.0190;707.828;337.110;20.826;79.440.195;19.239.308;0    9.2500
70.415.000;95.167;-0.0196;721.696;408.500;20.656;79.409.258;19.235.800;0    9.2500
70.420.000;95.321;-0.0200;737.717;468.690;20.549;79.378.340;19.232.285;0    9.2500
70.425.000;95.476;-0.0203;758.820;532.820;20.445;79.347.422;19.228.769;0    9.2500
70.430.000;95.629;-0.0205;788.059;583.180;20.361;79.316.523;19.225.255;0    9.2500
70.435.000;95.779;-0.0205;816.600;650.870;20.299;79.285.605;19.221.742;0    9.2500
70.440.000;95.964;-0.0205;843.341;765.060;20.251;79.254.707;19.218.216;0    9.2500
70.445.000;95.875;-0.0205;866.879;1.018.540;20.354;79.223.809;19.214.714;0    9.2500
70.450.000;95.666;-0.0205;884.076;1.085.710;20.424;79.192.930;19.211.203;0    9.2500
70.455.000;95.564;-0.0207;900.189;1.031.290;20.231;79.162.051;19.207.691;0    9.2500
70.460.000;95.461;-0.0215;909.844;938.960;19.741;79.131.172;19.204.168;0    9.2500
70.465.000;95.359;-0.0223;909.485;881.740;19.399;79.100.371;19.200.669;0    9.2500
70.470.000;95.481;-0.0230;909.844;1.346.870;19.062;79.069.414;19.197.150;0    9.2500
70.475.000;95.842;-0.0238;909.844;1.678.520;18.987;79.038.633;19.193.650;0    9.2500
70.480.000;96.712;-0.0246;910.203;1.961.140;19.242;78.947.656;19.183.285;0    9.2500
70.485.000;97.870;-0.0253;913.077;2.243.770;19.361;78.796.641;19.166.074;0    9.2500
70.490.000;99.037;-0.0255;913.077;2.526.390;19.266;78.645.879;19.148.921;0    9.2500
70.495.000;100.123;-0.0251;913.077;2.809.010;19.302;78.495.098;19.131.730;0    9.2500
70.500.000;100.103;-0.0247;913.077;2.931.630;19.400;78.344.512;19.114.576;0    9.2500
70.505.000;99.324;-0.0243;913.077;2.685.970;19.496;78.194.063;19.097.437;0    9.2500
70.510.000;98.541;-0.0239;913.077;2.440.320;19.642;78.043.730;19.080.314;0    9.2500
70.515.000;97.749;-0.0235;913.077;2.194.660;19.650;77.893.535;19.063.207;0    9.2500
70.520.000;96.942;-0.0233;913.077;1.949.010;19.742;77.743.457;19.046.113;0    9.2500
70.525.000;96.995;-0.0231;913.077;1.702.760;19.807;77.593.516;19.029.035;0    9.2500
70.530.000;97.111;-0.0230;913.077;1.489.650;19.821;77.443.691;19.011.964;0    9.2500
70.535.000;97.222;-0.0229;913.077;1.410.120;19.855;77.294.004;18.994.918;0    9.2500
70.540.000;97.234;-0.0227;905.569;1.321.690;19.945;77.144.434;18.977.884;0    9.2500
70.545.000;97.007;-0.0226;888.178;1.244.720;20.147;76.994.980;18.960.871;0    9.2500
70.550.000;96.785;-0.0225;861.818;1.034.990;20.310;76.845.684;18.943.878;0    9.2500
70.555.000;96.561;-0.0223;831.292;801.420;20.453;76.696.484;18.926.894;0    9.2500
70.560.000;96.337;-0.0222;798.178;622.000;20.364;76.547.422;18.909.921;0    9.2500
70.565.000;96.111;-0.0221;763.109;439.940;20.254;76.398.477;18.892.968;0    9.2500
70.570.000;96.148;-0.0222;728.760;355.810;20.325;76.249.668;18.876.029;0    9.2500
70.575.000;96.204;-0.0223;702.966;260.670;20.396;76.100.977;18.859.091;0    9.2500
70.580.000;96.258;-0.0223;687.135;191.340;20.470;75.952.422;18.842.183;0    9.2500
70.585.000;96.313;-0.0224;679.577;147.900;20.446;75.803.984;18.825.289;0    9.2500
70.590.000;96.367;-0.0225;674.618;128.560;20.526;75.655.684;18.808.408;0    9.2500
70.595.000;96.421;-0.0225;672.015;128.460;20.553;75.507.500;18.791.544;0    9.2500
70.600.000;96.475;-0.0223;671.324;143.460;20.448;75.359.434;18.774.697;0    9.2500
70.605.000;96.500;-0.0220;671.324;153.730;20.522;75.211.504;18.757.863;0    9.2500
70.610.000;96.500;-0.0218;671.324;159.760;20.571;75.063.691;18.741.043;0    9.2500
70.615.000;96.500;-0.0216;671.324;159.700;20.509;74.915.996;18.724.228;0    9.2500
70.620.000;96.500;-0.0214;671.324;159.640;20.597;74.768.438;18.707.439;0    9.2500
70.625.000;96.500;-0.0214;671.324;159.570;20.528;74.620.996;18.690.677;0    9.2500
70.630.000;96.500;-0.0214;671.324;159.010;20.514;74.473.691;18.673.908;0    9.2500
70.635.000;96.500;-0.0215;671.324;153.370;20.504;74.326.504;18.657.166;0    9.2500
70.640.000;96.500;-0.0216;671.324;149.910;20.619;74.179.434;18.640.435;0    9.2500
70.645.000;96.500;-0.0217;671.324;147.160;20.650;74.032.500;18.623.712;0    9.2500
70.650.000;96.500;-0.0218;671.324;141.030;20.641;73.885.684;18.607.023;0    9.2500
70.655.000;96.500;-0.0218;671.324;139.290;20.675;73.738.984;18.590.330;0    9.2500
70.660.000;96.500;-0.0219;671.324;131.700;20.657;73.591.445;18.573.558;0    9.2500
70.665.000;96.500;-0.0220;671.324;128.680;20.581;73.443.398;18.556.722;0    9.2500
70.670.000;96.500;-0.0221;671.324;122.550;20.459;73.296.582;18.540.033;0    9.2500
70.675.000;96.500;-0.0222;671.324;116.410;20.398;74.302.305;18.654.470;0    9.2500
70.680.000;96.500;-0.0222;671.324;113.490;20.550;75.442.090;18.784.242;0    9.2500
70.685.000;96.500;-0.0223;671.324;110.210;20.528;76.600.684;18.916.193;0    9.2500
70.690.000;96.500;-0.0224;671.324;110.150;20.483;77.772.363;19.049.701;0    9.2500
70.695.000;96.500;-0.0225;671.324;110.090;20.505;78.906.523;19.178.966;0    9.2500
70.700.000;96.500;-0.0225;671.324;110.030;20.606;68.004.277;17.938.488;0    9.2500
70.705.000;96.500;-0.0225;671.324;114.010;20.707;56.554.697;16.640.984;0    9.2500
70.710.000;96.500;-0.0225;671.324;115.990;20.817;7.369.902;67.404.937;92.500
70.715.000;96.500;-0.0225;671.324;116.790;20.740;1.322.261;71.684.180;92.500
70.720.000;96.500;-0.0225;671.324;121.950;20.645;7.374.058;78.270.586;92.500
70.725.000;96.500;-0.0225;671.324;125.640;20.681;38.400.957;14.595.770;0    9.2500
70.730.000;96.500;-0.0225;671.324;133.970;20.662;3.669.375;96.188.672;92.500
70.735.000;96.500;-0.0225;671.324;134.500;20.625;440.103;38.860.120;92.500
70.740.000;96.503;-0.0225;671.324;139.940;20.622;1.104.209;39.548.667;92.500
70.745.000;96.385;-0.0225;671.324;139.880;20.503;5.242.739;65.109.688;92.500
70.750.000;96.241;-0.0225;671.324;133.730;20.578;23.328.477;12.910.067;0    9.2500
70.755.000;96.112;-0.0225;671.324;127.280;20.483;75.812.227;18.826.517;0    9.2500
70.760.000;96.342;-0.0225;671.324;119.690;20.410;77.410.410;19.008.562;0    9.2500
70.765.000;96.192;-0.0225;671.324;112.100;20.465;77.869.707;19.060.904;0    9.2500
70.770.000;95.394;-0.0225;671.324;115.250;20.554;78.330.176;19.113.402;0    9.2500
70.775.000;95.382;-0.0225;671.324;127.390;20.680;78.791.855;19.166.021;0    9.2500
70.780.000;95.824;-0.0225;671.324;136.360;20.590;79.254.707;19.218.796;0    9.2500
70.785.000;96.273;-0.0225;671.324;148.410;20.631;79.718.730;19.271.730;0    9.2500
70.790.000;96.744;-0.0225;671.324;151.490;20.682;80.184.043;19.324.796;0    9.2500
70.795.000;96.685;-0.0225;671.324;151.430;20.732;80.650.508;19.377.998;0    9.2500
70.800.000;96.702;-0.0225;671.324;150.150;20.714;80.977.754;19.415.341;0    9.2500
70.805.000;96.700;-0.0225;671.324;142.560;20.608;51.012.295;16.015.085;0    9.2500
70.810.000;96.700;-0.0218;671.324;139.090;20.546;108.125;10.333.510;0    9.2500
70.815.000;96.700;-0.0208;671.324;126.870;20.638;5.592.544;76.327.993;92.500
70.820.000;96.700;-0.0191;671.325;120.730;20.731;6.989.663;56.258.955;92.500
70.825.000;96.700;-0.0170;671.325;120.670;20.820;2.164.695;21.687.788;92.500
70.830.000;96.699;-0.0138;671.325;120.610;21.016;606.224;12.956.283;92.500
70.835.000;96.700;-0.0095;671.326;120.540;21.548;9.592.626;11.307.917;92.500
70.840.000;96.764;-0.0039;672.338;121.160;22.121;73.019;12.172.559;92.500
70.845.000;97.081;0.0103;674.498;132.860;23.018;5.013.224;16.589.597;92.500
70.850.000;97.375;0.0287;677.429;155.390;23.908;9.671.070;11.448.070;92.500
70.855.000;97.735;0.0466;680.450;199.320;24.221;5.619.177;4.854.186;92.500
70.860.000;98.309;0.0507;682.959;231.650;23.691;5.512.952;16.974.203;92.500
70.865.000;98.891;0.0163;684.578;260.000;23.106;513.858;380.937;92.500
70.870.000;99.307;-0.0075;684.641;256.640;21.663;443.186;400.647;92.500
70.875.000;98.254;-0.0177;683.318;235.550;20.851;655.793;581.297;92.500
70.880.000;97.251;-0.0198;680.852;210.440;20.906;1.501.549;1.277.420;92.500
70.885.000;96.753;-0.0210;677.701;168.360;20.919;692.343;8.767.721;92.500
70.890.000;96.884;-0.0217;674.878;141.200;20.874;4.972.987;4.077.849;92.500
70.895.000;97.006;-0.0213;672.656;118.550;20.842;9.957.461;81.965.117;92.500
70.900.000;97.037;-0.0207;671.370;107.600;20.877;45.198.633;11.906.288;0    9.2500
70.905.000;96.736;-0.0202;671.326;108.840;21.000;74.251.035;14.288.585;0    9.2500
70.910.000;96.839;-0.0196;671.326;113.560;21.154;4.958.252;4.065.767;92.500
70.915.000;96.777;-0.0190;671.326;117.700;21.077;6.025.784;13.141.143;92.500
70.920.000;96.601;-0.0192;671.327;131.670;20.960;5.593.160;4.586.391;92.500
70.925.000;96.421;-0.0200;671.327;137.700;20.842;5.866.877;4.810.839;92.500
70.930.000;96.241;-0.0207;671.327;140.110;20.724;8.476.428;6.950.671;92.500
70.935.000;96.061;-0.0215;671.326;143.650;20.604;5.113.698;4.193.232;92.500
70.940.000;95.881;-0.0221;671.326;137.500;20.634;5.115.464;12.394.680;92.500
70.945.000;95.701;-0.0218;671.325;135.950;20.687;82.622.891;14.975.077;0    9.2500
70.950.000;95.521;-0.0212;671.325;120.830;20.592;79.997.793;14.759.819;0    9.2500
70.955.000;95.499;-0.0203;671.325;109.360;20.638;76.769.414;14.495.091;0    9.2500
70.960.000;95.499;-0.0195;671.325;100.780;20.592;73.598.926;14.235.111;0    9.2500
70.965.000;95.499;-0.0186;671.325;100.730;20.710;360.684;57.695.762;92.500
70.970.000;95.505;-0.0178;671.326;102.600;20.859;6.547.722;5.456.670;92.500
70.975.000;95.599;-0.0169;671.328;110.070;20.997;8.410.273;19.640.734;92.500
70.980.000;95.693;-0.0161;671.329;118.770;20.856;4.514.592;3.443.883;92.500
70.985.000;95.601;-0.0167;671.329;131.090;20.757;2.632.377;1.731.369;92.500
70.990.000;95.490;-0.0175;671.329;138.560;20.726;2.194.651;1.380.280;92.500
70.995.000;95.378;-0.0183;671.329;142.920;20.700;2.277.350;1.445.185;92.500
71.000.000;95.266;-0.0195;671.329;138.290;20.575;3.162.628;2.175.635;92.500
71.005.000;95.155;-0.0205;671.329;124.560;20.620;7.378.958;6.320.976;92.500
71.010.000;95.043;-0.0204;671.328;106.260;20.566;138.878;21.962.703;92.500
71.015.000;94.927;-0.0203;671.327;106.200;20.472;5.069.175;3.976.964;92.500
71.020.000;94.900;-0.0202;671.327;106.140;20.445;1.799.292;24.233.892;92.500
71.025.000;94.900;-0.0201;671.327;106.080;20.514;6.453.602;5.360.300;92.500
71.030.000;94.900;-0.0197;671.327;106.020;20.582;6.383.901;5.289.043;92.500
71.035.000;94.900;-0.0190;671.327;105.960;20.566;6.383.901;5.289.053;92.500
71.040.000;94.900;-0.0183;671.328;105.900;20.651;1.984.398;11.463.824;92.500
71.045.000;94.900;-0.0177;671.327;105.840;20.718;4.710.176;3.630.429;92.500
71.050.000;94.900;-0.0170;671.327;105.780;20.761;6.268.863;5.171.812;92.500
71.055.000;94.900;-0.0163;671.327;105.710;20.767;6.621.308;5.532.494;92.500
71.060.000;94.900;-0.0157;671.327;111.740;20.952;7.004.571;5.929.239;92.500
71.065.000;94.900;-0.0150;671.328;111.670;21.101;6.505.085;5.413.129;92.500
71.070.000;94.900;-0.0143;671.328;111.610;21.108;8.273.146;7.273.289;92.500
71.075.000;94.900;-0.0146;671.328;111.540;20.893;7.546.769;6.498.143;92.500
71.080.000;94.900;-0.0158;671.329;111.490;20.819;3.075.756;2.099.616;92.500
71.085.000;94.853;-0.0171;671.328;111.430;20.682;2.702.259;1.788.506;92.500
71.090.000;94.771;-0.0185;671.328;111.370;20.693;3.373.747;2.366.024;92.500
71.095.000;94.689;-0.0199;671.328;111.300;20.736;4.661.806;3.822.681;92.500
71.100.000;94.607;-0.0199;671.327;105.170;20.790;6.074.233;21.380.872;92.500
71.105.000;94.524;-0.0196;671.327;105.110;20.787;86.970.586;15.331.587;0    9.2500
71.110.000;94.442;-0.0193;671.326;105.050;20.879;4.659.305;3.820.630;92.500
71.115.000;94.360;-0.0190;671.326;102.730;20.845;2.736.680;21.492.129;92.500
71.120.000;94.277;-0.0190;671.326;98.840;20.714;7.201.612;11.290.388;92.500
71.125.000;94.195;-0.0191;671.326;98.780;20.668;6.728.398;10.398.036;92.500
71.130.000;94.113;-0.0192;671.326;98.720;20.604;5.356.926;7.942.618;92.500
71.135.000;94.031;-0.0193;671.326;98.660;20.654;9.242.556;15.251.458;92.500
71.140.000;93.948;-0.0193;671.326;98.600;20.548;4.505.726;23.172.910;92.500
71.145.000;93.883;-0.0194;671.326;98.540;20.546;475.994;29.171.709;92.500
71.150.000;93.842;-0.0194;671.326;100.990;20.619;4.659.305;6.765.445;92.500
71.155.000;93.800;-0.0195;671.326;104.500;20.596;3.072.074;21.804.778;92.500
71.160.000;93.759;-0.0196;671.326;110.510;20.524;7.712.240;12.265.497;92.500
71.165.000;93.718;-0.0196;671.327;111.240;20.574;4.813.591;7.024.049;92.500
71.170.000;93.677;-0.0197;671.327;116.470;20.648;666.221;29.367.075;92.500
71.175.000;93.635;-0.0197;671.327;120.100;20.609;4.078.703;5.803.209;92.500
71.180.000;93.594;-0.0199;671.327;122.430;20.526;3.984.755;3.267.499;92.500
71.185.000;93.553;-0.0200;671.327;122.370;20.444;4.535.514;3.719.121;92.500
71.190.000;93.512;-0.0201;671.327;122.310;20.495;100.778;16.482.638;92.500
71.195.000;93.470;-0.0202;671.326;122.250;20.544;1.703.857;9.597.163;92.500
71.200.000;93.429;-0.0203;671.326;122.180;20.600;7.595.261;6.228.114;92.500
71.205.000;93.388;-0.0204;671.325;116.050;20.540;77.546.777;14.558.835;0    9.2500
71.210.000;93.345;-0.0205;671.325;114.300;20.611;73.773.711;14.249.444;0    9.2500
71.215.000;93.298;-0.0205;671.324;109.850;20.674;75.705.039;14.407.813;0    9.2500
71.220.000;93.560;-0.0205;671.324;103.700;20.711;79.584.785;14.725.952;0    9.2500
71.225.000;93.858;-0.0205;671.324;103.650;20.671;80.977.754;14.840.175;0    9.2500
71.230.000;94.157;-0.0205;671.324;103.590;20.732;59.558.213;13.083.773;0    9.2500
71.235.000;94.456;-0.0205;671.324;103.530;20.665;45.647.979;11.943.133;0    9.2500
71.240.000;94.754;-0.0205;671.324;107.780;20.663;6.563.477;87.382.051;92.500
71.245.000;95.052;-0.0205;671.324;109.480;20.706;2.807.676;67.902.295;92.500
71.250.000;95.351;-0.0200;671.324;109.420;20.737;3.711.787;68.643.667;92.500
71.255.000;95.547;-0.0193;671.324;111.950;20.691;5.591.021;45.584.639;92.500
71.260.000;95.651;-0.0187;671.325;115.380;20.872;1.459.517;33.996.804;92.500
71.265.000;95.667;-0.0180;671.326;115.310;21.007;4.576.418;28.352.664;92.500
71.270.000;95.606;-0.0173;671.327;115.260;20.972;9.736.636;24.384.041;92.500
71.275.000;95.542;-0.0174;671.329;115.200;21.128;8.495.593;15.166.387;92.500
71.280.000;95.386;-0.0183;671.331;115.140;21.163;2.612.089;2.160.495;92.500
71.285.000;95.017;-0.0192;671.331;121.150;20.941;511.488;457.460;92.500
71.290.000;94.652;-0.0198;671.331;121.090;20.848;525.876;469.578;92.500
71.295.000;94.284;-0.0199;671.332;121.030;20.944;1.671.733;1.413.120;92.500
71.300.000;93.916;-0.0199;671.331;124.470;20.900;5.218.623;4.279.271;92.500
71.305.000;93.934;-0.0200;671.329;126.990;21.037;6.400.588;13.448.483;92.500
71.310.000;94.003;-0.0201;671.328;126.610;20.909;5.258.762;4.312.185;92.500
71.315.000;94.070;-0.0202;671.328;120.790;20.804;5.289.293;4.337.220;92.500
71.320.000;94.137;-0.0203;671.328;120.730;20.859;5.610.428;4.600.551;92.500
71.325.000;94.204;-0.0204;671.328;120.660;20.728;7.826.621;6.417.829;92.500
71.330.000;94.271;-0.0205;671.328;114.480;20.827;4.559.204;3.738.547;92.500
71.335.000;94.267;-0.0206;671.327;108.390;20.733;7.678.188;6.296.114;92.500
71.340.000;94.209;-0.0206;671.327;105.380;20.723;8.121.362;6.659.517;92.500
71.345.000;94.151;-0.0207;671.327;97.790;20.669;8.842.340;7.250.719;92.500
71.350.000;94.094;-0.0208;671.326;89.970;20.707;3.096.940;10.739.491;92.500
71.355.000;94.036;-0.0209;671.326;89.910;20.686;2.900.884;26.978.726;92.500
71.360.000;93.978;-0.0210;671.326;92.520;20.720;9.389.780;15.899.619;92.500
71.365.000;93.920;-0.0211;671.326;99.990;20.731;350.223;8.487.183;92.500
71.370.000;93.862;-0.0212;671.326;107.960;20.683;6.453.602;5.291.954;92.500
71.375.000;93.804;-0.0213;671.326;121.970;20.760;8.582.190;7.037.396;92.500
71.380.000;93.745;-0.0212;671.326;134.560;20.825;4.022.004;11.498.043;92.500
71.385.000;93.702;-0.0207;671.326;138.180;20.777;3.952.563;36.041.101;92.500
71.390.000;93.816;-0.0203;671.326;132.030;20.817;1.913.325;67.168.926;92.500
71.395.000;93.933;-0.0194;671.326;119.140;20.842;6.222.393;29.702.361;92.500
71.400.000;94.049;-0.0181;671.326;111.550;20.931;674.441;16.953.042;92.500
71.405.000;94.164;-0.0169;671.328;107.540;21.037;4.461.254;3.658.228;92.500
71.410.000;94.276;-0.0156;671.330;113.550;21.116;100.778;16.482.638;92.500
71.415.000;94.527;-0.0164;671.331;126.060;21.169;5.715.156;4.686.428;92.500
71.420.000;94.801;-0.0178;671.332;131.670;20.841;542.573;483.835;92.500
71.425.000;95.075;-0.0192;671.332;131.610;20.481;488.377;437.729;92.500
71.430.000;95.347;-0.0206;671.332;125.460;20.482;874.838;763.183;92.500
71.435.000;95.482;-0.0209;671.331;119.210;20.524;2.019.424;1.691.782;92.500
71.440.000;95.437;-0.0210;671.329;111.610;20.593;9.015.881;15.593.022;92.500
71.445.000;95.395;-0.0210;671.327;107.050;20.718;4.559.204;4.866.439;92.500
71.450.000;95.352;-0.0210;671.326;115.950;20.719;9.762.778;61.578.413;92.500
71.455.000;95.309;-0.0210;671.325;125.170;20.668;30.660.439;10.023.677;0    9.2500
71.460.000;95.266;-0.0210;671.324;131.200;20.661;67.730.840;12.942.662;0    9.2500
71.465.000;95.223;-0.0210;671.324;131.120;20.654;80.977.754;13.997.807;0    9.2500
71.470.000;95.180;-0.0211;671.324;126.860;20.620;80.977.754;13.997.791;0    9.2500
71.475.000;95.136;-0.0211;671.324;118.840;20.598;80.202.246;13.935.937;0    9.2500
71.480.000;95.093;-0.0211;671.324;111.670;20.527;77.548.242;13.724.346;0    9.2500
71.485.000;95.050;-0.0211;671.324;104.080;20.558;75.176.992;13.535.378;0    9.2500
71.490.000;95.007;-0.0211;671.324;98.460;20.508;75.176.992;13.535.365;0    9.2500
71.495.000;94.965;-0.0212;671.324;94.280;20.565;75.176.992;13.535.349;0    9.2500
71.500.000;94.921;-0.0212;671.324;94.220;20.528;80.977.754;13.997.691;0    9.2500
71.505.000;94.873;-0.0212;671.324;96.380;20.735;80.526.309;13.961.674;0    9.2500
71.510.000;94.819;-0.0212;671.324;100.180;20.868;79.632.109;13.890.369;0    9.2500
71.515.000;94.765;-0.0212;671.324;106.190;20.815;24.577.813;95.614.014;92.500
71.520.000;94.711;-0.0213;671.325;112.700;20.688;9.562.693;31.443.867;92.500
71.525.000;94.657;-0.0213;671.325;118.240;20.665;2.564.088;21.388.391;92.500
71.530.000;94.603;-0.0213;671.326;121.560;20.592;5.852.722;8.820.394;92.500
71.535.000;94.549;-0.0213;671.326;124.190;20.635;6.157.300;9.356.890;92.500
71.540.000;94.495;-0.0213;671.326;130.210;20.614;6.453.602;9.882.415;92.500
71.545.000;94.441;-0.0212;671.325;130.150;20.677;2.404.849;21.058.257;92.500
71.550.000;94.387;-0.0211;671.325;126.970;20.700;4.708.667;47.394.878;92.500
71.555.000;94.333;-0.0210;671.325;119.390;20.803;8.302.935;60.829.717;92.500
71.560.000;94.310;-0.0209;671.325;117.810;20.920;3.001.072;55.385.088;92.500
71.565.000;94.338;-0.0209;671.325;105.590;20.995;4.972.987;7.294.096;92.500
71.570.000;94.365;-0.0209;671.325;102.690;20.878;4.276.393;24.990.728;92.500
71.575.000;94.392;-0.0208;671.326;95.100;20.772;4.951.982;26.434.072;92.500
71.580.000;94.420;-0.0208;671.326;93.250;20.668;9.748.596;36.992.410;92.500
71.585.000;94.447;-0.0208;671.325;87.110;20.569;195.007;16.769.176;92.500
71.590.000;94.474;-0.0207;671.325;84.490;20.612;4.836.186;5.911.118;92.500
71.595.000;94.501;-0.0207;671.325;80.910;20.524;13.087.910;15.576.062;0    9.2500
71.600.000;94.529;-0.0207;671.324;80.850;20.564;73.285.020;12.627.930;0    9.2500
71.605.000;94.556;-0.0207;671.324;80.790;20.535;75.507.832;12.792.285;0    9.2500
71.610.000;94.583;-0.0206;671.324;80.730;20.561;79.029.766;13.052.761;0    9.2500
71.615.000;94.610;-0.0206;671.324;80.670;20.539;77.779.746;12.960.273;0    9.2500
71.620.000;94.638;-0.0206;671.324;80.600;20.585;76.291.250;12.850.170;0    9.2500
71.625.000;94.665;-0.0205;671.324;86.630;20.518;75.176.992;12.767.751;0    9.2500
71.630.000;94.693;-0.0205;671.324;88.590;20.525;75.176.992;12.767.729;0    9.2500
71.635.000;94.703;-0.0205;671.324;92.580;20.583;75.176.992;12.767.715;0    9.2500
71.640.000;94.715;-0.0205;671.325;104.670;20.686;75.176.992;12.767.694;0    9.2500
71.645.000;94.726;-0.0204;671.325;105.210;20.701;70.726.152;12.438.610;0    9.2500
71.650.000;94.737;-0.0204;671.325;120.220;20.656;4.659.305;3.820.630;92.500
71.655.000;94.748;-0.0204;671.326;132.010;20.568;287.518;16.635.765;92.500
71.660.000;94.760;-0.0203;671.326;140.900;20.616;8.495.593;15.166.387;92.500
71.665.000;94.771;-0.0203;671.326;140.850;20.591;475.994;16.790.315;92.500
71.670.000;94.782;-0.0203;671.326;140.790;20.651;4.813.591;3.947.144;92.500
71.675.000;94.793;-0.0203;671.326;140.730;20.704;60.601.201;13.169.298;0    9.2500
71.680.000;94.804;-0.0202;671.326;136.300;20.709;1.612.305;42.322.090;92.500
71.685.000;94.816;-0.0202;671.326;134.530;20.612;6.638.774;5.443.795;92.500
71.690.000;94.827;-0.0202;671.327;127.190;20.673;6.632.748;5.438.853;92.500
71.695.000;94.838;-0.0202;671.327;122.250;20.734;7.863.362;6.447.957;92.500
71.700.000;94.849;-0.0201;671.327;122.190;20.767;8.370.865;6.864.109;92.500
71.705.000;94.860;-0.0194;671.327;122.120;20.722;5.027.283;4.122.372;92.500
71.710.000;94.872;-0.0185;671.327;122.990;20.763;5.027.283;4.122.372;92.500
71.715.000;94.883;-0.0168;671.326;128.090;20.962;8.731.656;7.159.958;92.500
71.720.000;94.894;-0.0142;671.621;135.690;21.243;3.624.248;19.371.884;92.500
71.725.000;94.919;-0.0101;672.169;152.270;21.607;1.097.241;50.099.736;92.500
71.730.000;94.961;-0.0059;672.992;160.260;21.903;6.397.905;38.046.282;92.500
71.735.000;95.003;-0.0009;673.688;178.580;22.115;7.872.725;22.855.635;92.500
71.740.000;95.043;-0.0048;674.075;186.050;22.148;9.896.656;16.315.259;92.500
71.745.000;95.099;-0.0099;674.143;194.580;21.477;1.734.773;1.463.948;92.500
71.750.000;94.807;-0.0149;674.082;188.070;20.713;669.300;591.008;92.500
71.755.000;94.660;-0.0195;673.688;178.650;20.756;743.913;653.587;92.500
71.760.000;94.498;-0.0201;673.046;163.530;20.644;894.268;1.092.072;92.500
71.765.000;94.336;-0.0200;672.217;139.620;20.605;9.129.557;19.862.600;92.500
71.770.000;94.175;-0.0199;671.616;127.110;20.659;9.915.756;20.719.155;92.500
71.775.000;94.014;-0.0199;671.326;108.340;20.540;3.952.137;14.266.040;92.500
71.780.000;93.852;-0.0198;671.325;104.520;20.435;751.173;10.852.633;92.500
71.785.000;93.691;-0.0197;671.325;102.920;20.401;2.434.463;12.642.458;92.500
71.790.000;93.530;-0.0196;671.325;102.860;20.441;9.942.837;32.018.123;92.500
71.795.000;93.368;-0.0196;671.325;102.800;20.560;4.215.884;36.962.566;92.500
71.800.000;93.262;-0.0195;671.324;102.740;20.652;2.184.453;11.285.634;0    9.2500
71.805.000;93.194;-0.0194;671.324;98.490;20.577;79.023.125;19.771.996;0    9.2500
71.810.000;93.127;-0.0194;671.324;96.530;20.490;45.837.891;16.106.907;0    9.2500
71.815.000;93.060;-0.0193;671.324;96.470;20.457;6.301.504;11.740.366;0    9.2500
71.820.000;92.992;-0.0192;671.324;96.410;20.518;6.301.504;11.740.372;0    9.2500
71.825.000;92.925;-0.0192;671.324;100.270;20.567;30.141.230;14.373.334;0    9.2500
71.830.000;92.858;-0.0191;671.324;102.370;20.538;72.058.184;19.002.822;0    9.2500
71.835.000;92.791;-0.0190;671.324;102.310;20.569;80.526.973;19.938.179;0    9.2500
71.840.000;92.724;-0.0189;671.324;103.350;20.592;78.252.148;19.686.953;0    9.2500
71.845.000;92.666;-0.0189;671.324;107.050;20.512;4.204.111;92.998.760;92.500
71.850.000;92.615;-0.0188;671.325;108.210;20.563;9.541.707;31.556.677;92.500
71.855.000;92.563;-0.0187;671.325;114.230;20.535;364.249;10.443.083;92.500
71.860.000;92.512;-0.0187;671.325;114.160;20.661;287.518;21.124.922;92.500
71.865.000;92.460;-0.0186;671.326;117.470;20.748;5.951.857;16.417.996;92.500
71.870.000;92.408;-0.0185;671.326;120.120;20.796;475.994;21.330.693;92.500
71.875.000;92.356;-0.0185;671.325;123.200;20.635;4.585.253;14.945.978;92.500
71.880.000;92.303;-0.0185;671.325;126.080;20.628;6.369.532;6.232.275;92.500
71.885.000;92.300;-0.0185;671.325;126.020;20.636;4.014.482;48.459.751;92.500
71.890.000;92.300;-0.0186;671.325;125.960;20.585;4.736.506;37.568.550;92.500
71.895.000;92.300;-0.0186;671.324;131.980;20.535;4.835.430;49.431.841;92.500
71.900.000;92.300;-0.0186;671.324;131.910;20.605;9.250.928;87.528.916;92.500
71.905.000;92.300;-0.0186;671.324;131.850;20.587;40.083.623;15.471.587;0    9.2500
71.910.000;92.300;-0.0186;671.324;127.520;20.651;77.089.629;19.558.738;0    9.2500
71.915.000;92.300;-0.0186;671.324;125.650;20.642;6.717.456;62.641.875;92.500
71.920.000;92.300;-0.0186;671.324;125.590;20.570;5.078.794;26.451.987;92.500
71.925.000;92.300;-0.0186;671.324;125.530;20.573;8.881.194;30.797.698;92.500
71.930.000;92.300;-0.0187;671.324;121.480;20.639;8.329.565;41.764.990;92.500
71.935.000;92.300;-0.0187;671.324;119.330;20.546;852.344;100.342.598;92.500
71.940.000;92.300;-0.0187;671.324;118.450;20.611;77.089.629;19.558.824;0    9.2500
71.945.000;92.300;-0.0187;671.324;113.130;20.574;79.023.125;19.772.377;0    9.2500
71.950.000;92.300;-0.0187;671.324;113.070;20.645;79.023.125;19.772.386;0    9.2500
71.955.000;92.300;-0.0187;671.324;113.000;20.627;79.023.125;19.772.400;0    9.2500
71.960.000;92.300;-0.0187;671.324;112.950;20.770;75.882.246;19.425.525;0    9.2500
71.965.000;92.300;-0.0187;671.324;112.890;20.753;46.631.885;16.194.943;0    9.2500
71.970.000;92.266;-0.0187;671.324;116.280;20.574;19.029.551;13.146.371;0    9.2500
71.975.000;92.106;-0.0188;671.324;124.910;20.588;11.020.596;12.261.825;0    9.2500
71.980.000;91.951;-0.0188;671.324;124.860;20.486;33.099.014;14.700.325;0    9.2500
71.985.000;91.796;-0.0188;671.324;124.800;20.425;79.023.125;19.772.484;0    9.2500
71.990.000;91.640;-0.0188;671.324;124.740;20.302;78.428.848;19.706.859;0    9.2500
71.995.000;91.503;-0.0188;671.324;124.670;20.284;77.757.969;19.632.783;0    9.2500
72.000.000;91.547;-0.0188;671.324;118.540;20.330;77.089.629;19.558.984;0    9.2500
72.005.000;91.592;-0.0188;671.324;130.640;20.408;76.423.789;19.485.453;0    9.2500
72.010.000;91.635;-0.0188;671.323;124.470;20.592;75.760.449;19.412.199;0    9.2500
72.015.000;91.679;-0.0188;671.323;124.390;20.563;75.176.992;19.347.767;0    9.2500
72.020.000;91.700;-0.0189;671.323;124.310;20.516;77.245.020;19.576.193;0    9.2500
72.025.000;91.700;-0.0189;671.323;118.160;20.448;79.116.621;19.782.919;0    9.2500
72.030.000;91.706;-0.0189;671.323;118.090;20.400;81.007.988;19.991.828;0    9.2500
72.035.000;91.722;-0.0189;671.323;113.870;20.527;82.919.316;20.202.945;0    9.2500
72.040.000;91.739;-0.0189;671.323;111.850;20.576;84.951.250;20.427.388;0    9.2500
72.045.000;91.755;-0.0189;671.323;111.780;20.613;81.886.211;20.088.875;0    9.2500
72.050.000;91.772;-0.0189;671.323;111.700;20.665;75.176.992;19.347.863;0    9.2500
72.055.000;91.788;-0.0190;671.323;111.630;20.601;77.889.473;19.647.468;0    9.2500
72.060.000;91.805;-0.0190;671.323;111.540;20.563;80.977.754;19.988.580;0    9.2500
72.065.000;91.821;-0.0190;671.323;105.400;20.647;54.095.928;17.019.554;0    9.2500
72.070.000;91.838;-0.0190;671.323;105.320;20.629;12.232.754;12.395.861;0    9.2500
72.075.000;91.854;-0.0191;671.323;105.240;20.718;18.651.709;13.104.831;0    9.2500
72.080.000;91.871;-0.0191;671.323;105.160;20.755;81.244.512;20.018.097;0    9.2500
72.085.000;91.888;-0.0191;671.323;105.090;20.596;80.651.133;19.952.566;0    9.2500
72.090.000;91.913;-0.0191;671.323;103.070;20.601;80.652.363;19.952.718;0    9.2500
72.095.000;91.972;-0.0192;671.323;98.860;20.514;80.402.598;19.925.146;0    9.2500
72.100.000;92.030;-0.0192;671.323;104.850;20.549;80.197.422;19.902.505;0    9.2500
72.105.000;92.088;-0.0192;671.323;104.790;20.577;79.992.500;19.879.878;0    9.2500
72.110.000;92.147;-0.0192;671.323;106.410;20.522;79.787.793;19.857.279;0    9.2500
72.115.000;92.205;-0.0192;671.323;113.870;20.598;79.583.320;19.834.705;0    9.2500
72.120.000;92.263;-0.0193;671.323;116.720;20.658;79.379.082;19.812.168;0    9.2500
72.125.000;92.321;-0.0193;671.323;116.640;20.647;79.175.078;19.789.654;0    9.2500
72.130.000;92.379;-0.0193;671.323;116.570;20.504;78.971.289;19.767.156;0    9.2500
72.135.000;92.438;-0.0193;671.323;113.570;20.605;78.767.754;19.744.685;0    9.2500
72.140.000;92.498;-0.0194;671.323;110.330;20.734;78.564.434;19.722.238;0    9.2500
72.145.000;92.559;-0.0194;671.323;110.260;20.752;78.361.367;19.699.828;0    9.2500
72.150.000;92.623;-0.0194;671.323;104.100;20.483;78.158.516;19.677.443;0    9.2500
72.155.000;92.687;-0.0194;671.323;104.030;20.498;77.955.898;19.655.074;0    9.2500
72.160.000;92.751;-0.0195;671.323;99.820;20.483;77.753.516;19.632.728;0    9.2500
72.165.000;92.815;-0.0195;671.324;97.790;20.518;77.551.348;19.610.419;0    9.2500
72.170.000;92.879;-0.0195;671.324;98.690;20.397;77.349.414;19.588.127;0    9.2500
72.175.000;92.943;-0.0195;671.324;103.720;20.390;77.147.715;19.565.859;0    9.2500
72.180.000;93.007;-0.0196;671.324;107.540;20.416;76.946.250;19.543.625;0    9.2500
72.185.000;93.071;-0.0196;671.324;109.650;20.491;76.745.020;19.521.418;0    9.2500
72.190.000;93.135;-0.0196;671.324;115.660;20.565;76.544.004;19.499.226;0    9.2500
72.195.000;93.199;-0.0196;671.324;117.770;20.540;76.343.223;19.477.058;0    9.2500
72.200.000;93.264;-0.0197;671.324;121.580;20.404;76.142.676;19.454.916;0    9.2500
72.205.000;93.337;-0.0197;671.324;121.490;20.438;75.942.344;19.432.808;0    9.2500
72.210.000;93.425;-0.0197;671.324;127.510;20.506;75.742.246;19.410.728;0    9.2500
72.215.000;93.512;-0.0198;671.324;127.430;20.442;75.542.363;19.388.662;0    9.2500
72.220.000;93.600;-0.0199;671.324;127.360;20.382;75.342.734;19.366.619;0    9.2500
72.225.000;93.688;-0.0200;671.324;127.270;20.464;75.143.320;19.344.613;0    9.2500
72.230.000;93.776;-0.0200;671.324;121.120;20.498;74.944.121;19.322.621;0    9.2500
72.235.000;93.863;-0.0201;671.324;121.050;20.559;74.745.156;19.300.654;0    9.2500
72.240.000;93.951;-0.0202;671.324;120.970;20.657;74.546.426;19.278.714;0    9.2500
72.245.000;94.038;-0.0202;671.324;114.800;20.554;74.347.910;19.256.818;0    9.2500
72.250.000;94.126;-0.0203;671.324;108.660;20.436;74.149.629;19.234.925;0    9.2500
72.255.000;94.214;-0.0204;671.324;108.590;20.462;73.951.563;19.213.058;0    9.2500
72.260.000;94.301;-0.0204;671.324;108.510;20.422;73.755.254;19.191.384;0    9.2500
72.265.000;94.389;-0.0205;671.324;108.430;20.454;73.556.133;19.169.400;0    9.2500
72.270.000;94.481;-0.0206;671.324;114.440;20.474;73.285.020;19.139.484;0    9.2500
72.275.000;94.463;-0.0206;671.323;120.450;20.475;75.844.063;19.422.144;0    9.2500
72.280.000;94.413;-0.0207;671.323;123.040;20.498;79.023.125;19.773.279;0    9.2500
72.285.000;94.362;-0.0208;671.323;126.370;20.523;79.023.125;19.773.289;0    9.2500
72.290.000;94.312;-0.0208;671.323;126.290;20.524;79.023.125;19.773.310;0    9.2500
72.295.000;94.261;-0.0209;671.323;125.240;20.565;79.023.125;19.773.322;0    9.2500
72.300.000;94.211;-0.0209;671.323;120.060;20.596;79.023.125;19.773.332;0    9.2500
72.305.000;94.161;-0.0209;671.323;119.980;20.620;79.023.125;19.773.343;0    9.2500
72.310.000;94.110;-0.0209;671.323;113.820;20.615;79.023.125;19.773.365;0    9.2500
72.315.000;94.060;-0.0208;671.323;113.020;20.547;79.023.125;19.773.377;0    9.2500
72.320.000;94.009;-0.0208;671.323;107.600;20.597;79.023.125;19.773.386;0    9.2500
72.325.000;93.959;-0.0208;671.323;107.520;20.576;79.023.125;19.773.398;0    9.2500
72.330.000;93.907;-0.0208;671.323;107.440;20.651;79.023.125;19.773.419;0    9.2500
72.335.000;93.936;-0.0207;671.323;107.860;20.765;79.025.391;19.773.679;0    9.2500
72.340.000;93.979;-0.0207;671.323;115.320;20.671;79.023.125;19.773.441;0    9.2500
72.345.000;94.022;-0.0207;671.323;119.380;20.599;79.023.125;19.773.453;0    9.2500
72.350.000;94.065;-0.0207;671.323;125.370;20.703;77.137.695;19.565.224;0    9.2500
72.355.000;94.108;-0.0207;671.324;125.300;20.740;73.285.020;19.139.703;0    9.2500
72.360.000;94.151;-0.0206;671.324;125.230;20.626;56.690.762;17.306.841;0    9.2500
72.365.000;94.194;-0.0206;671.324;125.150;20.622;11.020.596;12.262.477;0    9.2500
72.370.000;94.237;-0.0206;671.324;122.770;20.501;27.978.340;14.135.509;0    9.2500
72.375.000;94.280;-0.0206;671.324;118.920;20.418;52.838.184;16.881.351;0    9.2500
72.380.000;94.323;-0.0205;671.323;118.840;20.567;75.435.898;19.377.328;0    9.2500
72.385.000;94.367;-0.0205;671.323;115.850;20.654;82.953.711;20.207.703;0    9.2500
72.390.000;94.410;-0.0205;671.323;112.610;20.714;81.536.074;20.051.138;0    9.2500
72.395.000;94.453;-0.0205;671.323;106.460;20.696;80.418.477;19.927.716;0    9.2500
72.400.000;94.496;-0.0205;671.323;107.600;20.550;79.340.371;19.808.644;0    9.2500
72.405.000;94.539;-0.0204;671.323;115.060;20.543;78.278.770;19.691.404;0    9.2500
72.410.000;94.582;-0.0204;671.323;122.530;20.577;77.223.457;19.574.849;0    9.2500
72.415.000;94.625;-0.0204;671.323;130.470;20.613;76.174.023;19.458.953;0    9.2500
72.420.000;94.668;-0.0204;671.323;136.480;20.649;75.129.590;19.343.605;0    9.2500
72.425.000;94.711;-0.0203;671.323;136.400;20.679;74.092.559;19.229.078;0    9.2500
72.430.000;94.754;-0.0203;671.323;136.320;20.536;73.280.449;19.139.388;0    9.2500
72.435.000;94.797;-0.0203;671.323;130.160;20.594;73.970.020;19.215.570;0    9.2500
72.440.000;94.837;-0.0203;671.323;130.090;20.673;74.652.031;19.290.910;0    9.2500
72.445.000;94.893;-0.0203;671.323;132.210;20.719;75.337.676;19.366.652;0    9.2500
72.450.000;95.214;-0.0202;671.323;139.660;20.763;76.175.840;19.459.242;0    9.2500
72.455.000;95.707;-0.0202;671.324;148.090;20.714;76.549.082;19.500.488;0    9.2500
72.460.000;96.098;-0.0202;671.324;148.020;20.725;73.833.418;19.200.543;0    9.2500
72.465.000;96.491;-0.0202;671.324;147.950;20.685;6.647.363;95.705.283;92.500
72.470.000;96.886;-0.0202;671.324;144.460;20.608;3.685.913;59.298.164;92.500
72.475.000;97.158;-0.0201;671.324;141.710;20.646;7.080.029;52.001.733;92.500
72.480.000;97.284;-0.0192;671.324;135.560;20.715;7.726.880;74.807.070;92.500
72.485.000;97.410;-0.0179;671.324;135.490;20.794;25.017.500;13.808.689;0    9.2500
72.490.000;97.535;-0.0149;671.324;135.410;21.035;71.413.496;18.933.326;0    9.2500
72.495.000;97.664;-0.0118;671.324;135.320;21.302;3.938.623;92.713.750;92.500
72.500.000;97.679;-0.0089;671.704;141.340;21.562;8.249.922;41.674.697;92.500
72.505.000;97.650;0.0047;673.452;144.190;22.327;6.981.952;17.532.512;92.500
72.510.000;97.620;0.0319;678.845;159.170;23.298;4.761.603;4.571.700;92.500
72.515.000;97.590;0.0727;691.456;178.560;24.356;100.778;20.922.502;92.500
72.520.000;97.560;0.1188;709.583;220.060;24.436;5.752.205;5.591.439;92.500
72.525.000;97.524;0.1527;728.411;350.080;22.789;2.214.528;1.835.411;92.500
72.530.000;97.496;0.2361;749.164;562.090;20.749;716.044;447.717;92.500
72.535.000;98.044;0.3000;776.103;635.900;19.815;235.118;136.465;92.500
72.540.000;100.392;0.3006;803.790;724.310;20.025;129.072;76.585;92.500
72.545.000;108.001;0.3102;822.291;799.850;21.489;83.500;50.666;92.500
72.550.000;103.398;0.3170;833.377;857.900;22.869;86.952;52.423;92.500
72.555.000;102.970;0.2995;832.611;872.170;25.012;97.197;58.357;92.500
72.560.000;100.523;0.2057;823.052;845.590;27.090;126.717;75.242;92.500
72.565.000;98.153;0.0870;806.904;756.290;28.324;169.303;99.324;92.500
72.570.000;96.524;0.0154;781.279;622.290;28.438;226.281;131.270;92.500
72.575.000;95.294;0.0094;753.170;466.100;28.287;304.744;174.867;92.500
72.580.000;94.075;0.0033;729.668;322.480;28.099;247.515;142.778;92.500
72.585.000;93.621;-0.0029;706.306;277.560;27.594;235.226;135.837;92.500
72.590.000;93.438;-0.0090;690.455;241.680;26.322;263.481;151.579;92.500
72.595.000;93.262;-0.0152;682.001;205.810;24.682;323.856;184.944;92.500
72.600.000;93.087;-0.0183;677.630;164.120;22.921;687.727;425.464;92.500
72.605.000;92.812;-0.0196;674.550;145.580;21.254;1.495.751;1.104.891;92.500
72.610.000;92.547;-0.0193;672.493;137.970;20.864;2.413.444;2.042.041;92.500
72.615.000;92.284;-0.0190;672.945;136.670;20.813;4.237.466;3.474.722;92.500
72.620.000;92.019;-0.0187;675.822;151.660;20.734;4.316.803;11.739.778;92.500
72.625.000;91.919;-0.0184;679.512;175.910;20.683;15.949.189;95.078.330;92.500
72.630.000;91.968;-0.0181;683.503;222.550;20.817;80.977.754;14.840.175;0    9.2500
72.635.000;92.018;-0.0178;687.003;275.190;20.880;78.806.348;14.662.120;0    9.2500
72.640.000;92.069;-0.0177;689.911;306.020;20.696;77.273.926;14.536.461;0    9.2500
72.645.000;92.120;-0.0177;692.324;309.350;20.603;75.754.629;14.411.879;0    9.2500
72.650.000;92.170;-0.0177;694.724;286.170;20.642;75.176.992;14.364.513;0    9.2500
72.655.000;92.220;-0.0177;697.580;263.960;20.664;75.176.992;14.364.513;0    9.2500
72.660.000;92.271;-0.0177;703.586;260.490;20.587;75.176.992;14.364.513;0    9.2500
72.665.000;92.322;-0.0177;715.430;333.350;20.477;75.176.992;14.364.513;0    9.2500
72.670.000;92.372;-0.0177;732.027;397.460;20.497;75.176.992;14.364.513;0    9.2500
72.675.000;92.423;-0.0177;752.232;522.870;20.617;75.176.992;14.364.513;0    9.2500
72.680.000;92.473;-0.0177;778.239;623.490;20.692;75.176.992;14.364.513;0    9.2500
72.685.000;92.523;-0.0176;808.447;703.870;20.633;75.176.992;14.364.513;0    9.2500
72.690.000;92.574;-0.0174;837.182;754.440;20.678;75.176.992;14.364.513;0    9.2500
72.695.000;92.625;-0.0172;862.081;852.490;20.614;75.176.992;14.364.513;0    9.2500
72.700.000;92.675;-0.0170;881.336;991.790;20.534;75.176.992;14.364.513;0    9.2500
72.705.000;92.725;-0.0169;896.047;1.141.250;20.474;75.176.992;14.364.513;0    9.2500
72.710.000;92.776;-0.0167;901.672;1.183.740;20.561;75.176.992;14.364.513;0    9.2500
72.715.000;92.826;-0.0165;892.734;1.177.810;20.671;75.176.992;14.364.513;0    9.2500
72.720.000;92.877;-0.0163;874.974;1.080.270;20.718;75.176.992;14.364.513;0    9.2500
72.725.000;92.970;-0.0161;855.164;843.070;20.801;75.176.992;14.364.513;0    9.2500
72.730.000;93.095;-0.0161;836.036;695.170;20.864;75.176.992;14.364.513;0    9.2500
72.735.000;93.089;-0.0161;819.304;641.600;20.701;75.176.992;14.364.513;0    9.2500
72.740.000;93.077;-0.0161;811.937;617.690;20.602;75.176.992;14.364.513;0    9.2500
72.745.000;93.064;-0.0161;818.940;642.160;20.619;75.176.992;14.364.513;0    9.2500
72.750.000;93.052;-0.0161;834.809;678.570;20.564;75.176.992;14.364.513;0    9.2500
72.755.000;93.040;-0.0161;854.024;838.710;20.612;75.176.992;14.364.513;0    9.2500
72.760.000;93.028;-0.0161;873.861;926.660;20.667;75.176.992;14.364.513;0    9.2500
72.765.000;93.016;-0.0148;891.696;1.008.800;20.605;75.176.992;14.364.513;0    9.2500
72.770.000;93.004;-0.0130;906.898;1.164.590;20.481;75.176.992;14.364.513;0    9.2500
72.775.000;92.992;-0.0111;913.077;1.231.380;20.554;75.176.992;14.364.513;0    9.2500
72.780.000;92.980;-0.0093;910.466;1.250.270;20.792;75.176.992;14.364.513;0    9.2500
72.785.000;92.968;-0.0078;899.512;1.218.600;20.855;75.176.992;14.364.513;0    9.2500
72.790.000;92.956;-0.0071;882.103;1.048.780;20.907;75.176.992;14.364.513;0    9.2500
72.795.000;92.944;-0.0072;860.526;896.510;20.951;75.176.992;14.364.513;0    9.2500
72.800.000;92.932;-0.0088;834.184;758.050;21.010;75.176.992;14.364.513;0    9.2500
72.805.000;92.920;-0.0115;805.840;641.470;20.963;75.176.992;14.364.513;0    9.2500
72.810.000;92.909;-0.0143;776.398;562.150;20.831;75.176.992;14.364.513;0    9.2500
72.815.000;92.964;-0.0170;749.239;494.730;20.844;75.176.992;14.364.513;0    9.2500
72.820.000;93.166;-0.0183;729.997;429.020;20.805;75.176.992;14.364.513;0    9.2500
72.825.000;93.311;-0.0188;716.124;372.260;20.609;75.176.992;14.364.513;0    9.2500
72.830.000;93.335;-0.0188;705.443;327.080;20.656;75.176.992;14.364.513;0    9.2500
72.835.000;93.361;-0.0187;697.482;286.760;20.701;75.176.992;14.364.513;0    9.2500
72.840.000;93.387;-0.0186;690.786;266.010;20.745;75.176.992;14.364.513;0    9.2500
72.845.000;93.413;-0.0184;685.834;244.060;20.791;75.176.992;14.364.513;0    9.2500
72.850.000;93.439;-0.0183;682.216;202.880;20.838;75.176.992;14.364.513;0    9.2500
72.855.000;93.464;-0.0182;679.868;178.500;20.876;75.176.992;14.364.513;0    9.2500
72.860.000;93.490;-0.0180;678.135;186.200;20.676;75.176.992;14.364.513;0    9.2500
72.865.000;93.516;-0.0179;677.148;193.670;20.501;75.176.992;14.364.513;0    9.2500
72.870.000;93.542;-0.0178;677.536;202.570;20.563;75.176.992;14.364.513;0    9.2500
72.875.000;93.568;-0.0177;678.654;202.510;20.627;75.176.992;14.364.513;0    9.2500
72.880.000;93.594;-0.0175;679.558;208.530;20.595;75.176.992;14.364.513;0    9.2500
72.885.000;93.620;-0.0174;680.380;211.350;20.715;75.176.992;14.364.513;0    9.2500
72.890.000;93.646;-0.0173;680.892;214.440;20.652;75.176.914;14.364.506;0    9.2500
72.895.000;93.672;-0.0174;681.262;214.360;20.792;75.175.996;14.364.431;0    9.2500
72.900.000;93.697;-0.0174;681.458;220.380;20.788;75.169.434;14.363.893;0    9.2500
72.905.000;93.723;-0.0174;681.354;217.610;20.786;75.460.098;14.387.727;0    9.2500
72.910.000;93.749;-0.0175;681.135;214.130;20.819;75.805.625;14.416.061;0    9.2500
72.915.000;93.775;-0.0175;680.795;214.050;20.853;76.153.262;14.444.567;0    9.2500
72.920.000;93.801;-0.0176;680.192;207.900;20.817;76.500.723;14.473.059;0    9.2500
72.925.000;93.827;-0.0176;679.518;207.830;20.722;76.848.828;14.501.603;0    9.2500
72.930.000;93.853;-0.0177;678.904;203.860;20.695;77.197.617;14.530.204;0    9.2500
72.935.000;93.879;-0.0177;678.418;201.590;20.735;77.547.109;14.558.863;0    9.2500
72.940.000;93.899;-0.0177;678.171;195.440;20.729;77.897.285;14.587.577;0    9.2500
72.945.000;93.822;-0.0178;677.979;195.360;20.843;78.248.145;14.616.347;0    9.2500
72.950.000;93.741;-0.0178;678.076;198.940;20.797;78.599.688;14.645.173;0    9.2500
72.955.000;93.661;-0.0179;678.270;201.290;20.836;78.951.934;14.674.058;0    9.2500
72.960.000;93.581;-0.0179;678.453;201.700;20.703;79.304.883;14.703.000;0    9.2500
72.965.000;93.501;-0.0179;678.614;207.220;20.565;79.658.516;14.731.998;0    9.2500
72.970.000;93.421;-0.0180;678.426;207.140;20.582;80.012.852;14.761.053;0    9.2500
72.975.000;93.340;-0.0180;677.906;200.980;20.522;80.367.891;14.790.167;0    9.2500
72.980.000;93.260;-0.0181;676.920;200.670;20.537;80.723.633;14.819.337;0    9.2500
72.985.000;93.180;-0.0181;675.698;193.050;20.616;80.977.754;14.840.175;0    9.2500
72.990.000;93.099;-0.0181;674.496;185.440;20.555;77.674.609;14.569.317;0    9.2500
72.995.000;93.020;-0.0181;673.447;170.270;20.627;64.196.992;13.464.153;0    9.2500
73.000.000;92.959;-0.0180;672.489;170.210;20.578;45.310.508;11.915.461;0    9.2500
73.005.000;92.900;-0.0180;671.778;162.600;20.648;52.794.063;12.529.113;0    9.2500
73.010.000;92.894;-0.0180;671.338;154.980;20.615;66.335.859;13.639.540;0    9.2500
73.015.000;92.878;-0.0179;671.329;147.370;20.518;79.023.125;14.679.896;0    9.2500
73.020.000;92.867;-0.0179;671.324;133.430;20.502;79.023.125;14.679.896;0    9.2500
73.025.000;92.857;-0.0179;671.324;126.060;20.667;79.023.125;14.679.896;0    9.2500
73.030.000;92.846;-0.0178;671.324;118.450;20.606;79.023.125;14.679.896;0    9.2500
73.035.000;92.836;-0.0178;671.324;110.840;20.601;79.023.125;14.679.896;0    9.2500
73.040.000;92.825;-0.0177;671.324;108.810;20.616;79.023.125;14.679.896;0    9.2500
73.045.000;92.815;-0.0178;671.324;116.760;20.688;79.023.125;14.679.896;0    9.2500
73.050.000;92.804;-0.0179;671.324;131.760;20.589;79.023.125;14.679.896;0    9.2500
73.055.000;92.793;-0.0181;671.324;146.770;20.459;79.023.125;14.679.896;0    9.2500
73.060.000;92.783;-0.0182;671.324;157.140;20.341;79.023.125;14.679.896;0    9.2500
73.065.000;92.772;-0.0184;671.324;163.150;20.399;79.023.125;14.679.896;0    9.2500
73.070.000;92.762;-0.0186;671.324;160.880;20.547;79.023.125;14.679.896;0    9.2500
73.075.000;92.751;-0.0187;671.324;156.910;20.708;79.028.047;14.680.299;0    9.2500
73.080.000;92.741;-0.0189;671.324;150.750;20.650;79.037.598;14.681.083;0    9.2500
73.085.000;92.730;-0.0188;671.324;150.200;20.567;79.023.125;14.679.896;0    9.2500
73.090.000;92.720;-0.0186;671.324;144.530;20.591;76.279.961;14.454.957;0    9.2500
73.095.000;92.709;-0.0184;671.324;144.450;20.601;67.774.570;13.757.514;0    9.2500
73.100.000;92.693;-0.0182;671.324;138.290;20.523;62.241.865;13.303.833;0    9.2500
73.105.000;92.640;-0.0181;671.324;131.660;20.558;71.712.148;14.080.396;0    9.2500
73.110.000;92.586;-0.0179;671.324;118.210;20.595;84.894.121;15.161.317;0    9.2500
73.115.000;92.533;-0.0177;671.324;113.750;20.643;83.979.727;15.086.337;0    9.2500
73.120.000;92.480;-0.0175;671.324;125.820;20.694;82.720.410;14.983.073;0    9.2500
73.125.000;92.426;-0.0173;671.376;144.000;20.753;81.469.727;14.880.517;0    9.2500
73.130.000;92.373;-0.0174;671.652;151.460;20.782;80.222.988;14.778.285;0    9.2500
73.135.000;92.319;-0.0175;671.953;161.840;20.651;79.026.992;14.680.212;0    9.2500
73.140.000;92.303;-0.0175;672.259;172.460;20.626;79.072.793;14.683.968;0    9.2500
73.145.000;92.310;-0.0176;672.582;180.160;20.664;79.130.527;14.688.703;0    9.2500
73.150.000;92.317;-0.0177;672.876;180.090;20.740;79.183.984;14.693.086;0    9.2500
73.155.000;92.324;-0.0177;673.162;180.020;20.765;79.237.207;14.697.451;0    9.2500
73.160.000;92.331;-0.0176;673.297;179.940;20.611;79.290.449;14.701.816;0    9.2500
73.165.000;92.338;-0.0175;673.018;179.860;20.621;79.343.711;14.706.184;0    9.2500
73.170.000;92.345;-0.0174;672.717;179.790;20.694;79.396.973;14.710.551;0    9.2500
73.175.000;92.352;-0.0173;672.410;177.280;20.757;79.450.273;14.714.921;0    9.2500
73.180.000;92.358;-0.0172;672.090;169.660;20.683;79.503.574;14.719.293;0    9.2500
73.185.000;92.365;-0.0171;671.796;161.310;20.701;79.556.895;14.723.665;0    9.2500
73.190.000;92.372;-0.0170;671.513;155.170;20.639;79.610.234;14.728.039;0    9.2500
73.195.000;92.379;-0.0169;671.324;155.090;20.666;79.663.594;14.732.415;0    9.2500
73.200.000;92.386;-0.0170;671.324;155.020;20.564;79.716.973;14.736.792;0    9.2500
73.205.000;92.393;-0.0172;671.324;148.850;20.525;79.770.352;14.741.168;0    9.2500
73.210.000;92.400;-0.0174;671.324;154.870;20.565;79.823.750;14.745.547;0    9.2500
73.215.000;92.407;-0.0176;671.324;156.730;20.422;79.877.168;14.749.927;0    9.2500
73.220.000;92.414;-0.0178;671.387;160.790;20.387;79.930.605;14.754.309;0    9.2500
73.225.000;92.421;-0.0179;671.456;166.780;20.445;79.984.043;14.758.691;0    9.2500
73.230.000;92.428;-0.0181;671.463;166.960;20.538;80.037.520;14.763.076;0    9.2500
73.235.000;92.435;-0.0183;671.471;172.720;20.702;80.090.996;14.767.461;0    9.2500
73.240.000;92.442;-0.0185;671.471;172.640;20.665;80.144.492;14.771.848;0    9.2500
73.245.000;92.449;-0.0185;671.463;166.470;20.726;80.198.008;14.776.236;0    9.2500
73.250.000;92.456;-0.0185;671.456;160.330;20.567;80.251.543;14.780.626;0    9.2500
73.255.000;92.462;-0.0185;671.385;152.720;20.620;80.305.078;14.785.016;0    9.2500
73.260.000;92.469;-0.0185;671.324;145.110;20.654;80.358.633;14.789.408;0    9.2500
73.265.000;92.476;-0.0185;671.324;137.490;20.547;80.412.207;14.793.800;0    9.2500
73.270.000;92.483;-0.0185;671.324;135.710;20.468;80.465.801;14.798.195;0    9.2500
73.275.000;92.490;-0.0185;671.324;137.460;20.471;80.519.414;14.802.591;0    9.2500
73.280.000;92.497;-0.0185;671.324;139.270;20.440;80.573.047;14.806.989;0    9.2500
73.285.000;92.492;-0.0185;671.324;141.080;20.501;80.626.680;14.811.387;0    9.2500
73.290.000;92.479;-0.0185;671.324;141.490;20.512;80.680.332;14.815.787;0    9.2500
73.295.000;92.466;-0.0185;671.324;141.410;20.588;80.734.004;14.820.188;0    9.2500
73.300.000;92.452;-0.0185;671.324;141.340;20.665;80.787.695;14.824.590;0    9.2500
73.305.000;92.439;-0.0185;671.324;141.260;20.615;80.841.387;14.828.993;0    9.2500
73.310.000;92.426;-0.0185;671.324;141.180;20.527;80.895.117;14.833.399;0    9.2500
73.315.000;92.412;-0.0185;671.323;141.110;20.572;80.949.297;14.837.841;0    9.2500
73.320.000;92.399;-0.0185;671.323;141.030;20.623;81.009.648;14.842.791;0    9.2500
73.325.000;92.386;-0.0185;671.323;140.960;20.700;81.078.887;14.848.468;0    9.2500
73.330.000;92.373;-0.0185;671.323;140.870;20.605;81.147.871;14.854.125;0    9.2500
73.335.000;92.359;-0.0185;671.323;140.310;20.573;81.217.012;14.859.794;0    9.2500
73.340.000;92.346;-0.0185;671.323;134.650;20.647;81.286.172;14.865.465;0    9.2500
73.345.000;92.332;-0.0185;671.323;134.570;20.564;81.355.352;14.871.138;0    9.2500
73.350.000;92.319;-0.0185;671.323;134.490;20.542;81.424.570;14.876.814;0    9.2500
73.355.000;92.306;-0.0185;671.323;128.340;20.479;81.493.809;14.882.492;0    9.2500
73.360.000;92.293;-0.0185;671.323;128.270;20.513;81.563.086;14.888.172;0    9.2500
73.365.000;92.279;-0.0185;671.323;128.190;20.565;81.632.383;14.893.855;0    9.2500
73.370.000;92.266;-0.0185;671.323;128.100;20.550;81.701.699;14.899.539;0    9.2500
73.375.000;92.253;-0.0185;671.323;128.040;20.558;81.771.035;14.905.224;0    9.2500
73.380.000;92.239;-0.0185;671.323;127.960;20.527;81.840.410;14.910.913;0    9.2500
73.385.000;92.226;-0.0185;671.323;127.890;20.426;81.909.805;14.916.603;0    9.2500
73.390.000;92.213;-0.0185;671.323;127.810;20.405;81.979.238;14.922.297;0    9.2500
73.395.000;92.199;-0.0185;671.323;127.730;20.485;82.048.691;14.927.992;0    9.2500
73.400.000;92.186;-0.0185;671.323;128.870;20.593;82.118.164;14.933.689;0    9.2500
73.405.000;92.173;-0.0185;671.323;133.660;20.644;82.187.676;14.939.389;0    9.2500
73.410.000;92.159;-0.0185;671.323;133.590;20.696;82.257.207;14.945.090;0    9.2500
73.415.000;92.146;-0.0185;671.323;127.430;20.738;82.326.758;14.950.793;0    9.2500
73.420.000;92.133;-0.0185;671.323;127.360;20.680;82.396.348;14.956.500;0    9.2500
73.425.000;92.120;-0.0185;671.323;127.280;20.554;82.465.957;14.962.208;0    9.2500
73.430.000;92.106;-0.0185;671.323;131.090;20.429;82.535.605;14.967.919;0    9.2500
73.435.000;92.100;-0.0185;671.323;139.280;20.387;82.605.254;14.973.630;0    9.2500
73.440.000;92.086;-0.0185;671.323;151.380;20.565;82.674.961;14.979.346;0    9.2500
73.445.000;91.989;-0.0185;671.323;151.290;20.621;82.744.668;14.985.062;0    9.2500
73.450.000;91.892;-0.0185;671.323;151.220;20.593;82.814.570;14.990.794;0    9.2500
73.455.000;91.796;-0.0185;671.323;151.130;20.501;82.884.922;14.996.563;0    9.2500
73.460.000;91.700;-0.0185;671.324;150.090;20.440;82.950.371;15.001.930;0    9.2500
73.465.000;91.603;-0.0185;671.324;136.890;20.522;82.908.242;14.998.475;0    9.2500
73.470.000;91.507;-0.0185;671.324;132.670;20.458;82.861.641;14.994.654;0    9.2500
73.475.000;91.410;-0.0185;671.324;126.510;20.395;82.815.488;14.990.870;0    9.2500
73.480.000;91.313;-0.0185;671.324;126.200;20.448;82.769.512;14.987.099;0    9.2500
73.485.000;91.300;-0.0186;671.324;120.290;20.427;82.723.535;14.983.330;0    9.2500
73.490.000;91.301;-0.0187;671.324;123.370;20.471;82.677.578;14.979.561;0    9.2500
73.495.000;91.306;-0.0188;671.324;132.280;20.642;82.631.621;14.975.793;0    9.2500
73.500.000;91.079;-0.0189;671.324;144.380;20.689;82.585.684;14.972.026;0    9.2500
73.505.000;90.905;-0.0190;671.324;142.840;20.600;82.539.746;14.968.258;0    9.2500
73.510.000;90.932;-0.0191;671.324;132.300;20.639;82.493.828;14.964.494;0    9.2500
73.515.000;90.955;-0.0192;671.324;121.530;20.491;82.447.930;14.960.730;0    9.2500
73.520.000;90.980;-0.0193;671.324;107.600;20.342;82.402.031;14.956.966;0    9.2500
73.525.000;91.004;-0.0194;671.324;100.230;20.379;82.356.152;14.953.204;0    9.2500
73.530.000;91.028;-0.0195;671.324;95.290;20.432;82.310.273;14.949.442;0    9.2500
73.535.000;91.052;-0.0196;671.324;91.080;20.481;82.264.414;14.945.681;0    9.2500
73.540.000;91.076;-0.0197;671.324;89.050;20.513;82.218.555;14.941.920;0    9.2500
73.545.000;91.099;-0.0198;671.324;95.070;20.456;82.172.734;14.938.164;0    9.2500
73.550.000;91.089;-0.0199;671.324;97.420;20.403;82.126.895;14.934.405;0    9.2500
73.555.000;91.077;-0.0199;671.324;100.990;20.403;82.081.094;14.930.649;0    9.2500
73.560.000;91.065;-0.0200;671.324;106.980;20.427;82.035.293;14.926.893;0    9.2500
73.565.000;91.054;-0.0201;671.324;107.640;20.477;81.989.492;14.923.138;0    9.2500
73.570.000;91.042;-0.0200;671.324;115.110;20.533;81.943.711;14.919.383;0    9.2500
73.575.000;91.031;-0.0200;671.324;120.140;20.482;81.897.949;14.915.631;0    9.2500
73.580.000;91.019;-0.0199;671.324;122.570;20.475;81.852.188;14.911.878;0    9.2500
73.585.000;91.007;-0.0198;671.324;125.090;20.525;81.806.445;14.908.127;0    9.2500
73.590.000;90.996;-0.0197;671.324;128.780;20.528;81.760.703;14.904.377;0    9.2500
73.595.000;90.984;-0.0197;671.323;130.780;20.489;81.715.000;14.900.629;0    9.2500
73.600.000;90.973;-0.0196;671.323;130.690;20.404;81.669.277;14.896.880;0    9.2500
73.605.000;90.961;-0.0195;671.323;130.620;20.486;81.623.574;14.893.132;0    9.2500
73.610.000;90.950;-0.0194;671.323;132.250;20.566;81.577.891;14.889.386;0    9.2500
73.615.000;90.938;-0.0194;671.323;136.550;20.612;81.532.227;14.885.642;0    9.2500
73.620.000;90.926;-0.0194;671.323;130.380;20.619;81.486.563;14.881.898;0    9.2500
73.625.000;90.915;-0.0195;671.323;130.320;20.646;81.440.898;14.878.153;0    9.2500
73.630.000;90.903;-0.0197;671.323;130.240;20.634;81.395.254;14.874.411;0    9.2500
73.635.000;90.892;-0.0199;671.323;129.190;20.669;81.349.629;14.870.669;0    9.2500
73.640.000;90.880;-0.0200;671.323;126.610;20.588;81.304.004;14.866.927;0    9.2500
73.645.000;90.869;-0.0202;671.323;123.930;20.520;81.258.398;14.863.188;0    9.2500
73.650.000;90.857;-0.0204;671.323;123.860;20.608;81.212.813;14.859.450;0    9.2500
73.655.000;90.845;-0.0205;671.323;123.780;20.653;81.167.227;14.855.712;0    9.2500
73.660.000;90.834;-0.0205;671.323;123.710;20.561;81.121.660;14.851.975;0    9.2500
73.665.000;90.822;-0.0204;671.323;123.630;20.473;81.076.113;14.848.241;0    9.2500
73.670.000;90.811;-0.0204;671.323;117.480;20.445;81.031.191;14.844.557;0    9.2500
73.675.000;90.799;-0.0204;671.323;117.400;20.452;80.990.273;14.841.202;0    9.2500
73.680.000;90.788;-0.0203;671.323;113.440;20.511;80.770.898;14.823.213;0    9.2500
73.685.000;90.776;-0.0203;671.323;105.080;20.647;80.524.941;14.803.044;0    9.2500
73.690.000;90.765;-0.0203;671.323;104.290;20.696;80.278.535;14.782.839;0    9.2500
73.695.000;90.753;-0.0202;671.323;98.860;20.652;80.032.969;14.762.703;0    9.2500
73.700.000;90.741;-0.0202;671.323;98.780;20.682;79.787.793;14.742.598;0    9.2500
73.705.000;90.730;-0.0201;671.323;98.700;20.586;79.542.930;14.722.520;0    9.2500
73.710.000;90.718;-0.0201;671.323;98.630;20.590;79.298.418;14.702.469;0    9.2500
73.715.000;90.707;-0.0201;671.323;100.500;20.680;79.054.238;14.682.447;0    9.2500
73.720.000;90.700;-0.0201;671.323;107.960;20.655;78.810.391;14.662.452;0    9.2500
73.725.000;90.700;-0.0201;671.323;116.630;20.735;78.566.875;14.642.483;0    9.2500
73.730.000;90.700;-0.0201;671.323;122.890;20.544;78.323.672;14.622.541;0    9.2500
73.735.000;90.700;-0.0201;671.323;130.350;20.437;78.080.820;14.602.627;0    9.2500
73.740.000;90.700;-0.0201;671.323;134.650;20.511;77.838.301;14.582.740;0    9.2500
73.745.000;90.700;-0.0201;671.323;134.560;20.595;77.596.094;14.562.879;0    9.2500
73.750.000;90.700;-0.0201;671.323;134.500;20.643;77.354.238;14.543.047;0    9.2500
73.755.000;90.700;-0.0201;671.323;132.960;20.659;77.112.695;14.523.241;0    9.2500
73.760.000;90.700;-0.0201;671.323;128.270;20.578;76.871.484;14.503.461;0    9.2500
73.765.000;90.700;-0.0201;671.323;123.820;20.577;76.630.605;14.483.710;0    9.2500
73.770.000;90.701;-0.0201;671.323;122.030;20.622;76.390.059;14.463.984;0    9.2500
73.775.000;90.637;-0.0202;671.323;114.670;20.611;76.149.844;14.444.287;0    9.2500
73.780.000;90.553;-0.0202;671.323;107.050;20.504;75.909.941;14.424.615;0    9.2500
73.785.000;90.468;-0.0203;671.323;103.570;20.645;75.670.371;14.404.970;0    9.2500
73.790.000;90.383;-0.0203;671.323;103.490;20.734;75.431.133;14.385.352;0    9.2500
73.795.000;90.305;-0.0204;671.323;97.340;20.629;75.192.207;14.365.760;0    9.2500
73.800.000;90.372;-0.0205;671.323;97.260;20.527;74.953.613;14.346.196;0    9.2500
73.805.000;90.445;-0.0205;671.323;97.190;20.537;74.715.352;14.326.659;0    9.2500
73.810.000;90.518;-0.0209;671.323;97.110;20.513;74.477.422;14.307.148;0    9.2500
73.815.000;90.590;-0.0209;671.323;103.120;20.435;74.239.785;14.287.662;0    9.2500
73.820.000;90.662;-0.0209;671.323;105.230;20.449;74.002.500;14.268.205;0    9.2500
73.825.000;90.700;-0.0209;671.323;109.040;20.497;73.766.348;14.248.840;0    9.2500
73.830.000;90.700;-0.0209;671.323;115.040;20.563;73.522.461;14.228.841;0    9.2500
73.835.000;90.700;-0.0208;671.323;114.970;20.560;73.287.363;14.209.563;0    9.2500
73.840.000;90.700;-0.0208;671.323;116.840;20.555;74.729.941;14.327.855;0    9.2500
73.845.000;90.700;-0.0208;671.323;120.900;20.595;76.245.508;14.452.131;0    9.2500
73.850.000;90.700;-0.0208;671.323;114.730;20.569;77.769.043;14.577.061;0    9.2500
73.855.000;90.700;-0.0208;671.323;114.670;20.502;79.023.125;14.679.896;0    9.2500
73.860.000;90.700;-0.0208;671.323;112.890;20.455;76.972.910;14.511.778;0    9.2500
73.865.000;90.700;-0.0208;671.323;105.280;20.550;75.258.535;14.371.200;0    9.2500
73.870.000;90.700;-0.0207;671.323;102.260;20.593;73.560.781;14.231.984;0    9.2500
73.875.000;90.700;-0.0207;671.323;102.200;20.530;71.879.473;14.094.116;0    9.2500
73.880.000;90.700;-0.0207;671.323;102.130;20.661;70.214.453;13.957.585;0    9.2500
73.885.000;90.700;-0.0207;671.323;104.970;20.722;69.562.168;13.904.097;0    9.2500
73.890.000;90.700;-0.0207;671.323;112.430;20.683;73.017.832;14.187.461;0    9.2500
73.895.000;90.700;-0.0207;671.323;120.130;20.735;75.517.734;14.392.454;0    9.2500
73.900.000;90.700;-0.0207;671.323;121.280;20.674;78.053.750;14.600.407;0    9.2500
73.905.000;90.700;-0.0206;671.323;126.060;20.586;79.023.125;14.679.896;0    9.2500
73.910.000;90.700;-0.0206;671.323;121.850;20.555;78.643.477;14.648.764;0    9.2500
73.915.000;90.700;-0.0206;671.323;119.830;20.499;78.373.457;14.626.623;0    9.2500
73.920.000;90.700;-0.0206;671.323;113.680;20.449;78.104.590;14.604.576;0    9.2500
73.925.000;90.700;-0.0206;671.323;111.170;20.541;77.837.070;14.582.639;0    9.2500
73.930.000;90.700;-0.0206;671.323;107.450;20.522;77.569.980;14.560.738;0    9.2500
73.935.000;90.700;-0.0206;671.323;113.440;20.442;77.303.262;14.538.867;0    9.2500
73.940.000;90.700;-0.0205;671.323;119.460;20.383;77.036.973;14.517.031;0    9.2500
73.945.000;90.700;-0.0205;671.323;119.380;20.384;76.771.055;14.495.226;0    9.2500
73.950.000;90.700;-0.0205;671.323;119.300;20.399;76.505.547;14.473.455;0    9.2500
73.955.000;90.726;-0.0206;671.323;119.220;20.509;76.240.449;14.451.716;0    9.2500
73.960.000;90.771;-0.0207;671.323;112.580;20.640;75.975.742;14.430.010;0    9.2500
73.965.000;90.815;-0.0207;671.323;104.970;20.611;75.711.426;14.408.336;0    9.2500
73.970.000;90.859;-0.0208;671.323;100.760;20.512;75.447.520;14.386.696;0    9.2500
73.975.000;90.904;-0.0209;671.323;100.670;20.465;75.184.004;14.365.087;0    9.2500
73.980.000;90.948;-0.0209;671.323;101.110;20.381;74.920.879;14.343.511;0    9.2500
73.985.000;90.993;-0.0210;671.323;114.390;20.381;74.658.164;14.321.969;0    9.2500
73.990.000;91.037;-0.0211;671.323;121.850;20.491;74.395.820;14.300.457;0    9.2500
73.995.000;91.082;-0.0211;671.323;124.700;20.539;74.133.887;14.278.978;0    9.2500
74.000.000;91.126;-0.0212;671.323;118.540;20.571;73.872.344;14.257.532;0    9.2500
74.005.000;91.171;-0.0213;671.323;110.700;20.510;73.611.191;14.236.117;0    9.2500
74.010.000;91.215;-0.0213;671.323;112.280;20.505;73.350.430;14.214.735;0    9.2500
74.015.000;91.260;-0.0214;671.323;105.050;20.543;73.090.059;14.193.384;0    9.2500
74.020.000;91.304;-0.0215;671.323;99.940;20.507;72.830.098;14.172.068;0    9.2500
74.025.000;91.349;-0.0215;671.323;96.050;20.547;72.570.508;14.150.781;0    9.2500
74.030.000;91.393;-0.0216;671.323;93.670;20.600;72.311.309;14.129.527;0    9.2500
74.035.000;91.438;-0.0217;671.323;100.120;20.543;72.052.500;14.108.304;0    9.2500
74.040.000;91.482;-0.0217;671.323;105.650;20.733;71.794.082;14.087.114;0    9.2500
74.045.000;91.527;-0.0218;671.323;105.560;20.679;71.536.055;14.065.956;0    9.2500
74.050.000;91.571;-0.0218;671.323;105.470;20.717;71.278.418;14.044.830;0    9.2500
74.055.000;91.615;-0.0218;671.323;105.380;20.626;71.021.152;14.023.734;0    9.2500
74.060.000;91.660;-0.0218;671.323;104.070;20.606;70.764.297;14.002.671;0    9.2500
74.065.000;91.705;-0.0219;671.323;99.120;20.668;70.507.813;13.981.640;0    9.2500
74.070.000;91.749;-0.0219;671.323;99.030;20.540;70.251.758;13.960.643;0    9.2500
74.075.000;91.793;-0.0220;671.323;92.850;20.436;69.996.367;13.939.702;0    9.2500
74.080.000;91.838;-0.0220;671.323;92.770;20.400;69.740.723;13.918.739;0    9.2500
74.085.000;91.882;-0.0220;671.323;92.670;20.373;69.561.973;13.904.082;0    9.2500
74.090.000;91.996;-0.0220;671.323;92.580;20.420;69.561.973;13.904.082;0    9.2500
74.095.000;92.152;-0.0221;671.323;92.480;20.480;69.562.070;13.904.089;0    9.2500
74.100.000;92.309;-0.0221;671.323;98.480;20.495;69.562.168;13.904.097;0    9.2500
74.105.000;92.467;-0.0221;671.323;105.840;20.424;69.562.168;13.904.097;0    9.2500
74.110.000;92.624;-0.0222;671.323;113.190;20.444;69.562.168;13.904.097;0    9.2500
74.115.000;92.781;-0.0222;671.323;116.440;20.538;69.562.168;13.904.097;0    9.2500
74.120.000;92.917;-0.0222;671.323;116.350;20.632;69.562.168;13.904.097;0    9.2500
74.125.000;92.984;-0.0223;671.323;116.260;20.611;69.562.285;13.904.107;0    9.2500
74.130.000;93.050;-0.0223;671.323;116.170;20.619;69.562.402;13.904.117;0    9.2500
74.135.000;93.118;-0.0223;671.323;112.580;20.518;69.566.191;13.904.427;0    9.2500
74.140.000;93.184;-0.0224;671.323;103.810;20.438;69.357.285;13.887.296;0    9.2500
74.145.000;93.252;-0.0224;671.323;103.590;20.506;69.065.898;13.863.403;0    9.2500
74.150.000;93.319;-0.0224;671.323;100.610;20.628;68.774.844;13.839.537;0    9.2500
74.155.000;93.386;-0.0224;671.324;112.530;20.750;68.484.219;13.815.706;0    9.2500
74.160.000;93.452;-0.0225;671.323;119.880;20.842;68.194.063;13.791.913;0    9.2500
74.165.000;93.502;-0.0225;671.323;127.680;20.621;67.904.395;13.768.160;0    9.2500
74.170.000;93.523;-0.0225;671.323;127.600;20.664;67.615.234;13.744.449;0    9.2500
74.175.000;93.544;-0.0223;671.323;127.510;20.682;67.326.582;13.720.779;0    9.2500
74.180.000;93.565;-0.0222;671.323;127.420;20.742;67.038.418;13.697.150;0    9.2500
74.185.000;93.586;-0.0220;671.323;121.230;20.782;66.750.801;13.673.565;0    9.2500
74.190.000;93.607;-0.0218;671.323;120.850;20.699;66.460.781;13.649.784;0    9.2500
74.195.000;93.628;-0.0217;671.323;114.980;20.839;66.176.113;13.626.441;0    9.2500
74.200.000;93.649;-0.0188;671.324;114.890;21.175;65.619.277;13.580.780;0    9.2500
74.205.000;93.670;-0.0152;671.324;114.800;21.726;62.648.789;13.337.200;0    9.2500
74.210.000;93.689;-0.0112;671.438;126.870;22.372;42.518.877;11.686.547;0    9.2500
74.215.000;93.993;-0.0049;672.741;140.000;23.613;1.689.839;50.585.669;92.500
74.220.000;94.516;0.0015;675.174;149.790;25.215;9.844.945;16.272.855;92.500
74.225.000;95.041;0.0078;678.585;172.180;27.410;1.537.457;9.460.715;92.500
74.230.000;95.569;0.0208;683.161;211.600;27.580;8.433.351;6.915.348;92.500
74.235.000;96.081;0.0380;688.741;244.210;26.499;5.299.756;4.345.800;92.500
74.240.000;96.177;0.0732;695.629;281.340;25.802;2.142.153;9.956.566;92.500
74.245.000;96.269;0.1198;704.928;315.290;25.160;3.041.046;2.493.987;92.500
74.250.000;96.362;0.1567;717.588;344.980;24.588;1.078.777;931.501;92.500
74.255.000;96.457;0.1927;732.723;381.370;24.356;369.491;335.647;92.500
74.260.000;96.554;0.2181;750.889;453.110;24.463;229.143;211.962;92.500
74.265.000;96.645;0.2288;768.942;590.290;24.000;202.407;187.995;92.500
74.270.000;96.475;0.2236;786.394;649.800;23.393;167.067;156.090;92.500
74.275.000;95.301;0.2169;807.038;727.500;22.620;141.450;132.660;92.500
74.280.000;94.169;0.2117;831.062;736.970;21.576;144.758;135.474;92.500
74.285.000;93.645;0.2970;851.191;747.520;20.963;513.199;458.009;92.500
74.290.000;95.421;0.3010;868.410;758.240;21.728;245.663;226.444;92.500
74.295.000;96.911;0.3296;882.349;773.030;22.547;132.959;125.191;92.500
74.300.000;105.891;0.3511;889.681;787.840;23.570;71.961;69.840;92.500
74.305.000;114.579;0.2183;895.742;802.640;24.280;41.733;41.747;92.500
74.310.000;106.723;0.1864;897.667;818.050;24.344;45.669;45.057;92.500
74.315.000;98.574;0.1576;893.645;827.230;24.093;57.041;55.273;92.500
74.320.000;95.520;0.1168;889.914;849.480;24.203;98.741;93.674;92.500
74.325.000;94.664;0.0945;889.630;871.740;24.034;218.024;201.554;92.500
74.330.000;93.473;0.1196;890.422;890.630;23.377;294.987;269.741;92.500
74.335.000;94.316;0.1606;896.446;910.160;22.111;364.677;330.748;92.500
74.340.000;95.063;0.2111;902.237;936.060;20.018;194.606;180.636;92.500
74.345.000;95.036;0.2978;906.319;1.011.500;19.425;117.023;110.364;92.500
74.350.000;94.530;0.3077;909.627;1.137.990;20.118;70.370;67.368;92.500
74.355.000;94.802;0.3202;913.077;1.535.110;21.475;49.291;47.720;92.500
74.360.000;100.328;0.2329;913.077;1.724.600;23.117;57.416;55.759;92.500
74.365.000;104.733;0.1684;913.077;1.914.080;25.340;66.095;64.242;92.500
74.370.000;96.831;0.0984;913.077;2.103.570;27.991;77.416;74.129;92.500
74.375.000;93.146;0.0180;913.077;2.312.300;29.292;104.743;98.879;92.500
74.380.000;91.709;-0.0029;908.975;1.981.550;29.728;198.143;183.087;92.500
74.385.000;91.747;0.0000;886.243;1.613.410;29.768;375.617;339.333;92.500
74.390.000;92.307;0.0047;853.410;1.245.270;29.420;993.140;858.999;92.500
74.395.000;92.079;0.0156;820.195;877.130;28.905;4.197.117;3.441.636;92.500
74.400.000;92.077;0.0294;786.123;508.990;28.392;1.414.498;1.203.280;92.500
74.405.000;93.216;0.0395;755.067;208.440;28.116;266.503;196.615;92.500
74.410.000;94.363;0.0446;727.837;243.580;27.772;160.814;105.787;92.500
74.415.000;95.472;0.0486;709.142;277.380;27.416;125.524;77.786;92.500
74.420.000;95.681;0.0702;711.276;341.880;26.634;115.323;69.948;92.500
74.425.000;95.689;0.1107;722.726;407.160;25.703;146.780;94.625;92.500
74.430.000;95.256;0.2064;734.721;455.950;24.981;178.239;120.337;92.500
74.435.000;94.197;0.2249;745.561;508.470;24.709;101.305;60.197;92.500
74.440.000;92.938;0.1997;753.434;554.270;24.870;62.555;34.795;92.500
74.445.000;98.294;0.1546;757.531;572.430;25.880;42.646;22.804;92.500
74.450.000;100.886;0.1094;757.307;570.820;26.703;38.223;20.585;92.500
74.455.000;96.613;0.0752;754.115;557.510;27.045;45.425;24.306;92.500
74.460.000;94.910;0.0658;748.601;522.290;27.147;64.502;36.146;92.500
74.465.000;95.612;0.0620;741.110;468.720;27.462;93.386;55.032;92.500
74.470.000;96.323;0.0844;733.292;429.430;27.320;99.631;59.268;92.500
74.475.000;96.561;0.1038;726.519;409.260;27.208;103.576;61.943;92.500
74.480.000;96.257;0.1152;720.849;397.930;27.591;84.471;49.181;92.500
74.485.000;96.137;0.0672;716.535;377.160;28.495;56.888;31.396;92.500
74.490.000;96.292;0.0277;712.969;370.700;29.024;41.830;22.316;92.500
74.495.000;96.247;-0.0028;709.081;361.490;29.188;94.439;55.788;92.500
74.500.000;95.210;-0.0042;705.012;346.500;29.241;171.488;114.716;92.500
74.505.000;94.211;-0.0026;701.737;331.520;29.132;271.409;249.034;92.500
74.510.000;94.120;-0.0009;698.975;297.690;29.014;675.541;595.516;92.500
74.515.000;93.199;-0.0001;697.166;273.280;29.137;1.717.670;1.448.277;92.500
74.520.000;92.347;-0.0025;695.932;275.620;29.373;1.225.345;1.049.503;92.500
74.525.000;93.072;-0.0048;695.355;290.590;29.509;882.639;767.933;92.500
74.530.000;93.052;-0.0069;695.346;303.390;29.557;800.522;699.637;92.500
74.535.000;92.546;-0.0069;694.966;303.770;29.721;761.248;666.628;92.500
74.540.000;92.294;-0.0069;692.931;307.480;29.979;835.001;727.991;92.500
74.545.000;92.994;-0.0080;689.518;293.550;29.976;1.209.177;1.036.606;92.500
74.550.000;96.356;-0.0093;685.671;248.330;29.964;1.794.634;1.511.271;92.500
74.555.000;97.361;-0.0106;681.738;193.520;29.514;2.496.314;2.067.898;92.500
74.560.000;93.809;-0.0119;677.863;161.820;29.448;1.606.291;1.358.980;92.500
74.565.000;93.197;-0.0133;674.482;154.290;29.328;1.611.178;1.362.641;92.500
74.570.000;93.478;-0.0149;672.110;142.800;29.070;2.034.576;1.701.610;92.500
74.575.000;93.033;-0.0165;671.330;132.360;28.591;2.836.470;2.333.967;92.500
74.580.000;92.594;-0.0181;671.329;125.600;27.870;4.101.322;3.363.084;92.500
74.585.000;92.154;-0.0197;671.328;118.060;26.597;732.510;8.800.658;92.500
74.590.000;92.187;-0.0214;671.327;110.520;25.012;9.965.028;16.371.323;92.500
74.595.000;92.294;-0.0230;671.326;107.670;23.212;851.345;17.098.103;92.500
74.600.000;91.997;-0.0233;671.325;101.520;21.095;4.759.275;28.502.605;92.500
74.605.000;91.647;-0.0231;671.324;101.430;20.565;4.708.301;53.060.806;92.500
74.610.000;91.299;-0.0229;671.324;101.340;20.615;22.418.740;10.038.336;0    9.2500
74.615.000;91.312;-0.0227;671.324;101.250;20.659;24.743.643;10.228.978;0    9.2500
74.620.000;91.304;-0.0225;671.324;101.150;20.682;27.809.629;10.480.389;0    9.2500
74.625.000;91.299;-0.0223;671.324;101.060;20.615;30.849.756;10.729.679;0    9.2500
74.630.000;91.300;-0.0216;671.324;100.970;20.641;34.148.203;11.000.152;0    9.2500
74.635.000;91.298;-0.0209;671.324;100.880;20.764;37.950.820;11.311.966;0    9.2500
74.640.000;91.486;-0.0191;671.325;100.780;21.030;29.656.924;10.631.867;0    9.2500
74.645.000;91.705;-0.0161;671.325;100.700;21.278;1.327.993;33.888.955;92.500
74.650.000;91.702;-0.0124;671.325;100.610;21.713;4.659.305;3.820.630;92.500
74.655.000;91.818;-0.0087;671.326;103.400;22.140;3.280.776;10.890.237;92.500
74.660.000;92.085;0.0026;671.326;106.500;23.300;287.518;16.635.765;92.500
74.665.000;92.343;0.0212;671.327;106.410;25.536;9.865.491;8.089.702;92.500
74.670.000;93.326;0.0399;671.328;107.230;26.536;5.951.024;4.879.840;92.500
74.675.000;94.345;0.0637;673.115;116.880;26.071;3.589.754;2.943.598;92.500
74.680.000;94.647;0.1107;677.122;135.310;25.108;2.170.537;1.809.937;92.500
74.685.000;93.511;0.1708;683.744;166.830;24.155;301.762;275.731;92.500
74.690.000;93.557;0.1969;693.071;224.210;23.139;91.960;87.201;92.500
74.695.000;95.843;0.1688;705.020;297.820;23.814;58.759;56.663;92.500
74.700.000;97.109;0.1166;718.388;388.450;24.732;55.588;53.793;92.500
74.705.000;91.311;0.0672;730.634;479.080;25.865;67.356;64.277;92.500
74.710.000;90.348;0.0354;739.429;561.520;27.054;153.003;142.261;92.500
74.715.000;90.446;0.0165;743.499;597.920;28.001;385.897;347.726;92.500
74.720.000;90.620;0.0127;743.122;569.850;28.618;907.468;787.308;92.500
74.725.000;90.922;0.0198;738.980;528.550;28.485;1.193.164;1.022.467;92.500
74.730.000;91.089;0.0223;731.290;457.800;28.374;571.796;506.670;92.500
74.735.000;90.877;0.0188;721.808;412.460;28.138;286.213;261.196;92.500
74.740.000;91.092;0.0129;712.682;369.480;27.859;190.675;176.255;92.500
74.745.000;93.310;0.0046;704.515;332.170;27.031;140.148;131.140;92.500
74.750.000;95.459;-0.0036;697.862;294.840;26.004;164.006;153.118;92.500
74.755.000;93.765;-0.0103;691.913;262.820;24.696;264.050;242.360;92.500
74.760.000;91.602;-0.0165;686.575;240.850;23.137;608.120;537.590;92.500
74.765.000;89.916;-0.0185;682.011;218.410;21.317;2.408.435;1.996.816;92.500
74.770.000;89.378;-0.0188;678.368;196.000;20.564;7.406.661;6.073.462;92.500
74.775.000;88.681;-0.0187;675.544;177.350;20.571;9.915.756;16.330.919;92.500
74.780.000;88.698;-0.0186;673.410;164.500;20.514;4.608.983;3.779.366;92.500
74.785.000;88.700;-0.0185;672.063;156.960;20.567;45.142.744;11.901.705;0    9.2500
74.790.000;88.700;-0.0184;671.422;146.080;20.576;73.409.258;14.219.558;0    9.2500
74.795.000;88.700;-0.0183;671.324;134.420;20.646;74.357.148;14.297.286;0    9.2500
74.800.000;88.700;-0.0182;671.323;128.270;20.572;75.310.195;14.375.435;0    9.2500
74.805.000;88.700;-0.0181;671.323;120.730;20.484;76.268.477;14.454.014;0    9.2500
74.810.000;88.700;-0.0182;671.323;113.190;20.464;77.080.996;14.520.641;0    9.2500
74.815.000;88.699;-0.0182;671.323;105.650;20.533;77.022.500;14.515.844;0    9.2500
74.820.000;88.696;-0.0182;671.323;103.580;20.594;76.962.676;14.510.939;0    9.2500
74.825.000;88.750;-0.0183;671.323;97.420;20.585;76.905.566;14.506.255;0    9.2500
74.830.000;88.894;-0.0183;671.323;97.330;20.569;76.847.129;14.501.464;0    9.2500
74.835.000;88.901;-0.0183;671.323;93.740;20.475;76.788.711;14.496.673;0    9.2500
74.840.000;88.900;-0.0184;671.323;91.050;20.514;76.730.313;14.491.885;0    9.2500
74.845.000;88.900;-0.0184;671.323;90.970;20.540;76.671.934;14.487.098;0    9.2500
74.850.000;88.900;-0.0184;671.323;90.880;20.437;76.613.574;14.482.312;0    9.2500
74.855.000;88.900;-0.0185;671.323;90.790;20.509;76.555.234;14.477.529;0    9.2500
74.860.000;88.900;-0.0185;671.323;90.700;20.495;76.496.914;14.472.747;0    9.2500
74.865.000;88.853;-0.0185;671.323;90.600;20.581;76.438.613;14.467.965;0    9.2500
74.870.000;88.770;-0.0186;671.323;97.510;20.632;76.380.332;14.463.187;0    9.2500
74.875.000;88.712;-0.0186;671.323;102.580;20.502;76.322.070;14.458.409;0    9.2500
74.880.000;88.811;-0.0187;671.323;102.490;20.587;76.263.828;14.453.633;0    9.2500
74.885.000;88.909;-0.0187;671.323;102.390;20.624;76.205.605;14.448.859;0    9.2500
74.890.000;89.007;-0.0187;671.323;96.230;20.693;76.147.402;14.444.086;0    9.2500
74.895.000;89.104;-0.0188;671.323;96.140;20.662;76.089.219;14.439.315;0    9.2500
74.900.000;89.201;-0.0188;671.323;96.050;20.743;76.031.055;14.434.545;0    9.2500
74.905.000;89.299;-0.0188;671.323;91.550;20.696;75.972.910;14.429.778;0    9.2500
74.910.000;89.397;-0.0189;671.323;89.780;20.635;75.914.785;14.425.012;0    9.2500
74.915.000;89.496;-0.0189;671.323;90.760;20.556;75.856.660;14.420.246;0    9.2500
74.920.000;89.501;-0.0189;671.323;98.110;20.526;75.798.574;14.415.483;0    9.2500
74.925.000;89.500;-0.0190;671.323;101.670;20.568;75.740.508;14.410.721;0    9.2500
74.930.000;89.500;-0.0190;671.323;101.570;20.500;75.682.461;14.405.961;0    9.2500
74.935.000;89.500;-0.0190;671.323;101.940;20.460;75.624.414;14.401.202;0    9.2500
74.940.000;89.500;-0.0191;671.323;107.480;20.556;75.566.406;14.396.445;0    9.2500
74.945.000;89.500;-0.0191;671.323;107.390;20.406;75.508.418;14.391.690;0    9.2500
74.950.000;89.500;-0.0191;671.323;107.290;20.396;75.450.449;14.386.936;0    9.2500
74.955.000;89.500;-0.0192;671.323;107.200;20.266;75.392.480;14.382.183;0    9.2500
74.960.000;89.500;-0.0192;671.323;101.030;20.306;75.334.492;14.377.428;0    9.2500
74.965.000;89.500;-0.0192;671.323;100.940;20.358;75.276.348;14.372.660;0    9.2500
74.970.000;89.500;-0.0193;671.323;100.850;20.473;75.218.965;14.367.955;0    9.2500
74.975.000;89.500;-0.0193;671.323;100.750;20.576;75.189.746;14.365.558;0    9.2500
74.980.000;89.500;-0.0194;671.323;94.590;20.611;75.249.883;14.370.490;0    9.2500
74.985.000;89.500;-0.0195;671.323;94.500;20.579;75.307.129;14.375.184;0    9.2500
74.990.000;89.500;-0.0196;671.323;97.750;20.610;75.364.277;14.379.871;0    9.2500
74.995.000;89.500;-0.0197;671.323;100.400;20.644;75.421.426;14.384.556;0    9.2500
75.000.000;89.500;-0.0198;671.323;100.300;20.667;75.478.613;14.389.246;0    9.2500
75.005.000;89.500;-0.0199;671.323;100.210;20.539;75.535.801;14.393.935;0    9.2500
75.010.000;89.500;-0.0200;671.323;100.120;20.550;75.593.008;14.398.627;0    9.2500
75.015.000;89.500;-0.0201;671.323;100.030;20.586;75.650.234;14.403.319;0    9.2500
75.020.000;89.500;-0.0202;671.323;99.930;20.505;75.707.480;14.408.013;0    9.2500
75.025.000;89.500;-0.0203;671.323;99.850;20.477;75.764.766;14.412.710;0    9.2500
75.030.000;89.500;-0.0204;671.323;99.760;20.501;75.822.051;14.417.408;0    9.2500
75.035.000;89.500;-0.0205;671.323;99.670;20.476;75.879.355;14.422.107;0    9.2500
75.040.000;89.500;-0.0205;671.323;105.640;20.435;75.936.680;14.426.807;0    9.2500
75.045.000;89.500;-0.0205;671.323;105.560;20.535;75.994.023;14.431.509;0    9.2500
75.050.000;89.500;-0.0205;671.323;105.470;20.554;76.051.387;14.436.213;0    9.2500
75.055.000;89.500;-0.0205;671.323;105.380;20.537;76.108.750;14.440.917;0    9.2500
75.060.000;89.500;-0.0205;671.323;105.290;20.624;76.166.152;14.445.624;0    9.2500
75.065.000;89.500;-0.0205;671.323;105.190;20.713;76.223.574;14.450.333;0    9.2500
75.070.000;89.500;-0.0205;671.323;104.200;20.710;76.281.016;14.455.043;0    9.2500
75.075.000;89.500;-0.0205;671.323;98.940;20.633;76.338.457;14.459.752;0    9.2500
75.080.000;89.500;-0.0205;671.323;98.840;20.545;76.395.938;14.464.466;0    9.2500
75.085.000;89.500;-0.0205;671.323;98.740;20.546;76.453.438;14.469.181;0    9.2500
75.090.000;89.499;-0.0205;671.323;98.660;20.585;76.510.938;14.473.896;0    9.2500
75.095.000;89.527;-0.0205;671.323;98.570;20.603;76.568.477;14.478.615;0    9.2500
75.100.000;89.561;-0.0205;671.323;98.480;20.541;76.626.016;14.483.333;0    9.2500
75.105.000;89.595;-0.0205;671.323;98.390;20.558;76.683.594;14.488.054;0    9.2500
75.110.000;89.629;-0.0205;671.323;98.290;20.594;76.741.172;14.492.776;0    9.2500
75.115.000;89.662;-0.0205;671.323;99.270;20.540;76.798.789;14.497.501;0    9.2500
75.120.000;89.696;-0.0205;671.323;104.190;20.515;76.856.406;14.502.225;0    9.2500
75.125.000;89.730;-0.0205;671.323;104.100;20.673;76.914.043;14.506.951;0    9.2500
75.130.000;89.764;-0.0205;671.323;104.000;20.760;76.971.816;14.511.688;0    9.2500
75.135.000;89.797;-0.0205;671.323;110.010;20.694;77.030.098;14.516.467;0    9.2500
75.140.000;89.831;-0.0206;671.323;109.910;20.687;77.086.465;14.521.089;0    9.2500
75.145.000;89.865;-0.0206;671.323;109.820;20.593;77.045.996;14.517.771;0    9.2500
75.150.000;89.899;-0.0206;671.323;109.730;20.546;76.999.199;14.513.934;0    9.2500
75.155.000;89.932;-0.0207;671.323;109.630;20.539;76.952.754;14.510.126;0    9.2500
75.160.000;89.966;-0.0207;671.323;109.540;20.589;76.906.465;14.506.330;0    9.2500
75.165.000;90.000;-0.0207;671.323;109.450;20.676;76.860.215;14.502.537;0    9.2500
75.170.000;90.034;-0.0207;671.323;109.360;20.544;76.813.965;14.498.745;0    9.2500
75.175.000;90.067;-0.0208;671.323;109.260;20.496;76.767.715;14.494.952;0    9.2500
75.180.000;90.101;-0.0208;671.323;109.180;20.439;76.721.484;14.491.161;0    9.2500
75.185.000;90.135;-0.0208;671.323;109.090;20.391;76.675.273;14.487.372;0    9.2500
75.190.000;90.169;-0.0209;671.323;109.000;20.448;76.629.063;14.483.583;0    9.2500
75.195.000;90.203;-0.0209;671.323;108.890;20.477;76.582.871;14.479.794;0    9.2500
75.200.000;90.236;-0.0209;671.323;108.810;20.512;76.536.699;14.476.008;0    9.2500
75.205.000;90.270;-0.0209;671.323;108.720;20.499;76.490.527;14.472.222;0    9.2500
75.210.000;90.304;-0.0210;671.323;108.630;20.493;76.444.375;14.468.438;0    9.2500
75.215.000;90.337;-0.0210;671.323;108.540;20.554;76.398.223;14.464.654;0    9.2500
75.220.000;90.371;-0.0210;671.323;102.360;20.511;76.352.090;14.460.871;0    9.2500
75.225.000;90.405;-0.0210;671.323;102.280;20.600;76.305.977;14.457.089;0    9.2500
75.230.000;90.439;-0.0211;671.323;102.190;20.640;76.259.863;14.453.308;0    9.2500
75.235.000;90.473;-0.0211;671.323;102.100;20.574;76.213.770;14.449.529;0    9.2500
75.240.000;90.503;-0.0211;671.323;101.990;20.614;76.167.676;14.445.749;0    9.2500
75.245.000;90.514;-0.0212;671.323;101.910;20.610;76.121.602;14.441.971;0    9.2500
75.250.000;90.526;-0.0212;671.323;101.820;20.489;76.075.547;14.438.194;0    9.2500
75.255.000;90.537;-0.0212;671.323;101.730;20.368;76.029.492;14.434.418;0    9.2500
75.260.000;90.549;-0.0212;671.323;101.640;20.347;75.983.457;14.430.643;0    9.2500
75.265.000;90.561;-0.0213;671.323;107.620;20.461;75.937.441;14.426.870;0    9.2500
75.270.000;90.572;-0.0213;671.323;107.540;20.549;75.891.426;14.423.096;0    9.2500
75.275.000;90.584;-0.0213;671.323;107.450;20.505;75.845.430;14.419.325;0    9.2500
75.280.000;90.596;-0.0213;671.323;107.360;20.511;75.799.434;14.415.553;0    9.2500
75.285.000;90.608;-0.0214;671.323;107.250;20.447;75.753.477;14.411.785;0    9.2500
75.290.000;90.619;-0.0214;671.323;107.170;20.478;75.707.500;14.408.014;0    9.2500
75.295.000;90.631;-0.0215;671.323;107.080;20.519;75.661.543;14.404.246;0    9.2500
75.300.000;90.643;-0.0216;671.323;106.990;20.563;75.615.605;14.400.479;0    9.2500
75.305.000;90.654;-0.0217;671.323;106.900;20.519;75.569.688;14.396.713;0    9.2500
75.310.000;90.666;-0.0216;671.323;106.800;20.513;75.523.770;14.392.949;0    9.2500
75.315.000;90.677;-0.0214;671.323;106.720;20.602;75.477.871;14.389.185;0    9.2500
75.320.000;90.689;-0.0211;671.323;106.630;20.712;75.431.973;14.385.421;0    9.2500
75.325.000;90.703;-0.0206;671.323;110.340;20.769;75.386.094;14.381.659;0    9.2500
75.330.000;90.777;-0.0194;671.323;112.520;20.897;75.340.234;14.377.899;0    9.2500
75.335.000;90.850;-0.0181;671.323;112.880;21.107;75.297.402;14.374.386;0    9.2500
75.340.000;90.999;-0.0136;671.323;118.420;21.618;75.246.367;14.370.202;0    9.2500
75.345.000;91.337;-0.0087;671.323;118.330;22.247;75.375.742;14.380.810;0    9.2500
75.350.000;91.674;-0.0015;671.802;122.800;23.191;72.459.512;14.141.679;0    9.2500
75.355.000;92.021;0.0106;672.782;136.380;25.142;57.291.113;12.897.871;0    9.2500
75.360.000;92.315;0.0265;673.878;159.390;26.477;47.247.061;12.074.258;0    9.2500
75.365.000;92.705;0.0438;675.207;186.520;26.584;4.710.176;6.631.629;92.500
75.370.000;93.053;0.0612;676.522;200.850;25.016;9.015.881;25.358.276;92.500
75.375.000;92.626;0.0791;677.862;202.890;25.271;6.394.324;9.517.976;92.500
75.380.000;92.208;0.0611;679.237;208.880;26.471;3.221.307;4.284.348;92.500
75.385.000;91.772;0.0280;680.058;208.780;27.744;3.221.307;4.284.365;92.500
75.390.000;91.983;0.0012;680.718;212.030;28.728;4.873.842;6.896.393;92.500
75.395.000;92.145;0.0041;681.973;214.680;28.882;2.556.699;19.126.553;92.500
75.400.000;92.277;0.0085;683.650;214.590;28.968;4.461.254;6.231.619;92.500
75.405.000;91.599;0.0180;686.473;224.680;28.737;6.068.564;44.998.140;92.500
75.410.000;90.878;0.0378;690.993;246.930;28.100;4.461.254;6.231.672;92.500
75.415.000;90.347;0.0800;701.258;269.190;27.300;5.951.857;22.366.213;92.500
75.420.000;90.469;0.1220;715.794;311.480;26.504;3.250.504;4.329.340;92.500
75.425.000;90.322;0.1637;732.485;367.560;25.645;730.775;639.990;92.500
75.430.000;90.416;0.1689;750.860;539.920;25.876;246.358;225.728;92.500
75.435.000;90.487;0.1462;768.903;637.940;26.547;226.684;208.253;92.500
75.440.000;90.416;0.1252;784.361;685.090;27.473;146.780;136.641;92.500
75.445.000;90.348;0.0790;794.812;717.780;28.396;156.595;145.479;92.500
75.450.000;90.279;0.0274;794.379;725.840;29.213;317.106;288.081;92.500
75.455.000;90.211;0.0138;787.134;699.910;28.897;484.297;431.902;92.500
75.460.000;90.142;0.0258;776.275;642.690;28.206;971.454;839.827;92.500
75.465.000;90.073;0.0573;762.887;558.380;27.423;2.492.047;2.062.462;92.500
75.470.000;90.005;0.0911;752.885;479.880;26.642;3.287.358;2.695.634;92.500
75.475.000;89.939;0.1252;748.162;439.370;25.998;879.279;763.474;92.500
75.480.000;90.046;0.1572;748.627;415.440;26.123;360.419;325.541;92.500
75.485.000;90.358;0.1702;755.272;516.980;26.400;163.927;152.079;92.500
75.490.000;90.666;0.1568;763.693;603.690;27.247;104.352;98.183;92.500
75.495.000;90.630;0.1058;766.931;644.550;28.313;93.300;88.077;92.500
75.500.000;90.531;0.0438;765.147;665.650;29.104;143.818;133.985;92.500
75.505.000;90.429;0.0033;757.906;649.300;29.466;389.779;380.485;92.500
75.510.000;90.324;0.0066;747.195;526.360;29.064;1.140.567;1.108.693;92.500
75.515.000;90.290;0.0139;736.814;374.290;28.692;2.966.187;2.888.640;92.500
75.520.000;90.256;0.0294;728.379;333.970;28.224;5.114.879;5.115.583;92.500
75.525.000;90.222;0.0517;724.144;358.780;27.729;1.915.708;1.865.783;92.500
75.530.000;90.189;0.0740;728.981;424.230;27.416;933.211;905.968;92.500
75.535.000;90.155;0.0966;738.770;489.680;27.047;553.570;538.955;92.500
75.540.000;90.123;0.1136;750.413;555.130;26.624;328.372;320.406;92.500
75.545.000;90.167;0.0957;758.649;619.550;27.201;277.656;270.587;92.500
75.550.000;90.345;0.0621;762.899;632.830;28.176;267.738;260.843;92.500
75.555.000;90.464;0.0199;763.395;628.630;28.848;357.812;349.281;92.500
75.560.000;90.933;0.0294;759.712;594.150;28.631;846.733;821.879;92.500
75.565.000;91.480;0.0505;752.933;550.610;27.758;1.796.769;1.750.446;92.500
75.570.000;91.420;0.0781;745.733;507.080;26.609;3.191.656;3.116.187;92.500
75.575.000;91.293;0.1244;743.014;463.540;26.056;488.377;476.446;92.500
75.580.000;91.698;0.1851;762.673;420.010;25.696;260.351;261.894;92.500
75.585.000;92.345;0.2345;786.328;410.760;25.308;107.459;100.663;92.500
75.590.000;93.879;0.2465;812.040;560.190;25.215;75.613;69.233;92.500
75.595.000;95.593;0.2319;840.620;1.089.920;25.371;58.218;52.223;92.500
75.600.000;97.295;0.2129;867.735;1.141.030;25.452;52.588;46.850;92.500
75.605.000;97.837;0.2021;886.367;1.117.230;25.448;54.542;48.801;92.500
75.610.000;96.847;0.2184;890.063;1.049.660;25.375;58.717;52.818;92.500
75.615.000;93.826;0.2245;869.116;966.460;25.762;78.664;72.230;92.500
75.620.000;90.587;0.1694;844.169;822.100;26.458;145.975;141.866;92.500
75.625.000;89.902;0.1117;815.760;699.150;27.347;903.282;880.833;92.500
75.630.000;90.085;0.0540;784.942;599.440;28.289;4.138.664;4.111.110;92.500
75.635.000;90.634;0.0066;754.194;537.790;29.423;6.419.037;6.521.617;92.500
75.640.000;90.992;0.0029;731.536;426.070;29.309;9.586.652;9.739.855;92.500
75.645.000;91.333;0.0072;716.400;339.750;28.914;3.445.974;13.660.856;92.500
75.650.000;91.728;0.0160;708.637;296.660;28.209;1.698.618;11.885.579;92.500
75.655.000;91.236;0.0432;709.214;282.890;27.472;7.057.452;7.170.243;92.500
75.660.000;90.701;0.0744;720.249;292.510;26.742;2.194.178;2.141.709;92.500
75.665.000;90.165;0.0988;737.448;372.690;26.097;682.175;436.819;92.500
75.670.000;89.913;0.1557;750.967;531.240;25.953;212.090;109.502;92.500
75.675.000;89.986;0.1910;774.295;683.730;25.908;117.285;54.565;92.500
75.680.000;90.068;0.2168;805.035;745.080;26.119;89.993;40.084;92.500
75.685.000;90.310;0.2281;832.968;824.890;25.999;69.051;30.304;92.500
75.690.000;90.401;0.2173;856.906;905.940;25.845;56.625;24.571;92.500
75.695.000;90.653;0.2087;873.941;981.230;25.930;59.856;26.067;92.500
75.700.000;90.701;0.2062;887.912;1.005.470;26.023;54.601;23.654;92.500
75.705.000;90.694;0.2057;906.006;1.036.530;25.804;51.624;22.290;92.500
75.710.000;90.933;0.2013;913.077;1.081.870;25.724;58.218;25.324;92.500
75.715.000;93.014;0.1985;913.077;1.207.090;25.535;53.569;23.264;92.500
75.720.000;95.173;0.2073;913.077;1.284.730;25.314;57.656;25.230;92.500
75.725.000;95.851;0.2173;913.077;1.332.500;25.405;60.973;26.794;92.500
75.730.000;95.311;0.2225;913.077;1.380.320;25.589;54.569;23.809;92.500
75.735.000;94.817;0.2153;913.077;1.413.940;26.059;58.846;25.766;92.500
75.740.000;94.726;0.1792;913.077;1.442.420;26.503;62.689;27.544;92.500
75.745.000;95.331;0.1461;913.077;1.438.220;26.685;84.634;37.849;92.500
75.750.000;95.463;0.1236;907.686;1.230.950;26.345;111.418;51.844;92.500
75.755.000;94.549;0.1350;901.246;1.052.000;25.916;144.090;69.732;92.500
75.760.000;93.185;0.1513;892.269;972.170;25.527;125.170;59.131;92.500
75.765.000;92.037;0.1593;879.840;900.940;26.085;102.521;46.811;92.500
75.770.000;89.996;0.1273;865.343;858.890;26.202;83.969;37.243;92.500
75.775.000;90.148;0.1119;847.556;814.160;26.477;68.775;30.168;92.500
75.780.000;91.671;0.0992;830.012;761.050;26.350;65.051;28.509;92.500
75.785.000;95.281;0.1072;819.956;699.240;26.062;78.264;34.847;92.500
75.790.000;97.367;0.1300;815.838;637.430;25.338;93.300;42.298;92.500
75.795.000;89.778;0.1537;818.088;645.060;25.548;109.182;50.191;92.500
75.800.000;89.634;0.1495;824.398;699.700;26.094;101.665;46.180;92.500
75.805.000;90.870;0.1396;830.930;800.360;26.013;90.747;40.527;92.500
75.810.000;92.324;0.1461;835.510;841.450;25.892;101.250;46.156;92.500
75.815.000;91.810;0.1581;845.759;855.500;25.908;109.182;50.350;92.500
75.820.000;90.927;0.1700;852.047;863.460;26.280;94.166;42.319;92.500
75.825.000;91.401;0.1777;837.439;861.860;26.713;75.084;33.162;92.500
75.830.000;92.215;0.1337;815.769;846.860;27.024;55.076;23.927;92.500
75.835.000;90.514;0.0946;790.783;824.880;27.419;64.899;28.389;92.500
75.840.000;89.986;0.0543;766.479;486.190;27.785;94.362;42.358;92.500
75.845.000;90.252;0.0147;745.720;357.080;28.347;145.958;70.328;92.500
75.850.000;90.269;0.0080;718.275;294.530;29.052;217.403;112.954;92.500
75.855.000;90.148;0.0014;694.264;249.760;29.447;543.379;336.411;92.500
75.860.000;90.061;-0.0051;685.981;217.760;29.651;542.764;335.943;92.500
75.865.000;90.843;-0.0081;681.916;200.020;29.772;1.131.946;972.034;92.500
75.870.000;92.873;-0.0081;679.908;193.860;29.778;2.378.397;1.973.225;92.500
75.875.000;95.981;-0.0061;679.367;193.770;29.883;475.994;16.790.315;92.500
75.880.000;98.517;-0.0041;680.612;197.330;29.590;4.761.603;3.904.514;92.500
75.885.000;97.478;-0.0021;683.755;211.810;29.434;475.994;16.790.315;92.500
75.890.000;97.007;-0.0001;689.142;224.790;29.577;5.688.971;4.664.956;92.500
75.895.000;97.793;0.0040;697.160;250.400;29.307;1.125.160;1.216.235;92.500
75.900.000;98.306;0.0110;708.391;308.810;28.739;1.010.758;1.073.697;92.500
75.905.000;98.295;0.0266;725.935;384.860;28.063;1.049.688;1.122.098;92.500
75.910.000;98.162;0.0445;746.768;466.680;27.418;1.109.821;1.197.237;92.500
75.915.000;97.704;0.0900;765.449;554.720;26.558;1.132.966;1.226.002;92.500
75.920.000;97.798;0.1343;788.328;676.850;25.855;412.777;393.162;92.500
75.925.000;94.472;0.1736;810.103;747.530;25.538;225.536;189.426;92.500
75.930.000;90.985;0.1854;828.928;812.820;25.785;170.548;132.667;92.500
75.935.000;89.792;0.1655;844.383;837.970;26.360;99.441;65.221;92.500
75.940.000;90.463;0.1454;851.364;850.940;26.808;68.104;41.410;92.500
75.945.000;92.315;0.1050;853.121;848.720;27.170;58.759;34.904;92.500
75.950.000;94.911;0.0852;851.266;829.180;27.334;66.099;40.279;92.500
75.955.000;98.573;0.0700;839.651;794.130;27.517;77.666;48.972;92.500
75.960.000;98.902;0.0413;820.539;751.500;28.014;95.197;62.554;92.500
75.965.000;93.720;0.0144;798.021;684.670;29.468;150.268;113.106;92.500
75.970.000;89.754;-0.0065;774.377;616.610;29.978;237.199;200.169;92.500
75.975.000;89.821;-0.0084;750.041;483.730;29.974;617.842;615.693;92.500
75.980.000;90.013;-0.0101;727.569;405.810;29.820;1.468.587;1.326.157;92.500
75.985.000;90.245;-0.0109;709.555;340.220;29.709;2.932.176;2.513.547;92.500
75.990.000;90.501;-0.0101;695.564;258.220;29.983;4.258.000;3.543.257;92.500
75.995.000;90.722;-0.0093;687.650;209.800;29.995;4.664.394;3.861.024;92.500
76.000.000;90.941;-0.0084;682.559;204.490;29.992;7.222.852;5.894.431;92.500
76.005.000;91.040;-0.0075;679.591;197.980;29.939;4.542.886;11.848.646;92.500
76.010.000;90.818;-0.0066;678.908;191.430;29.774;4.032.937;11.427.876;92.500
76.015.000;90.602;-0.0057;680.084;205.010;29.710;8.991.151;7.316.379;92.500
76.020.000;90.482;-0.0041;681.804;215.500;29.813;5.991.887;4.906.955;92.500
76.025.000;90.416;-0.0017;684.195;230.620;29.892;4.668.763;3.864.448;92.500
76.030.000;90.353;0.0008;687.212;246.020;29.406;3.918.977;3.278.516;92.500
76.035.000;90.313;0.0040;690.241;262.230;29.019;3.047.444;2.599.866;92.500
76.040.000;90.416;0.0072;693.260;282.060;28.793;1.808.294;1.605.045;92.500
76.045.000;90.556;0.0079;696.160;301.540;28.798;621.116;618.769;92.500
76.050.000;90.888;0.0006;698.374;318.840;29.409;587.593;590.838;92.500
76.055.000;90.950;-0.0046;699.748;333.510;30.016;752.569;729.707;92.500
76.060.000;90.543;-0.0087;699.952;349.180;29.994;1.659.729;1.399.994;92.500
76.065.000;90.297;-0.0073;698.904;340.630;29.857;5.352.337;4.388.916;92.500
76.070.000;90.300;-0.0050;696.510;322.720;29.756;1.174.688;17.363.243;92.500
76.075.000;90.300;-0.0027;692.704;291.540;29.484;9.692.410;16.147.776;92.500
76.080.000;90.335;0.0013;689.702;257.710;29.079;5.365.739;4.399.906;92.500
76.085.000;90.518;0.0107;690.167;225.210;28.454;7.596.086;6.228.790;92.500
76.090.000;90.698;0.0328;695.042;190.940;27.489;8.746.840;7.172.409;92.500
76.095.000;90.884;0.0779;704.272;231.530;26.439;287.518;16.635.765;92.500
76.100.000;90.586;0.1182;718.438;355.420;25.402;1.881.763;1.577.991;92.500
76.105.000;90.217;0.1639;739.669;466.730;24.573;378.473;341.130;92.500
76.110.000;89.846;0.1761;760.162;555.560;24.687;186.629;172.331;92.500
76.115.000;89.474;0.1397;769.661;650.420;25.554;128.704;120.135;92.500
76.120.000;89.099;0.0921;770.399;771.630;26.779;119.363;111.615;92.500
76.125.000;88.765;0.0427;763.925;728.050;27.711;161.000;149.138;92.500
76.130.000;89.128;0.0061;752.039;527.130;28.039;377.024;339.508;92.500
76.135.000;89.473;-0.0045;734.839;374.370;27.633;1.629.959;1.375.549;92.500
76.140.000;89.810;-0.0092;711.895;293.980;26.478;5.850.118;4.797.097;92.500
76.145.000;90.105;-0.0137;692.306;245.390;24.840;7.653.560;6.275.919;92.500
76.150.000;89.843;-0.0173;682.405;192.350;23.529;12.955;8.210.623;92.500
76.155.000;89.563;-0.0185;677.194;143.130;21.711;100.778;16.482.638;92.500
76.160.000;89.284;-0.0185;673.958;105.410;20.903;5.789.510;4.747.398;92.500
76.165.000;89.006;-0.0184;671.864;105.380;20.769;5.741.538;33.009.419;92.500
76.170.000;88.728;-0.0183;671.324;103.090;20.602;8.135.674;95.735.293;92.500
76.175.000;88.498;-0.0182;671.324;99.240;20.480;81.413.555;18.575.457;0    9.2500
76.180.000;88.532;-0.0181;671.323;93.130;20.464;78.452.012;18.243.820;0    9.2500
76.185.000;88.560;-0.0181;671.323;93.100;20.440;69.562.168;17.251.255;0    9.2500
76.190.000;88.588;-0.0185;671.323;93.070;20.423;74.628.320;17.816.349;0    9.2500
76.195.000;88.615;-0.0185;671.323;100.380;20.427;79.023.125;18.307.740;0    9.2500
76.200.000;88.643;-0.0189;671.323;111.240;20.480;79.038.945;18.309.509;0    9.2500
76.205.000;88.671;-0.0190;671.323;117.890;20.533;75.994.180;17.968.955;0    9.2500
76.210.000;88.698;-0.0190;671.323;125.430;20.585;71.337.871;17.449.160;0    9.2500
76.215.000;88.726;-0.0191;671.323;129.390;20.657;73.285.020;17.666.388;0    9.2500
76.220.000;88.753;-0.0191;671.323;129.360;20.726;73.285.020;17.666.388;0    9.2500
76.225.000;88.781;-0.0192;671.323;135.410;20.621;75.145.293;17.874.101;0    9.2500
76.230.000;88.809;-0.0192;671.323;135.380;20.518;78.350.469;18.232.457;0    9.2500
76.235.000;88.836;-0.0192;671.323;135.350;20.609;79.023.125;18.307.759;0    9.2500
76.240.000;88.864;-0.0193;671.323;135.310;20.697;79.023.125;18.307.759;0    9.2500
76.245.000;88.892;-0.0193;671.323;134.880;20.613;62.143.262;16.426.460;0    9.2500
76.250.000;88.907;-0.0193;671.323;129.180;20.493;15.834.785;11.436.072;0    9.2500
76.255.000;88.916;-0.0192;671.323;129.150;20.517;2.807.676;79.788.071;92.500
76.260.000;88.926;-0.0192;671.323;123.030;20.595;858.799;98.587.178;92.500
76.265.000;88.935;-0.0192;671.323;122.700;20.573;39.251.865;13.929.620;0    9.2500
76.270.000;88.945;-0.0192;671.323;115.090;20.682;62.951.289;16.516.142;0    9.2500
76.275.000;88.955;-0.0191;671.323;107.480;20.744;73.334.102;17.671.878;0    9.2500
76.280.000;88.964;-0.0191;671.323;104.680;20.719;73.414.746;17.680.884;0    9.2500
76.285.000;88.974;-0.0191;671.323;98.350;20.689;73.495.410;17.689.894;0    9.2500
76.290.000;88.983;-0.0190;671.323;92.460;20.602;73.576.133;17.698.900;0    9.2500
76.295.000;88.993;-0.0190;671.323;92.430;20.639;73.656.895;17.707.918;0    9.2500
76.300.000;89.003;-0.0190;671.323;92.400;20.673;73.737.676;17.716.941;0    9.2500
76.305.000;89.012;-0.0189;671.323;92.370;20.582;73.818.496;17.725.970;0    9.2500
76.310.000;89.022;-0.0189;671.323;93.970;20.493;73.899.375;17.734.992;0    9.2500
76.315.000;89.031;-0.0189;671.323;101.510;20.452;73.980.273;17.744.041;0    9.2500
76.320.000;89.041;-0.0188;671.323;110.510;20.508;74.061.211;17.753.072;0    9.2500
76.325.000;89.051;-0.0188;671.323;116.600;20.563;74.142.188;17.762.109;0    9.2500
76.330.000;89.060;-0.0188;671.323;124.150;20.618;74.223.203;17.771.152;0    9.2500
76.335.000;89.070;-0.0187;671.323;128.660;20.669;74.304.258;17.780.216;0    9.2500
76.340.000;89.080;-0.0187;671.323;133.160;20.709;74.385.352;17.789.267;0    9.2500
76.345.000;89.089;-0.0187;671.323;134.680;20.778;74.466.484;17.798.332;0    9.2500
76.350.000;89.098;-0.0186;671.323;134.650;20.832;74.547.656;17.807.392;0    9.2500
76.355.000;89.118;-0.0186;671.323;134.620;20.733;74.628.848;17.816.457;0    9.2500
76.360.000;89.145;-0.0186;671.323;134.590;20.731;74.710.098;17.825.546;0    9.2500
76.365.000;89.172;-0.0185;671.323;134.560;20.676;74.791.367;17.834.628;0    9.2500
76.370.000;89.200;-0.0185;671.323;135.880;20.606;74.872.695;17.843.709;0    9.2500
76.375.000;89.227;-0.0185;671.323;140.580;20.598;74.954.043;17.852.810;0    9.2500
76.380.000;89.254;-0.0186;671.323;144.900;20.608;75.035.449;17.861.898;0    9.2500
76.385.000;89.282;-0.0186;671.323;146.600;20.673;75.116.875;17.870.990;0    9.2500
76.390.000;89.309;-0.0186;671.323;147.830;20.617;75.198.340;17.880.087;0    9.2500
76.395.000;89.336;-0.0186;671.323;152.610;20.650;75.279.844;17.889.209;0    9.2500
76.400.000;89.363;-0.0186;671.323;152.580;20.616;75.361.387;17.898.316;0    9.2500
76.405.000;89.390;-0.0186;671.323;152.550;20.546;75.442.969;17.907.435;0    9.2500
76.410.000;89.418;-0.0187;671.323;151.350;20.526;75.524.590;17.916.550;0    9.2500
76.415.000;89.445;-0.0187;671.323;146.410;20.497;75.606.250;17.925.671;0    9.2500
76.420.000;89.472;-0.0187;671.323;146.380;20.528;75.687.949;17.934.816;0    9.2500
76.425.000;89.500;-0.0187;671.323;140.270;20.507;75.769.688;17.943.945;0    9.2500
76.430.000;89.527;-0.0187;671.323;139.160;20.592;75.851.465;17.953.087;0    9.2500
76.435.000;89.554;-0.0187;671.323;134.130;20.674;75.933.281;17.962.238;0    9.2500
76.440.000;89.581;-0.0188;671.323;130.030;20.648;76.015.117;17.971.390;0    9.2500
76.445.000;89.608;-0.0188;671.323;127.990;20.736;76.097.012;17.980.539;0    9.2500
76.450.000;89.636;-0.0188;671.323;126.980;20.660;76.178.945;17.989.691;0    9.2500
76.455.000;89.663;-0.0188;671.323;121.850;20.544;76.260.898;17.998.849;0    9.2500
76.460.000;89.690;-0.0188;671.323;121.820;20.418;76.342.910;18.008.031;0    9.2500
76.465.000;89.753;-0.0188;671.323;115.710;20.490;76.424.941;18.017.207;0    9.2500
76.470.000;89.834;-0.0189;671.323;115.680;20.600;76.507.012;18.026.378;0    9.2500
76.475.000;89.916;-0.0189;671.323;115.650;20.601;76.589.141;18.035.554;0    9.2500
76.480.000;89.997;-0.0189;671.323;115.620;20.665;76.671.289;18.044.755;0    9.2500
76.485.000;90.079;-0.0189;671.323;115.590;20.813;76.753.477;18.053.939;0    9.2500
76.490.000;90.161;-0.0189;671.323;115.560;20.960;76.835.703;18.063.140;0    9.2500
76.495.000;90.243;-0.0187;671.323;115.530;21.109;76.920.039;18.072.574;0    9.2500
76.500.000;90.324;-0.0181;671.323;119.300;21.182;76.940.684;18.074.875;0    9.2500
76.505.000;90.406;-0.0174;671.854;127.630;21.249;76.817.676;18.061.117;0    9.2500
76.510.000;90.488;-0.0161;673.755;147.260;21.431;79.023.125;18.307.861;0    9.2500
76.515.000;90.569;-0.0136;676.714;164.600;21.878;25.336.182;12.444.135;0    9.2500
76.520.000;90.651;-0.0103;681.237;190.990;22.392;9.684.126;32.540.984;92.500
76.525.000;90.733;-0.0053;688.033;236.930;24.066;6.963.289;5.709.897;92.500
76.530.000;90.817;-0.0004;697.189;277.720;25.421;858.213;17.103.734;92.500
76.535.000;90.891;0.0046;708.115;339.190;26.753;3.754.149;11.278.402;92.500
76.540.000;90.579;0.0093;719.849;418.900;27.084;9.681.525;7.938.851;92.500
76.545.000;90.235;0.0311;732.055;492.120;26.785;3.295.905;2.702.642;92.500
76.550.000;89.936;0.0581;745.548;536.780;26.304;1.763.657;1.483.006;92.500
76.555.000;90.881;0.0848;758.864;567.040;25.580;933.456;808.560;92.500
76.560.000;91.897;0.1369;771.683;600.820;25.165;244.849;224.723;92.500
76.565.000;92.899;0.1984;784.048;637.900;24.881;67.622;64.645;92.500
76.570.000;93.365;0.1673;796.634;664.320;25.357;48.117;46.503;92.500
76.575.000;92.587;0.1183;808.659;701.340;26.162;44.114;42.696;92.500
76.580.000;91.836;0.0703;803.416;738.350;26.599;52.104;50.126;92.500
76.585.000;91.522;0.0267;794.218;775.360;26.993;109.927;103.362;92.500
76.590.000;91.073;0.0343;784.068;789.030;26.862;246.384;225.875;92.500
76.595.000;90.707;0.0530;770.760;418.870;26.321;492.914;439.314;92.500
76.600.000;90.328;0.0811;757.918;429.060;25.972;376.969;339.830;92.500
76.605.000;91.008;0.1092;742.904;441.150;25.252;57.620;55.201;92.500
76.610.000;91.842;0.1272;727.704;453.250;24.667;24.394;23.985;92.500
76.615.000;92.254;0.0900;725.019;467.380;24.120;15.952;15.871;92.500
76.620.000;93.228;0.0435;719.207;460.420;23.470;18.325;18.192;92.500
76.625.000;94.529;-0.0041;711.341;418.060;22.582;44.267;42.961;92.500
76.630.000;95.869;-0.0137;702.196;315.470;20.963;155.342;145.301;92.500
76.635.000;94.923;-0.0182;692.775;218.020;20.581;676.250;596.131;92.500
76.640.000;91.009;-0.0189;684.061;187.220;20.638;4.331.613;3.551.923;92.500
76.645.000;89.339;-0.0188;677.180;162.850;20.518;9.871.252;16.294.426;92.500
76.650.000;89.093;-0.0188;673.242;138.750;20.502;4.831.216;3.298.971;92.500
76.655.000;89.125;-0.0187;671.758;126.710;20.355;81.713.613;15.090.042;0    9.2500
76.660.000;89.161;-0.0186;671.324;120.580;20.319;71.556.973;14.222.877;0    9.2500
76.665.000;89.193;-0.0186;671.324;112.970;20.402;75.764.336;14.581.874;0    9.2500
76.670.000;89.224;-0.0185;671.323;111.410;20.421;74.965.879;14.513.710;0    9.2500
76.675.000;89.256;-0.0185;671.323;114.440;20.390;74.894.023;14.507.576;0    9.2500
76.680.000;89.287;-0.0184;671.323;120.490;20.431;74.822.168;14.501.437;0    9.2500
76.685.000;89.300;-0.0183;671.323;121.890;20.474;74.750.352;14.495.300;0    9.2500
76.690.000;89.300;-0.0183;671.323;126.500;20.491;74.678.574;14.489.182;0    9.2500
76.695.000;89.300;-0.0182;671.323;126.470;20.418;74.606.816;14.483.050;0    9.2500
76.700.000;89.300;-0.0182;671.323;126.440;20.470;74.535.098;14.476.937;0    9.2500
76.705.000;89.300;-0.0181;671.323;126.410;20.573;74.463.398;14.470.811;0    9.2500
76.710.000;89.300;-0.0183;671.323;126.380;20.678;74.391.738;14.464.688;0    9.2500
76.715.000;89.300;-0.0184;671.323;126.350;20.710;74.320.098;14.458.575;0    9.2500
76.720.000;89.300;-0.0185;671.323;126.320;20.620;74.248.496;14.452.463;0    9.2500
76.725.000;89.307;-0.0187;671.323;120.210;20.721;74.176.914;14.446.364;0    9.2500
76.730.000;89.337;-0.0188;671.323;117.430;20.595;74.105.371;14.440.251;0    9.2500
76.735.000;89.367;-0.0190;671.323;109.820;20.650;74.033.848;14.434.139;0    9.2500
76.740.000;89.397;-0.0191;671.323;107.960;20.501;73.962.363;14.428.039;0    9.2500
76.745.000;89.426;-0.0192;671.323;101.850;20.422;73.890.898;14.421.934;0    9.2500
76.750.000;89.458;-0.0194;671.323;99.160;20.530;73.819.473;14.415.847;0    9.2500
76.755.000;89.472;-0.0195;671.323;95.710;20.614;73.748.066;14.409.754;0    9.2500
76.760.000;89.718;-0.0196;671.323;89.600;20.565;73.676.699;14.403.657;0    9.2500
76.765.000;89.749;-0.0198;671.323;89.570;20.631;73.605.352;14.397.578;0    9.2500
76.770.000;89.797;-0.0199;671.323;86.970;20.640;73.534.043;14.391.485;0    9.2500
76.775.000;89.843;-0.0200;671.323;83.430;20.536;73.465.371;14.385.615;0    9.2500
76.780.000;89.890;-0.0201;671.323;83.400;20.475;73.419.863;14.381.738;0    9.2500
76.785.000;89.899;-0.0199;671.323;84.360;20.526;73.244.746;14.366.801;0    9.2500
76.790.000;89.903;-0.0197;671.323;89.420;20.545;73.285.020;14.370.216;0    9.2500
76.795.000;90.078;-0.0195;671.323;89.390;20.611;58.100.820;13.076.945;0    9.2500
76.800.000;90.270;-0.0193;671.323;89.360;20.717;47.238.203;12.154.545;0    9.2500
76.805.000;90.511;-0.0193;671.323;96.300;20.592;56.563.193;12.946.235;0    9.2500
76.810.000;90.618;-0.0184;671.323;101.460;20.741;70.041.582;14.093.605;0    9.2500
76.815.000;90.757;-0.0162;671.323;105.310;20.953;79.023.125;14.860.072;0    9.2500
76.820.000;90.901;-0.0140;671.324;113.550;21.434;79.023.125;14.860.072;0    9.2500
76.825.000;91.045;-0.0109;671.324;120.400;21.920;79.023.125;14.860.063;0    9.2500
76.830.000;91.304;-0.0072;671.325;130.240;22.820;79.023.125;14.860.063;0    9.2500
76.835.000;91.542;-0.0036;671.461;145.360;23.734;5.082.173;2.757.560;92.500
76.840.000;92.460;0.0001;671.693;155.980;24.574;9.015.881;12.693.571;92.500
76.845.000;93.390;-0.0005;671.974;163.440;25.232;6.172.701;3.482.432;92.500
76.850.000;93.690;-0.0036;672.235;174.160;25.273;4.577.650;2.431.345;92.500
76.855.000;92.696;-0.0066;672.271;177.830;24.843;4.173.322;2.174.635;92.500
76.860.000;91.734;-0.0097;672.276;180.180;24.385;4.717.750;2.521.298;92.500
76.865.000;90.782;-0.0128;672.253;179.540;23.364;1.497.473;7.101.439;92.500
76.870.000;90.290;-0.0159;672.064;171.930;22.172;858.213;14.118.479;92.500
76.875.000;91.378;-0.0178;671.818;164.320;20.747;6.888.083;3.950.379;92.500
76.880.000;91.787;-0.0178;671.536;149.660;20.463;8.388.525;19.918.043;92.500
76.885.000;90.681;-0.0179;671.325;142.770;20.520;4.627.300;40.303.420;92.500
76.890.000;89.556;-0.0180;671.324;131.380;20.484;5.117.900;84.334.727;92.500
76.895.000;89.322;-0.0181;671.324;121.740;20.560;77.089.629;16.117.504;0    9.2500
76.900.000;89.381;-0.0182;671.323;113.070;20.596;76.997.363;16.106.757;0    9.2500
76.905.000;89.446;-0.0182;671.323;106.530;20.613;76.920.723;16.097.856;0    9.2500
76.910.000;89.510;-0.0183;671.323;100.850;20.652;76.844.102;16.088.949;0    9.2500
76.915.000;89.572;-0.0184;671.323;100.820;20.558;76.767.539;16.080.048;0    9.2500
76.920.000;89.632;-0.0185;671.323;100.790;20.459;76.690.996;16.071.145;0    9.2500
76.925.000;89.748;-0.0186;671.323;100.760;20.381;76.614.473;16.062.253;0    9.2500
76.930.000;89.894;-0.0187;671.323;102.570;20.464;76.538.008;16.053.360;0    9.2500
76.935.000;89.901;-0.0188;671.323;106.780;20.566;76.461.563;16.044.470;0    9.2500
76.940.000;89.900;-0.0188;671.323;106.740;20.664;76.385.156;16.035.593;0    9.2500
76.945.000;89.900;-0.0189;671.323;106.840;20.749;76.308.770;16.026.722;0    9.2500
76.950.000;89.900;-0.0189;671.323;110.600;20.680;76.232.422;16.017.846;0    9.2500
76.955.000;89.900;-0.0189;671.323;112.740;20.644;76.156.113;16.008.976;0    9.2500
76.960.000;89.900;-0.0189;671.323;112.700;20.533;76.079.824;16.000.111;0    9.2500
76.965.000;89.900;-0.0189;671.323;112.670;20.516;76.003.594;15.991.268;0    9.2500
76.970.000;89.900;-0.0189;671.323;112.640;20.642;75.927.383;15.982.414;0    9.2500
76.975.000;89.900;-0.0189;671.323;112.610;20.621;75.851.191;15.973.572;0    9.2500
76.980.000;89.900;-0.0192;671.323;112.580;20.672;75.775.039;15.964.726;0    9.2500
76.985.000;89.900;-0.0189;671.323;112.550;20.824;75.698.926;15.955.876;0    9.2500
76.990.000;89.900;-0.0185;671.323;112.520;21.023;75.622.852;15.947.050;0    9.2500
76.995.000;89.898;-0.0171;671.323;112.490;21.242;75.546.797;15.938.218;0    9.2500
77.000.000;89.911;-0.0158;671.323;112.460;21.828;75.470.781;15.929.402;0    9.2500
77.005.000;90.120;-0.0145;671.323;110.410;22.270;75.394.629;15.920.562;0    9.2500
77.010.000;90.324;-0.0133;671.323;107.860;22.669;75.317.090;15.911.563;0    9.2500
77.015.000;90.498;-0.0148;671.323;106.290;22.696;75.240.859;15.902.717;0    9.2500
77.020.000;90.438;-0.0146;671.323;106.260;21.503;75.176.992;15.895.306;0    9.2500
77.025.000;90.381;-0.0123;671.323;112.310;21.732;76.013.047;15.992.375;0    9.2500
77.030.000;90.325;-0.0079;658.884;112.280;22.317;76.755.625;16.078.689;0    9.2500
77.035.000;90.298;-0.0017;644.830;115.130;23.219;77.544.277;16.170.467;0    9.2500
77.040.000;90.302;0.0045;616.930;122.680;25.475;78.371.934;16.266.859;4    9.2500
77.045.000;90.496;0.0107;594.207;136.500;27.660;79.147.793;16.357.332;1    9.2500
77.050.000;90.855;0.0170;587.286;190.000;28.797;37.813.574;11.671.784;0    9.2500
77.055.000;91.055;0.0312;587.275;166.340;28.508;5.300.059;84.500.654;92.500
77.060.000;91.471;0.0592;581.920;177.180;27.727;9.502.124;61.374.077;92.500
77.065.000;91.751;0.0929;586.060;900.000;26.861;7.027.476;34.302.886;92.500
77.070.000;92.007;0.1264;590.964;1.200.000;26.053;8.375.043;4.942.913;92.500
77.075.000;91.979;0.1598;612.042;197.110;25.478;858.213;14.118.577;92.500
77.080.000;91.790;0.1921;633.135;192.880;25.063;9.393.149;5.636.636;92.500
77.085.000;91.598;0.2098;636.830;172.730;24.704;3.468.651;1.738.496;92.500
77.090.000;91.407;0.2333;639.129;112.440;24.369;2.347.483;1.095.472;92.500
77.095.000;91.328;0.2258;655.043;74.520;24.522;2.266.844;1.051.129;92.500
77.100.000;91.395;0.2141;662.213;2.600.000;25.225;2.405.659;1.127.589;92.500
77.105.000;91.461;0.1769;669.104;1.700.000;26.318;2.720.173;1.301.092;92.500
77.110.000;91.527;0.1397;661.255;1.400.000;27.434;2.936.780;1.421.960;92.500
77.115.000;91.592;0.0799;642.290;1.200.000;28.554;3.129.156;1.534.129;92.500
77.120.000;91.658;0.0143;621.781;1.000.000;29.526;3.538.624;1.781.105;92.500
77.125.000;91.724;-0.0023;597.608;700.000;29.974;4.750.078;2.542.111;92.500
77.130.000;91.790;-0.0050;572.095;300.000;29.974;858.213;14.118.599;92.500
77.135.000;91.854;-0.0073;545.479;218.600;29.975;4.559.204;2.419.522;92.500
77.140.000;91.856;-0.0064;519.990;220.000;29.974;2.194.041;22.809.253;92.500
77.145.000;91.710;-0.0052;507.638;245.320;29.902;5.363.625;17.640.867;92.500
77.150.000;91.566;-0.0041;503.526;270.000;29.630;8.264.106;12.117.366;92.500
77.155.000;91.416;-0.0029;500.898;280.000;29.451;3.151.809;8.289.012;92.500
77.160.000;91.146;-0.0009;500.578;300.000;29.353;9.470.493;5.689.777;92.500
77.165.000;91.136;0.0012;500.071;232.320;29.392;4.710.176;2.516.405;92.500
77.170.000;91.211;0.0033;498.099;273.960;29.132;9.192.543;12.829.592;92.500
77.175.000;91.285;0.0055;496.450;350.000;29.089;3.631.327;8.640.569;92.500
77.180.000;91.302;0.0103;507.249;380.000;28.923;4.951.982;9.617.450;92.500
77.185.000;91.383;0.0207;531.530;400.000;28.728;8.414.496;4.969.604;92.500
77.190.000;91.467;0.0412;556.400;338.620;27.936;7.472.983;4.337.651;92.500
77.195.000;91.549;0.0693;580.324;800.000;27.310;4.255.682;2.226.543;92.500
77.200.000;91.630;0.1001;598.532;1.050.000;26.743;1.848.419;825.252;92.500
77.205.000;91.709;0.1328;622.675;1.270.000;26.330;1.120.515;456.141;92.500
77.210.000;91.792;0.1741;633.839;1.420.000;26.253;827.315;328.579;92.500
77.215.000;91.870;0.1919;621.893;244.890;26.193;638.588;248.125;92.500
77.220.000;92.742;0.2173;614.683;1.410.000;26.395;529.961;204.407;92.500
77.225.000;94.151;0.1961;600.878;234.690;26.902;427.996;165.937;92.500
77.230.000;95.549;0.1404;583.681;242.230;27.757;380.471;148.036;92.500
77.235.000;95.848;0.0179;568.490;850.000;28.803;422.561;164.137;92.500
77.240.000;93.832;-0.0005;544.634;600.000;29.419;420.017;440.362;92.500
77.245.000;91.912;-0.0001;532.696;440.000;29.546;2.493.153;2.833.504;92.500
77.250.000;91.693;0.0044;526.158;300.150;29.289;1.051.990;24.451.348;92.500
77.255.000;91.719;0.0097;511.740;280.000;29.177;8.326.981;10.868.331;92.500
77.260.000;91.923;0.0149;507.243;270.000;28.950;5.082.173;6.226.932;92.500
77.265.000;92.127;0.0206;507.417;370.000;28.643;1.247.568;24.603.245;92.500
77.270.000;92.262;0.0130;506.821;430.000;28.951;1.701.859;1.921.455;92.500
77.275.000;91.942;0.0016;506.720;430.000;29.721;1.891.067;2.344.822;92.500
77.280.000;91.636;-0.0039;507.942;400.000;29.906;3.473.787;4.650.156;92.500
77.285.000;91.603;-0.0053;507.164;200.000;29.533;8.156.667;16.355.011;92.500
77.290.000;91.889;-0.0053;502.980;180.000;29.713;6.281.813;14.971.940;92.500
77.295.000;91.863;-0.0053;497.525;160.000;29.803;7.955.483;23.456.101;92.500
77.300.000;91.797;-0.0038;492.768;190.000;29.659;8.569.268;23.900.474;92.500
77.305.000;91.714;-0.0023;494.585;210.000;29.782;1.760.082;11.441.456;92.500
77.310.000;91.913;-0.0009;495.789;220.000;29.837;8.842.340;9.211.025;92.500
77.315.000;91.872;0.0006;497.552;240.000;29.565;2.870.933;12.304.211;92.500
77.320.000;91.727;0.0029;498.659;280.000;29.339;607.336;18.130.378;92.500
77.325.000;91.583;0.0087;500.422;300.000;29.157;881.636;32.563.491;92.500
77.330.000;91.439;0.0168;505.717;320.000;29.199;5.027.283;6.078.385;92.500
77.335.000;91.299;0.0263;511.456;340.000;28.913;9.845.481;17.578.237;92.500
77.340.000;91.201;0.0184;516.168;380.000;29.032;1.694.863;2.064.848;92.500
77.345.000;91.104;0.0089;519.435;440.000;29.636;1.712.369;1.605.165;92.500
77.350.000;91.009;0.0010;520.108;410.000;29.888;2.390.087;2.365.969;92.500
77.355.000;90.910;-0.0005;520.039;350.000;29.996;918.805;9.755.224;92.500
77.360.000;91.019;-0.0005;518.582;270.000;30.010;4.866.147;4.492.460;92.500
77.365.000;91.192;-0.0005;513.524;250.000;29.766;6.667.305;6.035.365;92.500
77.370.000;91.368;-0.0011;508.198;240.000;29.595;5.250.462;4.812.780;92.500
77.375.000;91.551;-0.0025;504.561;230.000;29.951;9.074.680;8.137.090;92.500
77.380.000;91.853;-0.0039;501.980;210.000;30.027;8.350.005;7.503.060;92.500
77.385.000;91.693;-0.0054;500.629;200.000;29.910;524.030;9.408.345;92.500
77.390.000;91.459;-0.0065;499.962;190.000;30.002;1.051.990;17.717.993;92.500
77.395.000;91.299;-0.0068;497.363;170.000;29.996;6.314.953;5.728.994;92.500
77.400.000;91.418;-0.0065;494.606;140.000;30.023;3.623.245;27.518.872;92.500
77.405.000;91.540;-0.0063;491.919;154.000;29.938;163.330;24.709.529;92.500
77.410.000;91.660;-0.0055;493.684;170.000;29.806;2.536.162;26.635.781;92.500
77.415.000;91.893;-0.0039;499.627;190.000;29.567;4.955.569;20.642.295;92.500
77.420.000;91.867;-0.0024;508.128;200.000;29.388;8.901.173;16.106.157;92.500
77.425.000;91.834;0.0005;519.660;366.280;29.222;5.700.277;13.707.865;92.500
77.430.000;91.800;0.0047;531.565;459.800;29.201;4.856.588;13.076.250;92.500
77.435.000;91.767;0.0194;547.832;558.220;29.062;4.451.089;12.772.843;92.500
77.440.000;91.732;0.0390;568.767;662.980;28.705;4.919.277;4.536.797;92.500
77.445.000;91.694;0.0585;590.763;752.110;27.797;9.915.756;16.866.563;92.500
77.450.000;91.975;0.0780;611.384;840.390;27.330;1.598.139;1.481.136;92.500
77.455.000;92.294;0.0988;630.466;933.970;27.146;726.852;637.262;92.500
77.460.000;92.455;0.1056;648.925;1.021.520;27.482;552.167;490.257;92.500
77.465.000;92.128;0.0868;667.011;1.117.160;27.942;402.177;362.087;92.500
77.470.000;91.555;0.0642;664.041;1.224.420;28.445;461.505;412.745;92.500
77.475.000;90.976;0.0296;651.648;1.234.600;28.925;840.286;731.216;92.500
77.480.000;90.999;0.0071;631.519;1.118.660;29.158;1.871.093;1.569.047;92.500
77.485.000;91.147;0.0042;607.494;596.380;29.239;4.166.427;3.416.470;92.500
77.490.000;91.298;0.0034;585.355;499.560;29.313;7.404.196;6.071.441;92.500
77.495.000;91.448;0.0049;563.602;431.450;29.328;6.812.921;5.586.595;92.500
77.500.000;91.595;0.0063;544.456;424.020;29.164;4.384.307;3.595.132;92.500
77.505.000;91.701;0.0067;542.301;452.780;29.176;2.927.381;2.403.044;92.500
77.510.000;91.596;0.0028;540.456;480.800;29.415;2.330.612;1.934.296;92.500
77.515.000;91.481;-0.0015;536.542;492.310;29.739;2.671.697;2.202.846;92.500
77.520.000;91.366;-0.0058;531.829;467.960;29.980;4.326.178;3.547.466;92.500
77.525.000;91.252;-0.0070;524.709;371.510;29.986;7.823.953;14.615.641;92.500
77.530.000;91.137;-0.0060;515.035;219.220;29.942;8.251.711;6.766.403;92.500
77.535.000;91.023;-0.0050;503.917;199.710;29.876;4.659.305;3.155.401;92.500
77.540.000;90.908;-0.0040;493.581;180.200;29.805;8.792.861;64.912.539;92.500
77.545.000;90.793;-0.0031;485.371;166.350;29.582;8.587.993;40.272.754;92.500
77.550.000;90.679;-0.0021;480.729;157.750;29.384;4.813.591;3.283.257;92.500
77.555.000;90.564;0.0000;477.773;158.230;29.448;711.563;8.695.770;92.500
77.560.000;90.496;0.0027;474.637;167.780;29.351;9.192.543;15.772.711;92.500
77.565.000;90.622;0.0048;473.419;179.400;29.320;4.183.643;2.766.596;92.500
77.570.000;90.729;0.0059;473.723;191.950;29.352;3.434.596;2.172.322;92.500
77.575.000;90.793;0.0071;475.179;206.650;29.049;3.045.996;1.873.909;92.500
77.580.000;90.855;0.0082;478.934;214.200;29.114;2.919.721;1.781.150;92.500
77.585.000;90.901;0.0094;481.368;218.330;29.171;2.796.058;1.692.818;92.500
77.590.000;90.899;0.0105;483.928;218.290;29.480;2.371.922;1.394.416;92.500
77.595.000;90.899;0.0109;488.577;211.860;29.824;2.084.227;1.193.148;92.500
77.600.000;90.979;0.0099;491.956;206.080;29.564;2.417.979;1.426.468;92.500
77.605.000;91.572;0.0063;494.649;199.410;29.720;2.999.676;1.838.849;92.500
77.610.000;92.190;0.0031;495.514;193.860;29.968;4.217.250;2.793.818;92.500
77.615.000;91.833;0.0002;494.308;181.440;29.965;5.907.274;4.213.288;92.500
77.620.000;91.219;-0.0007;493.949;173.830;29.966;9.368.378;7.393.375;92.500
77.625.000;90.974;-0.0010;492.111;169.450;29.959;6.552.954;13.584.272;92.500
77.630.000;90.812;-0.0012;488.377;157.260;29.803;9.732.437;16.222.942;92.500
77.635.000;90.652;-0.0013;484.101;157.090;29.722;4.761.603;3.240.145;92.500
77.640.000;90.507;-0.0002;478.120;151.120;29.556;6.112.544;4.393.454;92.500
77.645.000;90.603;0.0010;475.230;151.090;29.388;8.106.604;6.201.815;92.500
77.650.000;90.706;0.0029;470.556;151.060;29.220;1.127.305;9.105.646;92.500
77.655.000;90.808;0.0048;468.452;157.110;29.161;6.420.306;13.474.911;92.500
77.660.000;90.898;0.0063;468.207;158.630;29.477;1.444.963;17.655.273;92.500
77.665.000;90.879;0.0055;468.178;166.180;29.411;6.385.882;4.635.244;92.500
77.670.000;90.858;0.0040;470.843;173.720;29.405;5.141.435;3.557.647;92.500
77.675.000;90.838;0.0026;475.230;181.310;29.368;4.750.145;3.230.670;92.500
77.680.000;90.817;0.0011;476.780;188.810;29.328;5.588.680;3.937.330;92.500
77.685.000;90.797;0.0003;481.767;193.400;29.478;7.744.547;5.866.289;92.500
77.690.000;90.777;0.0000;484.962;193.370;29.588;424.910;8.415.377;92.500
77.695.000;90.757;-0.0004;487.952;199.420;29.525;9.395.489;7.419.481;92.500
77.700.000;90.736;-0.0016;491.500;199.000;29.694;8.257.859;6.342.975;92.500
77.705.000;90.716;-0.0031;494.250;199.000;29.861;7.404.196;5.553.619;92.500
77.710.000;90.707;-0.0046;497.620;199.000;29.820;9.931.147;7.935.289;92.500
77.715.000;90.750;-0.0053;501.944;199.000;29.959;3.993.137;11.482.439;92.500
77.720.000;90.791;-0.0057;506.532;200.000;29.974;9.370.846;16.094.078;92.500
77.725.000;90.832;-0.0053;512.253;250.000;29.922;4.811.416;97.907.617;92.500
77.730.000;90.874;-0.0034;531.814;290.000;29.796;82.953.711;17.940.427;0    9.2500
77.735.000;90.915;-0.0014;557.588;350.000;29.663;75.538.789;17.152.459;0    9.2500
77.740.000;90.956;0.0029;582.359;430.000;29.489;80.977.754;17.730.173;0    9.2500
77.745.000;90.997;0.0117;605.689;900.000;28.923;43.438.018;13.773.567;0    9.2500
77.750.000;91.039;0.0333;625.545;1.200.000;27.977;384.434;83.320.996;92.500
77.755.000;91.080;0.0764;643.715;1.600.000;27.066;7.822.100;41.853.369;92.500
77.760.000;91.276;0.1195;659.853;2.000.000;26.170;7.578.423;14.414.307;92.500
77.765.000;91.613;0.1661;663.038;2.400.000;25.310;7.341.979;6.020.422;92.500
77.770.000;91.911;0.1805;662.657;2.800.000;25.681;4.080.657;3.346.139;92.500
77.775.000;91.758;0.1530;664.645;2.450.000;26.393;2.247.826;1.868.734;92.500
77.780.000;91.568;0.1239;668.998;2.100.000;27.101;1.208.730;1.034.671;92.500
77.785.000;91.378;0.0937;672.945;1.750.000;27.682;1.061.951;914.404;92.500
77.790.000;91.188;0.0636;665.580;1.400.000;28.036;1.154.115;989.859;92.500
77.795.000;90.998;0.0324;658.626;1.220.000;28.469;1.463.880;624.944;92.500
77.800.000;90.810;0.0251;653.401;1.000.000;28.627;3.732.239;1.963.609;92.500
77.805.000;90.750;0.0432;649.685;820.000;28.208;5.140.768;10.399.015;92.500
77.810.000;91.012;0.0673;647.458;900.000;27.670;163.615;6.579.289;92.500
77.815.000;91.266;0.0976;644.446;960.000;27.025;3.804.532;2.010.646;92.500
77.820.000;91.263;0.1282;644.817;1.050.000;26.591;1.440.902;612.756;92.500
77.825.000;91.219;0.1432;655.061;1.380.000;26.637;1.118.264;445.199;92.500
77.830.000;91.174;0.1508;661.791;1.650.000;26.431;968.152;376.881;92.500
77.835.000;91.130;0.1568;665.528;1.730.000;26.621;1.289.561;533.003;92.500
77.840.000;91.086;0.1630;666.284;1.780.000;26.817;1.185.602;479.360;92.500
77.845.000;91.042;0.1661;667.070;1.920.000;26.722;1.071.970;422.258;92.500
77.850.000;90.998;0.1605;668.138;2.100.000;26.887;950.888;369.328;92.500
77.855.000;90.954;0.1496;669.149;2.300.000;27.006;791.934;300.902;92.500
77.860.000;90.908;0.1323;669.959;2.580.000;27.067;694.010;259.437;92.500
77.865.000;90.954;0.1224;670.606;2.530.000;27.019;834.244;318.983;92.500
77.870.000;91.025;0.1162;671.467;2.480.000;27.211;932.995;361.568;92.500
77.875.000;91.095;0.1150;672.773;2.410.000;27.254;846.664;324.342;92.500
77.880.000;91.166;0.1033;674.938;2.350.000;27.085;819.699;312.804;92.500
77.885.000;91.237;0.0790;676.751;2.170.000;27.391;1.024.903;401.655;92.500
77.890.000;91.307;0.0546;669.072;2.000.000;27.780;1.154.115;463.368;92.500
77.895.000;91.378;0.0302;650.795;1.500.000;28.360;1.680.746;742.632;92.500
77.900.000;91.448;0.0127;627.680;1.000.000;28.982;2.275.771;1.079.400;92.500
77.905.000;91.510;0.0022;600.771;770.000;29.561;2.601.734;1.265.603;92.500
77.910.000;91.549;-0.0030;573.886;420.000;29.741;3.247.929;1.653.551;92.500
77.915.000;91.587;-0.0036;546.658;300.000;29.500;4.733.588;2.630.619;92.500
77.920.000;91.625;-0.0043;522.122;199.000;29.811;7.327.003;4.457.971;92.500
77.925.000;91.663;-0.0040;507.793;210.000;29.972;8.584.894;5.384.015;92.500
77.930.000;91.701;-0.0037;504.479;220.000;29.818;2.312.931;8.224.576;92.500
77.935.000;91.739;-0.0034;507.522;230.000;29.923;5.041.938;2.842.177;92.500
77.940.000;91.778;-0.0016;514.690;240.000;29.731;4.166.887;9.644.014;92.500
77.945.000;91.816;0.0006;523.609;310.000;29.535;2.641.975;8.474.669;92.500
77.950.000;91.854;0.0029;536.582;380.000;29.638;5.082.173;2.869.980;92.500
77.955.000;91.896;0.0051;560.504;500.000;29.343;9.048.995;5.731.841;92.500
77.960.000;91.790;0.0109;585.158;600.000;29.031;475.994;14.634.053;92.500
77.965.000;91.653;0.0195;607.667;810.000;28.377;8.495.593;13.044.348;92.500
77.970.000;91.514;0.0427;628.534;1.020.000;27.741;287.518;14.481.946;92.500
77.975.000;91.376;0.0653;645.234;1.360.000;27.117;8.159.182;5.067.821;92.500
77.980.000;91.238;0.0878;659.632;1.620.000;26.760;3.228.677;1.641.418;92.500
77.985.000;91.100;0.1103;669.061;2.260.000;26.717;2.465.564;1.187.251;92.500
77.990.000;90.962;0.1268;667.226;2.700.000;26.761;1.882.816;854.866;92.500
77.995.000;90.824;0.1424;666.377;2.800.000;26.913;1.640.059;720.130;92.500
78.000.000;90.701;0.1422;666.413;2.400.000;26.759;1.849.559;836.124;92.500
78.005.000;90.699;0.1392;666.408;1.800.000;26.634;1.655.295;728.434;92.500
78.010.000;90.700;0.1356;665.991;1.760.000;26.587;1.894.606;861.424;92.500
78.015.000;90.700;0.1304;665.059;1.800.000;26.820;2.105.199;981.244;92.500
78.020.000;90.700;0.1255;663.862;2.000.000;26.723;2.120.145;989.838;92.500
78.025.000;90.700;0.1308;663.225;2.100.000;26.533;2.398.389;1.148.804;92.500
78.030.000;90.700;0.1477;663.782;2.200.000;26.335;2.677.385;1.309.230;92.500
78.035.000;90.700;0.1658;664.713;2.300.000;26.069;2.048.925;948.980;92.500
78.040.000;90.700;0.1813;666.409;2.400.000;26.329;1.584.161;689.610;92.500
78.045.000;90.700;0.1460;656.277;2.000.000;27.020;1.289.561;532.825;92.500
78.050.000;90.700;0.1153;639.603;1.700.000;27.399;1.156.786;464.514;92.500
78.055.000;90.700;0.0845;620.129;1.300.000;27.643;1.071.817;422.067;92.500
78.060.000;90.739;0.0440;594.521;800.000;28.017;1.223.688;498.743;92.500
78.065.000;90.813;0.0117;567.593;600.000;28.619;1.715.004;761.291;92.500
78.070.000;90.887;0.0004;540.962;400.000;29.137;2.509.472;2.734.553;92.500
78.075.000;90.962;-0.0048;514.564;260.000;29.345;8.985.609;7.660.358;92.500
78.080.000;91.036;-0.0073;500.746;210.000;29.547;3.175.920;17.919.698;92.500
78.085.000;91.110;-0.0078;492.244;200.000;29.755;1.502.383;23.957.278;92.500
78.090.000;91.184;-0.0083;487.284;190.000;29.631;7.825.825;28.647.661;92.500
78.095.000;91.258;-0.0089;487.819;185.000;29.519;6.267.036;49.770.708;92.500
78.100.000;91.333;-0.0080;490.375;184.000;29.448;16.093.174;87.858.135;92.500
78.105.000;91.407;-0.0065;492.574;195.000;29.551;71.115.918;13.257.388;0    9.2500
78.110.000;91.484;-0.0052;497.903;230.000;29.675;80.977.754;14.089.868;0    9.2500
78.115.000;91.500;-0.0041;502.188;270.000;29.693;43.408.945;10.939.846;0    9.2500
78.120.000;91.501;-0.0031;506.467;300.000;29.461;15.838.018;87.661.660;92.500
78.125.000;91.499;0.0022;510.776;380.000;29.332;8.715.894;59.241.758;92.500
78.130.000;91.431;0.0082;516.353;400.000;28.807;756.143;23.403.616;92.500
78.135.000;91.357;0.0233;522.434;466.300;28.448;8.196.994;6.721.535;92.500
78.140.000;91.284;0.0486;530.746;530.140;27.790;4.066.651;3.334.654;92.500
78.145.000;91.210;0.0753;539.103;603.540;27.034;2.189.921;1.822.530;92.500
78.150.000;91.137;0.1060;549.347;669.570;26.994;1.569.144;1.326.583;92.500
78.155.000;91.064;0.1029;559.821;744.710;27.099;1.198.756;1.026.189;92.500
78.160.000;90.990;0.0984;568.516;785.780;27.220;1.101.967;946.966;92.500
78.165.000;90.915;0.0939;573.805;785.720;27.251;1.200.798;1.027.783;92.500
78.170.000;90.890;0.0894;578.237;785.290;27.138;1.305.446;1.113.033;92.500
78.175.000;90.877;0.0879;580.874;773.480;27.193;1.414.498;1.201.524;92.500
78.180.000;90.864;0.0959;584.751;770.370;26.872;983.917;849.862;92.500
78.185.000;90.851;0.1043;592.234;776.330;26.697;869.354;755.148;92.500
78.190.000;90.838;0.1112;603.107;809.820;26.876;812.154;707.636;92.500
78.195.000;90.825;0.1013;613.505;871.400;27.034;884.422;767.623;92.500
78.200.000;90.812;0.0876;621.589;942.860;27.193;1.003.472;865.944;92.500
78.205.000;90.799;0.0760;631.587;998.140;27.366;1.104.112;948.622;92.500
78.210.000;90.786;0.0877;643.318;973.080;27.420;968.481;837.090;92.500
78.215.000;90.773;0.0979;643.244;943.470;27.196;835.371;726.902;92.500
78.220.000;90.760;0.1064;626.019;991.910;27.271;812.154;707.595;92.500
78.225.000;90.747;0.0907;602.416;1.065.130;27.426;818.563;712.918;92.500
78.230.000;90.734;0.0771;580.648;861.810;27.495;828.118;720.854;92.500
78.235.000;90.721;0.0636;560.489;412.890;27.559;837.785;728.879;92.500
78.240.000;90.708;0.0443;538.278;335.190;28.462;968.152;836.776;92.500
78.245.000;90.696;0.0208;513.601;296.800;29.389;1.604.813;1.355.086;92.500
78.250.000;90.672;0.0011;498.556;268.620;29.658;2.615.887;2.158.476;92.500
78.255.000;90.648;-0.0037;496.423;246.020;29.715;1.173.164;9.161.995;92.500
78.260.000;90.624;-0.0061;494.630;225.580;29.597;5.257.909;4.311.485;92.500
78.265.000;90.600;-0.0047;489.151;213.140;29.467;1.783.008;83.462.070;92.500
78.270.000;90.576;-0.0024;483.388;201.190;29.579;2.749.810;59.654.844;92.500
78.275.000;90.552;0.0010;480.220;198.140;29.363;4.100.591;44.362.485;92.500
78.280.000;90.528;0.0044;480.997;199.460;29.040;5.886.892;29.427.251;92.500
78.285.000;90.504;0.0172;485.082;201.050;28.460;5.250.462;4.305.379;92.500
78.290.000;90.481;0.0416;491.888;227.960;27.783;666.221;16.946.301;92.500
78.295.000;90.457;0.0663;501.922;350.120;27.096;3.599.357;2.951.473;92.500
78.300.000;90.433;0.0905;515.013;497.580;26.869;2.642.403;2.179.244;92.500
78.305.000;90.409;0.1016;528.702;583.840;26.760;1.991.576;1.664.600;92.500
78.310.000;90.385;0.1084;540.813;645.680;26.952;1.686.194;1.420.364;92.500
78.315.000;90.361;0.1176;551.120;694.100;27.056;1.508.717;1.277.441;92.500
78.320.000;90.337;0.1294;561.486;720.370;26.881;1.289.561;1.099.810;92.500
78.325.000;90.314;0.1412;572.203;747.790;26.650;1.308.783;1.115.432;92.500
78.330.000;90.307;0.1448;586.591;768.220;26.522;1.365.488;1.161.483;92.500
78.335.000;90.340;0.1346;601.825;806.270;26.438;1.551.540;1.311.979;92.500
78.340.000;90.372;0.1232;616.756;876.600;26.508;1.595.186;1.347.162;92.500
78.345.000;90.405;0.1172;631.478;996.850;26.547;1.277.769;1.090.239;92.500
78.350.000;90.437;0.1434;644.606;1.059.920;26.277;1.017.020;876.886;92.500
78.355.000;90.469;0.1609;650.470;1.135.030;26.478;907.468;786.505;92.500
78.360.000;90.501;0.1420;642.652;1.172.880;26.742;986.225;851.553;92.500
78.365.000;90.534;0.1284;630.463;1.148.760;26.668;977.147;844.085;92.500
78.370.000;90.566;0.1456;614.986;941.910;26.473;879.462;763.358;92.500
78.375.000;90.598;0.1617;599.937;708.600;26.618;640.560;563.994;92.500
78.380.000;90.631;0.1455;583.685;583.110;26.900;535.693;475.443;92.500
78.385.000;90.663;0.1110;565.602;517.230;27.223;591.080;522.324;92.500
78.390.000;90.695;0.0765;550.680;461.490;27.137;785.139;685.046;92.500
78.395.000;90.728;0.0452;542.302;411.910;27.234;1.606.040;1.356.035;92.500
78.400.000;90.760;0.0294;533.873;361.710;26.985;3.734.987;3.062.689;92.500
78.405.000;90.792;0.0267;526.824;312.690;27.073;3.632.796;2.978.893;92.500
78.410.000;90.824;0.0348;518.921;291.090;27.053;2.113.079;1.761.324;92.500
78.415.000;90.855;0.0432;513.500;301.090;26.841;1.265.930;1.080.792;92.500
78.420.000;90.903;0.0515;509.689;344.060;26.953;1.126.049;966.592;92.500
78.425.000;90.708;0.0598;509.629;381.580;26.979;982.583;848.636;92.500
78.430.000;90.769;0.0681;513.121;424.640;26.987;804.679;701.342;92.500
78.435.000;90.813;0.0764;515.688;449.910;27.129;899.115;779.737;92.500
78.440.000;90.859;0.0792;518.387;470.640;27.140;924.408;800.682;92.500
78.445.000;90.895;0.0336;520.028;485.630;27.167;1.554.083;1.314.236;92.500
78.450.000;90.799;0.0127;521.858;491.340;27.018;4.187.072;3.433.399;92.500
78.455.000;90.704;0.0169;522.617;485.210;26.968;7.853.927;6.440.220;92.500
78.460.000;90.609;0.0218;523.518;461.210;27.084;5.247.412;4.302.878;92.500
78.465.000;90.514;0.0267;525.712;428.230;26.969;2.207.814;1.836.354;92.500
78.470.000;90.420;0.0312;527.844;394.910;27.041;1.588.708;1.341.920;92.500
78.475.000;90.325;0.0335;536.286;455.940;27.095;1.376.645;1.170.499;92.500
78.480.000;90.231;0.0286;549.942;569.360;26.999;1.301.541;1.109.460;92.500
78.485.000;90.136;0.0285;567.539;722.020;26.826;1.341.954;1.142.255;92.500
78.490.000;90.042;0.0251;587.736;864.040;26.709;1.515.466;1.282.690;92.500
78.495.000;89.947;0.0152;606.288;929.290;26.859;1.640.059;1.383.036;92.500
78.500.000;-9.990.000;0.0043;621.237;974.160;26.793;1.518.137;1.283.714;92.500
78.505.000;-9.990.000;0.0048;633.230;989.310;27.017;2.654.311;2.188.090;92.500
78.510.000;-9.990.000;0.0053;635.138;988.680;26.894;3.456.612;2.834.422;92.500
78.515.000;-9.990.000;0.0058;629.270;977.060;27.111;4.531.436;3.715.777;92.500
78.520.000;-9.990.000;0.0093;616.597;947.520;27.036;7.465.071;6.121.358;92.500
78.525.000;-9.990.000;0.0162;599.723;855.390;27.138;1.747.177;9.632.685;92.500
78.530.000;-9.990.000;0.0259;602.018;754.130;27.195;9.008.137;7.386.672;92.500
78.535.000;-9.990.000;0.0466;605.605;643.140;26.646;7.004.875;5.743.997;92.500
78.540.000;-9.990.000;0.0692;593.736;550.390;26.495;5.395.206;4.424.069;92.500
78.545.000;-9.990.000;0.0958;584.641;484.320;26.528;2.205.663;1.833.746;92.500
78.550.000;-9.990.000;0.1084;572.932;448.180;26.663;750.068;654.335;92.500
78.555.000;-9.990.000;0.0809;562.566;418.080;27.144;499.575;443.528;92.500
78.560.000;-9.990.000;0.0527;555.139;387.980;27.562;462.018;411.556;92.500
78.565.000;-9.990.000;0.0505;529.873;362.630;27.436;530.762;469.994;92.500
78.570.000;-9.990.000;0.0483;509.459;367.850;27.201;742.378;647.914;92.500
78.575.000;-9.990.000;0.0407;506.664;378.760;27.002;1.175.658;1.005.522;92.500
78.580.000;-9.990.000;0.0271;506.335;392.880;27.056;1.217.007;1.039.287;92.500
78.585.000;-9.990.000;0.0140;510.311;411.940;26.917;1.254.277;1.069.676;92.500
78.590.000;-9.990.000;0.0103;512.978;417.110;26.843;1.862.657;1.560.523;92.500
78.595.000;-9.990.000;0.0069;514.761;413.330;26.888;2.713.546;2.234.593;92.500
78.600.000;-9.990.000;0.0041;518.476;392.700;26.872;3.952.344;3.240.922;92.500
78.605.000;-9.990.000;0.0063;520.001;380.500;27.013;5.761.841;4.724.709;92.500
78.610.000;-9.990.000;0.0117;520.891;402.420;27.118;8.385.942;6.876.472;92.500
78.615.000;-9.990.000;0.0167;521.560;433.160;26.911;2.659.298;10.380.624;92.500
78.620.000;-9.990.000;0.0203;520.077;441.160;26.979;9.586.150;7.860.643;92.500
78.625.000;-9.990.000;0.0138;519.698;440.920;27.073;6.921.246;5.675.421;92.500
78.630.000;-9.990.000;0.0108;518.159;431.730;27.237;4.997.172;4.097.681;92.500
78.635.000;-9.990.000;0.0142;513.025;416.660;27.307;3.854.234;3.160.472;92.500
78.640.000;-9.990.000;0.0175;512.523;397.090;27.182;3.251.234;2.666.012;92.500
78.645.000;-9.990.000;0.0255;513.167;386.210;27.258;3.373.747;2.766.472;92.500
78.650.000;-9.990.000;0.0330;515.890;392.620;27.325;2.888.302;2.371.619;92.500
78.655.000;-9.990.000;0.0409;520.036;438.340;26.904;2.611.672;2.154.464;92.500
78.660.000;-9.990.000;0.0488;524.308;502.590;26.559;2.418.433;2.002.116;92.500
78.665.000;-9.990.000;0.0655;536.907;562.320;26.467;2.532.879;2.092.408;92.500
78.670.000;-9.990.000;0.0944;553.905;598.240;26.501;1.414.498;1.199.828;92.500
78.675.000;-9.990.000;0.0880;553.634;585.930;26.198;716.366;626.167;92.500
78.680.000;-9.990.000;0.0771;557.338;556.930;26.493;529.358;468.791;92.500
78.685.000;-9.990.000;0.0704;569.129;494.370;26.689;496.410;440.824;92.500
78.690.000;-9.990.000;0.0836;591.858;443.690;26.756;605.311;532.968;92.500
78.695.000;-9.990.000;0.0926;615.870;424.230;26.641;792.402;689.588;92.500
78.700.000;-9.990.000;0.0990;626.791;428.190;26.586;709.976;620.820;92.500
78.705.000;-9.990.000;0.1036;631.197;438.540;26.501;592.121;521.848;92.500
78.710.000;-9.990.000;0.0945;643.339;434.920;26.419;561.179;495.723;92.500
78.715.000;-9.990.000;0.0802;635.450;421.720;26.604;618.851;544.366;92.500
78.720.000;-9.990.000;0.0673;616.068;406.970;26.788;662.651;581.172;92.500
78.725.000;-9.990.000;0.0525;583.650;385.420;26.969;756.828;659.947;92.500
78.730.000;-9.990.000;0.0311;561.088;361.650;27.036;852.833;739.791;92.500
78.735.000;-9.990.000;0.0059;548.235;340.140;27.150;1.088.894;934.450;92.500
78.740.000;-9.990.000;0.0088;541.768;325.580;26.919;1.558.731;1.316.398;92.500
78.745.000;-9.990.000;0.0130;541.704;319.540;26.697;2.544.529;2.101.545;92.500
78.750.000;-9.990.000;0.0161;551.634;314.490;26.545;4.452.402;3.650.970;92.500
78.755.000;-9.990.000;0.0177;560.839;312.940;26.388;7.268.516;5.960.183;92.500
78.760.000;-9.990.000;0.0155;569.227;316.310;26.557;6.418.147;5.262.880;92.500
78.765.000;-9.990.000;0.0163;560.875;322.820;26.754;5.932.709;4.864.821;92.500
78.770.000;-9.990.000;0.0179;558.990;332.970;26.744;5.589.714;4.583.565;92.500
78.775.000;-9.990.000;0.0195;557.109;344.240;26.844;4.974.932;4.079.444;92.500
78.780.000;-9.990.000;0.0199;557.289;352.010;26.922;5.258.762;4.312.185;92.500
78.785.000;-9.990.000;0.0196;553.402;354.570;26.831;4.672.920;3.831.794;92.500
78.790.000;-9.990.000;0.0188;553.267;354.520;26.890;4.134.908;3.390.625;92.500
78.795.000;-9.990.000;0.0926;553.337;354.470;26.795;4.406.832;3.613.602;92.500
78.800.000;-9.990.000;0.0926;550.585;354.430;26.974;4.620.177;3.788.545;92.500
78.805.000;-9.990.000;0.0926;546.201;354.390;26.869;4.574.077;3.750.743;92.500
78.810.000;-9.990.000;0.0902;540.546;354.340;27.114;4.976.867;4.081.031;92.500
78.815.000;-9.990.000;0.0849;533.171;358.770;27.083;4.929.325;4.042.047;92.500
78.820.000;-9.990.000;0.0796;532.150;371.170;27.103;5.360.494;4.395.605;92.500
78.825.000;-9.990.000;0.0738;523.856;382.440;27.208;5.842.693;4.791.008;92.500
78.830.000;-9.990.000;0.0669;533.016;388.440;27.155;6.385.480;5.236.093;92.500
78.835.000;-9.990.000;0.0598;552.816;392.290;27.399;6.383.563;5.234.522;92.500
78.840.000;-9.990.000;0.0561;551.682;397.220;27.571;6.381.169;5.232.559;92.500
78.845.000;-9.990.000;0.0541;553.050;404.900;27.753;6.378.776;5.230.596;92.500
78.850.000;-9.990.000;0.0611;555.372;433.940;27.599;6.376.383;5.228.634;92.500
78.855.000;-9.990.000;0.0692;560.853;482.270;27.428;6.373.991;5.226.672;92.500
78.860.000;-9.990.000;0.0773;569.532;548.290;27.194;6.371.600;5.224.712;92.500
78.865.000;-9.990.000;0.0837;565.777;619.540;26.957;6.369.211;5.222.753;92.500
78.870.000;-9.990.000;0.0895;565.654;707.150;26.723;6.366.822;5.220.794;92.500
78.875.000;-9.990.000;0.0940;589.573;791.060;26.327;6.364.434;5.218.836;92.500
78.880.000;-9.990.000;0.1084;672.408;835.620;26.000;6.362.047;5.216.879;92.500
78.885.000;-9.990.000;0.1399;740.962;854.120;25.887;6.359.660;5.214.921;92.500
78.890.000;-9.990.000;0.1784;824.181;868.480;25.908;6.357.275;5.212.965;92.500
78.895.000;-9.990.000;0.2521;933.423;875.970;26.005;6.354.890;5.211.010;92.500
78.900.000;-9.990.000;0.2999;1.003.368;858.060;26.121;6.352.506;5.209.055;92.500
78.905.000;-9.990.000;0.3166;1.044.738;830.060;26.234;6.350.124;5.207.101;92.500
78.910.000;-9.990.000;0.3331;1.045.025;647.820;26.200;6.347.742;5.205.148;92.500
78.915.000;-9.990.000;0.3383;1.000.082;565.270;26.425;6.345.361;5.203.196;92.500
78.920.000;-9.990.000;0.3306;972.760;528.150;26.613;6.342.981;5.201.245;92.500
78.925.000;-9.990.000;0.3162;902.844;512.830;26.804;6.340.602;5.199.293;92.500
78.930.000;-9.990.000;0.3016;826.977;504.930;26.906;6.338.223;5.197.343;92.500
78.935.000;-9.990.000;0.2807;760.437;495.260;26.857;6.335.846;5.195.394;92.500
78.940.000;-9.990.000;0.2586;722.006;484.650;27.075;6.333.467;5.193.443;92.500
78.945.000;-9.990.000;0.2364;700.137;466.430;26.981;6.330.071;5.190.658;92.500
78.950.000;-9.990.000;0.2143;649.626;451.500;27.069;6.336.243;5.195.720;92.500
78.955.000;-9.990.000;0.1936;605.103;426.150;27.001;6.330.988;5.191.411;92.500
78.960.000;-9.990.000;0.1516;572.870;374.530;27.156;7.359.243;6.034.579;92.500
78.965.000;-9.990.000;0.1324;537.575;331.470;27.294;3.859.078;3.164.444;92.500
78.970.000;-9.990.000;0.1146;545.700;333.910;27.402;3.811.089;3.125.093;92.500
78.975.000;-9.990.000;0.0982;694.276;373.370;27.329;3.811.064;3.125.073;92.500
78.980.000;-9.990.000;0.0681;720.464;418.700;27.317;3.776.053;3.096.363;92.500
78.985.000;-9.990.000;0.0534;739.553;459.030;27.543;0.4956;0.5045;92.500
78.990.000;76.889;0.0541;801.089;501.050;28.584;18.377;17.786;92.500
78.995.000;101.378;0.0565;800.806;542.720;28.275;110.825;105.420;92.500
79.000.000;97.225;0.0522;808.957;587.560;26.398;466.585;419.053;92.500
79.005.000;107.458;0.0483;781.627;640.060;25.897;2.469.108;2.045.146;92.500
79.010.000;104.664;0.0443;625.455;684.840;26.126;4.178.201;3.426.125;92.500
79.015.000;109.765;0.0401;657.388;711.050;26.272;2.633.022;2.173.442;92.500
79.020.000;92.143;0.0528;759.538;730.450;26.097;1.616.285;1.364.662;92.500
79.025.000;97.194;0.0773;992.698;751.090;25.823;665.060;587.338;92.500
79.030.000;88.785;0.1017;1.022.201;767.560;25.383;406.153;364.192;92.500
79.035.000;97.946;0.1452;1.231.177;774.160;24.994;273.626;251.839;92.500
79.040.000;98.422;0.2123;1.335.644;768.070;25.037;228.388;211.554;92.500
79.045.000;92.344;0.2605;1.552.069;754.270;22.933;215.554;198.640;92.500
79.050.000;104.124;0.2773;1.652.933;741.890;23.146;229.242;213.280;92.500
79.055.000;99.523;0.2806;1.735.133;738.910;22.918;237.305;219.814;92.500
79.060.000;95.972;0.2719;1.684.413;752.330;22.632;247.638;228.152;92.500
79.065.000;98.883;0.2549;1.804.172;769.020;24.191;270.793;249.574;92.500
79.070.000;98.373;0.2377;1.812.955;773.170;24.139;295.066;271.030;92.500
79.075.000;108.377;0.2133;1.828.598;754.250;24.887;356.483;326.497;92.500
79.080.000;108.107;0.1886;1.739.922;719.300;25.913;422.997;384.092;92.500
79.085.000;88.754;0.1794;1.682.348;666.340;26.597;464.628;414.199;92.500
79.090.000;103.932;0.1734;1.429.043;634.600;27.012;504.127;452.952;92.500
79.095.000;108.360;0.1651;1.280.878;628.890;26.291;476.953;430.545;92.500
79.100.000;103.215;0.1568;1.108.168;658.180;25.681;508.804;456.805;92.500
79.105.000;107.791;0.1471;992.152;694.260;26.210;430.719;390.692;92.500
79.110.000;103.552;0.1503;914.936;723.730;26.027;365.077;333.170;92.500
79.115.000;101.811;0.1553;794.953;733.950;26.085;326.616;299.405;92.500
79.120.000;106.100;0.1591;822.785;724.330;24.966;358.215;327.626;92.500
79.125.000;96.182;0.1717;820.104;688.840;23.917;332.257;302.833;92.500
79.130.000;107.677;0.1832;845.697;623.780;25.070;311.015;286.663;92.500
79.135.000;100.721;0.2197;920.483;548.110;24.350;226.315;210.172;92.500
79.140.000;97.710;0.2843;836.544;474.130;23.338;174.305;162.732;92.500
79.145.000;94.586;0.2990;799.275;411.220;22.479;190.253;176.471;92.500
79.150.000;97.730;0.3355;757.665;355.240;22.589;301.759;276.712;92.500
79.155.000;122.315;0.3156;680.185;328.600;22.357;609.129;545.546;92.500
79.160.000;108.441;0.2262;676.145;326.900;24.186;2.022.782;1.693.712;92.500
79.165.000;95.239;0.0934;665.424;349.500;26.474;8.746.714;7.172.305;92.500
79.170.000;85.331;0.0462;582.962;382.230;26.908;5.704.662;4.677.823;92.500
79.175.000;99.368;0.0490;577.479;413.540;26.963;3.844.971;3.152.876;92.500
79.180.000;112.200;0.0546;593.781;441.780;26.865;3.440.363;2.821.097;92.500
79.185.000;94.890;0.0603;614.982;462.480;26.755;3.130.836;2.567.285;92.500
79.190.000;110.608;0.0649;621.721;480.350;26.821;2.868.763;2.356.721;92.500
79.195.000;97.107;0.0688;606.441;484.640;26.755;2.627.924;2.168.275;92.500
79.200.000;113.156;0.0726;571.036;484.600;26.780;2.378.685;1.974.779;92.500
79.205.000;94.361;0.0764;563.709;484.560;26.444;2.518.689;2.082.160;92.500
79.210.000;115.603;0.0774;563.119;478.780;26.457;2.937.252;2.409.831;92.500
79.215.000;97.247;0.0693;543.868;465.650;26.600;4.624.664;3.792.224;92.500
79.220.000;88.270;0.0590;517.262;446.610;26.702;7.281.473;5.970.807;92.500
79.225.000;95.762;0.0487;531.187;424.940;26.533;1.863.091;9.727.734;92.500
79.230.000;93.001;0.0383;534.676;402.830;26.372;6.389.745;13.439.591;92.500
79.235.000;97.109;0.0280;548.220;382.940;26.553;2.109.589;1.760.129;92.500
79.240.000;100.348;0.0184;549.683;371.510;26.744;2.445.507;2.025.785;92.500
79.245.000;83.375;0.0116;566.898;379.380;26.943;837.722;17.086.932;92.500
79.250.000;102.070;0.0120;588.137;396.420;26.840;6.047.407;13.158.873;92.500
79.255.000;89.509;0.0158;581.209;413.130;26.905;7.446.765;6.106.348;92.500
79.260.000;120.822;0.0195;574.823;429.380;27.006;3.018.397;2.475.085;92.500
79.265.000;130.900;0.0225;588.761;445.610;26.802;1.937.758;1.628.302;92.500
79.270.000;90.500;0.0245;576.984;462.130;26.895;1.641.667;1.384.285;92.500
79.275.000;96.944;0.0233;577.733;474.870;26.835;1.571.452;1.330.567;92.500
79.280.000;101.429;0.0219;572.251;483.920;26.689;1.539.216;1.306.265;92.500
79.285.000;91.300;0.0205;579.053;489.240;26.597;1.507.640;1.276.667;92.500
79.290.000;86.871;0.0191;583.034;504.870;26.751;1.471.569;1.245.552;92.500
79.295.000;102.670;0.0177;584.561;523.810;26.901;1.979.249;1.658.142;92.500
79.300.000;99.016;0.0164;576.246;546.080;26.955;3.315.019;2.718.315;92.500
79.305.000;92.346;0.0184;668.093;572.650;26.606;5.552.282;4.552.871;92.500
79.310.000;83.851;0.0205;891.616;611.000;26.423;8.733.893;7.161.792;92.500
79.315.000;89.190;0.0268;943.525;655.090;26.374;6.333.726;5.193.655;92.500
79.320.000;100.577;0.0345;942.872;698.690;26.432;1.880.017;1.578.865;92.500
79.325.000;94.187;0.0501;1.279.990;738.830;25.731;1.211.350;1.037.627;92.500
79.330.000;90.205;0.0741;1.292.497;771.150;25.254;682.482;598.889;92.500
79.335.000;116.561;0.1295;1.279.856;798.480;24.770;372.340;341.635;92.500
79.340.000;60.100;0.1984;1.191.644;810.910;22.838;199.926;177.664;92.500
79.345.000;113.700;0.2673;933.150;804.730;18.924;134.496;128.518;92.500
79.350.000;30.100;0.2998;928.494;794.660;18.052;118.266;106.432;92.500
79.355.000;107.695;0.3299;907.510;756.140;17.727;129.364;123.129;92.500
79.360.000;100.399;0.2420;648.132;690.230;19.152;157.723;148.176;92.500
79.365.000;93.842;0.1334;703.565;610.280;23.133;275.169;252.051;92.500
79.370.000;98.643;0.0777;695.861;561.790;23.849;518.864;464.191;92.500
79.375.000;92.005;0.0670;728.408;516.070;24.720;982.779;849.203;92.500
79.380.000;98.320;0.0545;727.233;470.430;26.852;1.405.165;1.196.979;92.500
79.385.000;106.906;0.0593;677.508;431.060;26.821;882.070;771.303;92.500
79.390.000;61.857;0.0656;640.576;389.750;26.873;585.857;504.333;92.500
79.395.000;88.436;0.0733;600.596;361.960;26.682;904.170;782.624;92.500
79.400.000;100.274;0.0573;567.655;345.820;26.120;1.691.410;1.428.163;92.500
79.405.000;104.875;0.0386;606.276;337.970;26.326;3.151.592;2.584.305;92.500
79.410.000;108.328;0.0283;598.260;351.740;26.671;5.845.513;4.793.320;92.500
79.415.000;96.075;0.0216;594.398;377.280;26.844;25.159;8.220.630;92.500
79.420.000;105.355;0.0236;608.512;408.050;26.908;3.549.254;2.910.388;92.500
79.425.000;97.022;0.0369;627.982;446.460;26.854;1.387.469;1.182.047;92.500
79.430.000;94.453;0.0502;678.235;488.940;26.680;1.376.609;1.172.073;92.500
79.435.000;91.595;0.0634;709.257;515.350;26.460;1.448.890;1.229.286;92.500
79.440.000;101.476;0.0674;709.529;539.180;26.306;1.512.909;1.285.032;92.500
79.445.000;105.519;0.0767;1.048.897;557.270;26.459;1.231.614;1.058.137;92.500
79.450.000;99.435;0.0874;1.107.812;573.470;26.351;998.462;865.609;92.500
79.455.000;97.193;0.0981;1.131.518;579.590;26.316;809.447;708.056;92.500
79.460.000;140.140;0.1089;1.187.958;580.560;26.595;766.071;677.654;92.500
79.465.000;90.211;0.1139;1.245.384;587.370;26.459;756.852;661.064;92.500
79.470.000;96.588;0.1151;1.505.003;600.200;26.313;783.104;685.830;92.500
79.475.000;89.846;0.1162;1.840.561;618.240;26.392;826.398;718.793;92.500
79.480.000;87.733;0.1173;1.871.581;643.390;26.433;870.239;754.191;92.500
79.485.000;100.830;0.1207;2.164.194;673.960;25.886;762.664;670.492;92.500
79.490.000;79.035;0.1311;2.432.609;712.310;25.683;518.035;455.720;92.500
79.495.000;95.485;0.1487;2.588.085;758.880;25.168;359.209;325.968;92.500
79.500.000;84.925;0.1675;2.406.495;803.380;24.216;323.614;291.782;92.500
79.505.000;88.710;0.2247;2.133.114;839.700;22.874;222.062;203.574;92.500
79.510.000;90.569;0.2378;1.733.729;871.940;21.601;184.909;170.839;92.500
79.515.000;105.812;0.2460;1.426.378;904.640;21.038;181.881;170.775;92.500
79.520.000;96.794;0.2646;1.150.313;939.790;21.296;698.542;615.203;92.500
79.525.000;143.912;0.2719;885.308;982.410;21.828;1.569.841;1.334.823;92.500
79.530.000;84.831;0.1619;708.521;1.026.440;22.422;1.378.092;1.168.842;92.500
79.535.000;109.736;0.0729;706.365;1.061.270;23.564;954.938;832.243;92.500
79.540.000;102.904;0.0608;667.525;1.081.710;24.840;548.501;490.505;92.500
79.545.000;93.715;0.0509;760.918;1.074.280;24.070;321.120;292.344;92.500
79.550.000;89.473;0.0583;900.830;1.059.500;22.946;250.157;228.693;92.500
79.555.000;99.951;0.0708;1.120.241;1.019.630;21.494;217.581;202.197;92.500
79.560.000;86.374;0.0862;1.351.854;933.470;20.223;230.546;210.540;92.500
79.565.000;93.132;0.1372;1.563.495;848.380;20.214;256.903;235.636;92.500
79.570.000;90.537;0.1904;1.830.083;794.060;20.728;296.553;269.996;92.500
79.575.000;93.327;0.2876;2.074.422;791.680;21.114;434.037;389.677;92.500
79.580.000;85.114;0.3511;2.221.809;797.870;21.578;589.823;518.816;92.500
79.585.000;92.877;0.3761;2.321.321;803.770;21.063;262.922;240.911;92.500
79.590.000;95.474;0.3980;2.280.491;808.990;20.267;198.641;184.179;92.500
79.595.000;90.558;0.4022;2.258.440;800.330;20.044;182.869;169.007;92.500
79.600.000;88.368;0.3982;2.330.997;785.050;20.405;175.585;162.049;92.500
79.605.000;95.204;0.3916;2.259.468;749.100;20.728;194.998;180.849;92.500
79.610.000;93.227;0.3668;2.193.150;718.320;20.606;210.738;194.519;92.500
79.615.000;89.399;0.3208;2.127.836;657.680;20.515;542.921;480.932;92.500
79.620.000;97.619;0.2734;2.064.262;615.560;20.774;1.372.726;1.170.316;92.500
79.625.000;103.799;0.1648;2.056.419;607.950;21.407;1.770.087;1.491.695;92.500
79.630.000;96.288;0.1002;1.953.028;724.710;21.057;287.004;263.235;92.500
79.635.000;101.740;0.1086;1.743.323;811.950;20.029;197.989;184.798;92.500
79.640.000;98.600;0.1853;1.542.494;871.260;18.920;156.816;147.046;92.500
79.645.000;96.001;0.3174;1.347.253;930.950;19.551;131.886;123.953;92.500
79.650.000;90.436;0.3582;1.139.486;981.360;20.613;120.471;112.746;92.500
79.655.000;95.431;0.3904;911.157;1.013.530;21.180;136.740;128.278;92.500
79.660.000;100.144;0.3806;755.041;1.032.480;21.443;148.984;140.188;92.500
79.665.000;97.954;0.3711;721.372;1.035.670;21.725;151.757;142.339;92.500
79.670.000;96.483;0.3686;723.687;1.034.090;22.123;139.248;130.727;92.500
79.675.000;91.024;0.3663;784.321;1.027.750;22.521;128.750;120.340;92.500
79.680.000;84.502;0.3570;946.407;1.015.070;22.694;118.266;109.902;92.500
79.685.000;89.723;0.3431;1.178.505;992.480;21.846;121.455;113.535;92.500
79.690.000;96.890;0.3132;1.401.003;953.870;20.844;131.923;124.124;92.500
79.695.000;91.785;0.2727;1.549.989;907.560;20.311;160.095;148.783;92.500
79.700.000;85.448;0.2417;1.673.861;864.960;20.020;196.539;180.142;92.500
79.705.000;83.582;0.2554;1.738.909;835.240;20.066;222.286;202.555;92.500
79.710.000;91.381;0.2685;1.771.890;816.170;20.391;253.457;232.110;92.500
79.715.000;94.836;0.2549;1.746.994;791.620;20.831;283.078;259.330;92.500
79.720.000;87.639;0.2193;1.787.974;762.240;21.353;343.745;310.024;92.500
79.725.000;91.045;0.1839;1.895.935;738.810;21.668;613.787;541.458;92.500
79.730.000;92.983;0.1365;1.805.303;719.150;20.728;1.246.201;1.065.356;92.500
79.735.000;89.293;0.0661;1.865.082;699.500;20.527;459.571;410.021;92.500
79.740.000;95.926;0.0870;2.053.096;692.270;20.660;312.656;285.640;92.500
79.745.000;83.111;0.1265;2.186.090;712.690;20.780;253.679;230.138;92.500
79.750.000;73.382;0.2068;2.303.371;755.500;21.118;202.060;182.409;92.500
79.755.000;82.139;0.2998;2.273.053;799.550;21.459;205.827;187.660;92.500
79.760.000;89.862;0.3511;2.271.878;817.930;21.798;227.194;208.401;92.500
79.765.000;95.305;0.3395;2.348.406;823.410;22.138;242.964;223.785;92.500
79.770.000;90.063;0.3303;2.221.268;828.640;22.540;226.362;207.709;92.500
79.775.000;86.389;0.3370;2.062.493;826.990;23.001;208.111;190.633;92.500
79.780.000;84.727;0.3390;1.933.316;806.860;23.352;183.580;168.457;92.500
79.785.000;82.101;0.3495;2.006.527;783.070;23.041;171.115;156.842;92.500
79.790.000;79.835;0.3665;2.004.164;755.030;21.972;183.998;167.837;92.500
79.795.000;76.454;0.3731;1.989.716;734.840;20.962;220.576;199.368;92.500
79.800.000;75.739;0.3557;2.041.692;715.710;21.864;430.136;379.829;92.500
79.805.000;82.821;0.2998;1.910.331;700.960;23.355;1.121.220;958.483;92.500
79.810.000;89.830;0.2317;1.847.776;686.200;24.847;2.118.179;1.764.419;92.500
79.815.000;95.517;0.1442;1.647.369;672.270;26.080;4.204.133;3.447.389;92.500
79.820.000;85.300;0.0705;1.570.464;669.100;26.636;6.753.757;5.538.080;92.500
79.825.000;143.900;0.0657;1.551.441;694.530;26.185;1.721.720;1.456.232;92.500
79.830.000;84.500;0.0777;1.412.520;731.150;25.533;989.284;863.710;92.500
79.835.000;91.760;0.1045;1.642.725;789.960;24.466;553.851;473.298;92.500
79.840.000;100.427;0.1343;1.705.270;842.370;23.135;328.197;275.893;92.500
79.845.000;115.304;0.1563;1.608.716;878.430;21.802;204.887;169.478;92.500
79.850.000;59.970;0.1686;1.666.422;914.970;21.456;150.919;114.230;92.500
79.855.000;99.593;0.1991;1.383.112;949.090;21.415;118.717;92.813;62.500
79.860.000;76.745;0.2436;1.181.711;971.240;21.451;101.083;75.128;62.500
79.865.000;90.545;0.2880;1.137.237;981.960;21.723;124.932;96.907;62.500
79.870.000;92.922;0.2973;969.205;988.340;21.763;146.501;115.863;62.500
79.875.000;94.500;0.2968;1.002.944;989.220;21.378;169.542;135.902;62.500
79.880.000;73.771;0.2982;1.030.374;989.170;21.320;167.610;130.556;62.500
79.885.000;81.082;0.3036;975.347;989.130;22.245;161.850;127.014;62.500
79.890.000;87.954;0.3102;932.203;993.720;22.423;145.663;114.333;62.500
79.895.000;94.897;0.3022;912.455;993.510;22.514;129.948;101.834;62.500
79.900.000;103.799;0.3065;824.419;990.570;22.332;118.106;92.719;62.500
79.905.000;103.311;0.3056;750.054;987.870;22.197;124.512;98.207;62.500
79.910.000;104.333;0.3167;744.109;982.440;22.281;132.995;105.685;62.500
79.915.000;111.280;0.3282;790.440;969.550;21.788;139.179;111.850;62.500
79.920.000;98.964;0.3283;927.897;945.870;21.950;148.692;118.763;62.500
79.925.000;108.251;0.3323;1.085.175;919.480;22.487;162.629;131.915;62.500
79.930.000;116.070;0.3243;1.228.137;895.870;22.566;177.554;145.759;62.500
79.935.000;107.717;0.3092;1.391.572;878.450;22.907;190.602;156.053;62.500
79.940.000;103.243;0.2990;1.527.110;875.060;22.179;210.751;173.014;62.500
79.945.000;106.420;0.2995;1.665.094;877.260;21.763;252.196;209.792;62.500
79.950.000;100.822;0.3040;1.614.974;878.300;22.115;375.144;317.281;62.500
79.955.000;97.931;0.3007;1.628.516;872.170;23.880;526.053;450.937;62.500
79.960.000;100.012;0.2356;1.645.062;857.220;25.614;728.192;634.595;62.500
79.965.000;90.246;0.1876;1.632.996;836.530;26.190;816.460;710.148;62.500
79.970.000;104.704;0.1853;1.504.753;813.750;26.303;878.774;772.624;62.500
79.975.000;98.891;0.1756;1.304.899;792.840;26.187;927.355;814.911;62.500
79.980.000;92.622;0.1660;1.117.045;775.890;26.050;788.821;686.153;62.500
79.985.000;86.394;0.1616;1.088.341;759.030;25.912;665.060;570.962;62.500
79.990.000;82.677;0.1684;933.422;729.860;25.835;652.889;558.273;62.500
79.995.000;78.451;0.1567;823.189;671.270;25.671;799.972;688.980;62.500
80.000.000;74.063;0.1437;785.265;574.830;25.194;1.595.068;250.704.277;62.500
80.005.000;71.866;0.1223;908.472;530.340;24.474;2.523.007;350.983.555;62.500
80.010.000;73.542;0.0850;1.233.314;541.870;23.726;4.003.062;251.835.918;62.500
80.015.000;74.800;0.0738;1.486.750;598.250;22.950;5.403.466;252.530.742;62.500
80.020.000;71.738;0.0653;1.654.693;696.860;22.135;1.246.115;250.543.633;62.500
80.025.000;70.547;0.0838;1.735.579;817.780;22.012;410.158;250.148.633;62.500
80.030.000;73.025;0.1239;1.661.038;922.260;22.042;158.929;250.050.645;62.500
80.035.000;81.950;0.2180;1.552.298;965.610;22.144;157.167;250.050.664;62.500
80.040.000;89.560;0.3062;1.476.180;988.730;22.426;155.773;250.050.703;62.500
80.045.000;96.450;0.3228;1.345.345;997.110;22.748;180.126;250.060.449;62.500
80.050.000;100.200;0.3287;1.391.665;974.570;23.098;202.796;250.069.531;62.500
80.055.000;98.840;0.3118;1.553.001;926.260;23.444;242.091;250.084.863;62.500
80.060.000;94.130;0.3078;1.834.821;873.740;23.800;290.327;250.103.711;62.500
80.065.000;88.390;0.2994;1.948.937;847.620;24.156;335.791;250.121.289;62.500
80.070.000;86.080;0.2856;2.020.587;824.360;24.512;298.492;250.105.918;62.500
80.075.000;83.330;0.2793;1.980.618;801.830;24.408;245.872;250.084.590;62.500
80.080.000;78.590;0.2743;1.774.615;777.500;24.943;209.664;250.070.117;62.500
80.085.000;78.260;0.2765;1.527.832;752.360;24.746;223.880;250.075.527;62.500
80.090.000;79.320;0.2710;1.246.841;727.210;24.986;238.804;250.081.406;62.500
80.095.000;78.330;0.2598;968.190;710.450;25.315;261.329;250.090.059;62.500
80.100.000;75.610;0.2416;913.399;696.480;25.649;338.511;250.120.449;62.500
80.105.000;70.250;0.2235;873.760;685.290;25.981;447.397;250.163.848;62.500
80.110.000;66.840;0.1952;873.021;679.180;26.187;591.097;250.221.543;62.500
80.115.000;65.730;0.1596;929.430;677.430;26.271;803.764;250.304.707;62.500
80.120.000;65.210;0.1239;1.072.607;682.040;25.987;444.650;250.161.719;62.500
80.125.000;65.020;0.1353;1.218.371;722.360;25.425;184.364;250.059.355;62.500
80.130.000;65.020;0.1614;1.382.614;787.770;24.662;185.365;250.059.727;62.500
80.135.000;65.200;0.2188;1.438.194;861.910;23.828;182.542;250.058.711;62.500
80.140.000;66.000;0.3002;1.397.010;940.600;22.890;176.824;250.056.660;62.500
80.145.000;71.070;0.3268;1.352.865;1.020.660;21.950;158.643;250.050.410;62.500
80.150.000;74.220;0.3940;1.290.517;1.087.460;21.301;137.001;250.042.773;62.500
80.155.000;76.510;0.3930;1.208.510;1.114.650;21.099;140.557;250.044.199;62.500
80.160.000;77.610;0.3940;1.191.531;1.084.260;21.256;147.611;250.046.855;62.500
80.165.000;79.680;0.3770;1.148.525;1.038.770;21.438;167.630;250.054.375;62.500
80.170.000;82.980;0.3520;1.320.781;994.370;21.814;196.041;250.065.332;62.500
80.175.000;86.240;0.3240;1.548.725;948.120;22.185;245.779;250.084.883;62.500
80.180.000;89.790;0.2630;1.761.481;894.290;22.646;312.816;250.112.188;62.500
80.185.000;92.940;0.2030;1.857.622;830.870;23.642;358.083;250.131.074;62.500
80.190.000;87.430;0.1740;1.812.626;766.560;25.215;364.893;250.132.988;62.500
80.195.000;78.150;0.2170;1.687.290;710.290;25.991;254.536;250.087.383;62.500
80.200.000;69.380;0.2380;1.544.726;652.350;26.001;247.581;345.932.148;62.500
80.205.000;66.230;0.2300;1.305.680;577.290;24.732;383.572;343.863.516;62.500
80.210.000;68.420;0.1590;1.102.760;493.080;24.866;799.060;942.154;62.500
80.215.000;69.780;0.0900;849.905;431.220;26.251;5.489.439;3.114.601;62.500
80.220.000;68.100;0.0480;701.852;415.420;26.033;9.331.605;5.090.451;62.500
80.225.000;65.610;0.0510;938.173;446.350;25.670;3.328.134;2.873.821;62.500
80.230.000;64.630;0.1010;1.278.224;514.310;25.300;1.248.664;1.463.639;62.500
80.235.000;64.590;0.1520;1.574.341;609.260;24.872;468.479;459.376;62.500
80.240.000;64.590;0.2030;1.692.835;721.250;24.415;323.216;290.461;62.500
80.245.000;65.020;0.2520;1.678.503;840.440;24.077;222.401;189.706;62.500
80.250.000;68.080;0.3070;1.682.547;953.030;23.849;165.267;151.116;62.500
80.255.000;81.610;0.3240;1.626.982;1.038.230;23.538;153.491;134.359;62.500
80.260.000;87.760;0.3420;1.283.955;1.089.050;22.611;150.362;131.271;62.500
80.265.000;89.470;0.3630;922.064;1.125.160;21.728;153.952;135.614;62.500
80.270.000;88.770;0.3830;654.999;1.164.910;21.510;157.468;140.123;62.500
80.275.000;86.250;0.4070;598.520;1.208.990;21.350;187.324;158.460;62.500
80.280.000;81.200;0.4310;596.498;1.245.160;21.320;247.178;202.533;62.500
80.285.000;76.910;0.4540;596.310;1.270.850;21.340;306.170;280.487;62.500
80.290.000;75.710;0.4710;597.352;1.290.490;21.430;296.863;256.162;62.500
80.295.000;76.720;0.4240;599.521;1.301.860;21.510;287.004;252.416;62.500
80.300.000;80.290;0.3540;603.676;1.296.610;21.620;334.190;270.242;62.500
80.305.000;84.850;0.2580;790.292;1.253.770;22.050;473.121;350.786;62.500
80.310.000;88.510;0.2040;1.122.462;1.158.080;22.470;667.070;477.526;62.500
80.315.000;90.770;0.1520;1.155.529;1.032.190;23.530;1.010.202;675.798;62.500
80.320.000;79.990;0.1000;1.180.261;859.740;25.260;1.447.165;940.829;62.500
80.325.000;66.030;0.0780;1.213.654;743.710;26.200;1.827.408;1.428.547;62.500
80.330.000;64.590;0.0820;1.213.470;689.750;26.140;1.859.937;1.483.481;62.500
80.335.000;64.580;0.0820;1.230.851;666.440;26.100;1.905.813;1.506.469;62.500
80.340.000;64.960;0.0820;1.071.182;654.830;26.050;1.727.677;1.408.741;62.500
80.345.000;65.340;0.0840;839.948;625.040;25.880;1.478.616;1.226.578;62.500
80.350.000;65.450;0.0850;1.220.148;620.090;25.750;1.044.592;891.345;62.500
80.355.000;66.330;0.0910;1.606.565;628.310;25.350;658.776;604.747;62.500
80.360.000;67.680;0.1390;1.631.579;638.510;24.910;417.406;382.179;62.500
80.365.000;68.520;0.2120;1.880.702;652.410;24.040;274.053;250.047;62.500
80.370.000;69.440;0.2840;1.930.696;690.560;22.550;184.236;170.582;62.500
80.375.000;71.310;0.3210;1.901.190;715.530;21.910;166.440;157.131;62.500
80.380.000;82.190;0.3430;1.874.325;745.480;21.910;186.745;165.219;62.500
80.385.000;91.750;0.2410;1.572.725;760.480;22.010;207.363;181.936;62.500
80.390.000;93.350;0.1950;1.306.743;743.300;22.220;320.410;244.053;62.500
80.395.000;93.030;0.1490;1.372.200;699.920;22.640;563.596;371.679;62.500
80.400.000;91.340;0.1030;1.270.712;656.510;23.660;1.146.811;728.827;62.500
80.405.000;83.180;0.0780;1.413.875;604.430;24.820;832.532;638.206;62.500
80.410.000;71.640;0.0890;1.406.417;562.280;26.010;542.364;482.468;62.500
80.415.000;66.930;0.1050;1.412.798;548.110;26.370;432.356;379.690;62.500
80.420.000;67.060;0.1230;1.585.972;568.180;26.500;415.471;369.330;62.500
80.425.000;67.200;0.1320;1.836.843;603.680;26.220;404.946;364.578;62.500
80.430.000;67.590;0.1360;2.080.866;657.780;25.720;389.261;351.626;62.500
80.435.000;67.910;0.1390;2.130.917;711.390;25.010;351.660;400.671;62.500
80.440.000;68.530;0.1520;2.204.190;738.350;24.220;285.444;284.315;62.500
80.445.000;74.010;0.1760;2.360.154;766.440;23.640;252.144;217.870;62.500
80.450.000;87.020;0.1990;2.446.811;789.100;23.450;215.554;188.654;62.500
80.455.000;89.500;0.2210;2.339.648;805.680;23.450;221.609;189.919;62.500
80.460.000;90.410;0.2370;2.193.361;812.350;23.790;199.474;173.152;62.500
80.465.000;90.820;0.2530;2.122.291;810.180;24.030;168.831;148.714;62.500
80.470.000;90.640;0.2710;2.194.029;803.970;23.950;148.980;136.474;62.500
80.475.000;92.410;0.2860;2.145.793;797.410;23.030;170.529;148.878;62.500
80.480.000;94.460;0.3030;2.256.041;782.910;21.730;192.211;166.485;62.500
80.485.000;96.570;0.3060;2.385.324;763.920;20.780;207.737;186.365;62.500
80.490.000;98.000;0.2890;2.395.771;739.960;20.610;288.418;251.404;62.500
80.495.000;95.240;0.2800;2.234.550;695.010;20.870;391.326;325.858;62.500
80.500.000;94.420;0.3070;1.980.868;626.600;20.640;530.953;419.259;62.500
80.505.000;92.930;0.3110;1.728.353;552.660;20.080;720.399;542.739;62.500
80.510.000;80.800;0.2050;1.512.905;503.850;20.580;1.007.726;695.501;62.500
80.515.000;73.780;0.1140;1.285.248;439.690;21.090;870.248;788.253;62.500
80.520.000;71.630;0.1130;1.017.617;344.510;21.270;649.000;664.445;62.500
80.525.000;70.610;0.1550;908.483;305.510;20.980;484.001;515.717;62.500
80.530.000;72.010;0.1990;973.154;321.030;20.580;371.695;373.266;62.500
80.535.000;77.750;0.2400;1.012.443;370.780;20.510;371.695;314.146;62.500
80.540.000;82.270;0.2560;1.024.770;427.550;20.430;412.151;330.673;62.500
80.545.000;85.400;0.2330;979.988;451.720;20.320;470.537;377.340;62.500
80.550.000;84.590;0.1800;897.379;437.660;21.770;594.563;453.895;62.500
80.555.000;77.440;0.1280;840.902;403.190;23.800;751.281;575.328;62.500
80.560.000;71.500;0.1100;759.268;351.890;24.790;927.355;724.292;62.500
80.565.000;72.130;0.1020;668.385;318.690;24.340;893.724;705.352;62.500
80.570.000;71.300;0.1010;626.913;316.580;25.770;926.071;728.910;62.500
80.575.000;69.260;0.0990;603.663;324.460;26.880;989.284;1.079.696;62.500
80.580.000;68.860;0.0960;596.152;329.200;26.490;940.291;986.438;62.500
80.585.000;69.210;0.0930;592.026;329.150;26.260;1.050.486;1.115.418;62.500
80.590.000;68.890;0.0880;588.975;325.540;26.430;1.170.349;1.265.913;62.500
80.595.000;69.410;0.0890;587.674;317.880;26.310;1.055.649;1.152.359;62.500
80.600.000;69.720;0.0840;585.873;311.130;26.210;992.659;1.081.857;62.500
80.605.000;69.210;0.0910;582.826;314.710;26.930;943.733;978.379;62.500
80.610.000;69.170;0.0970;579.979;328.520;27.300;902.658;876.953;62.500
80.615.000;69.270;0.0970;575.948;338.490;26.910;910.492;962.069;62.500
80.620.000;69.700;0.0980;572.139;337.840;26.760;918.370;883.789;62.500
80.625.000;71.170;0.0940;570.993;327.350;26.940;926.552;895.423;62.500
80.630.000;72.560;0.0890;571.428;314.390;26.960;991.113;950.463;62.500
80.635.000;73.590;0.0850;571.369;295.960;26.700;1.111.619;1.027.842;62.500
80.640.000;72.640;0.0810;572.465;281.160;26.600;1.252.818;1.150.030;62.500
80.645.000;71.060;0.0800;576.301;275.070;26.670;1.317.701;1.224.118;62.500
80.650.000;71.130;0.0790;582.326;273.690;26.630;1.136.355;1.166.074;62.500
80.655.000;71.880;0.0780;588.909;273.450;26.520;1.183.324;1.119.375;62.500
80.660.000;71.890;0.0780;597.085;286.350;26.460;1.036.513;1.015.664;62.500
80.665.000;71.460;0.0860;606.445;307.750;26.360;966.705;949.721;62.500
80.670.000;72.120;0.0900;613.429;321.100;26.240;989.284;950.426;62.500
80.675.000;73.810;0.0930;614.539;320.400;25.820;893.311;874.829;62.500
80.680.000;78.140;0.0980;614.512;316.630;25.490;849.463;838.501;62.500
80.685.000;79.840;0.0980;615.266;311.920;25.610;979.737;945.010;62.500
80.690.000;79.660;0.1000;614.772;307.830;26.300;1.130.513;1.062.857;62.500
80.695.000;76.800;0.0950;612.348;298.820;26.010;1.585.869;1.440.004;62.500
80.700.000;74.080;0.0880;609.836;289.600;25.230;1.882.490;1.688.412;62.500
80.705.000;74.710;0.0800;610.726;282.980;24.980;1.701.959;1.652.104;62.500
80.710.000;74.970;0.0780;617.585;279.960;25.480;1.624.623;1.555.590;62.500
80.715.000;75.680;0.0800;625.458;284.100;25.550;1.582.316;1.489.904;62.500
80.720.000;76.780;0.0820;630.496;293.360;25.180;1.486.938;1.438.560;62.500
80.725.000;75.900;0.0800;632.942;304.120;24.610;1.207.680;1.217.316;62.500
80.730.000;74.180;0.0780;631.538;315.350;23.830;1.141.528;1.131.193;62.500
80.735.000;74.130;0.0790;628.063;321.460;23.880;1.276.149;1.202.137;62.500
80.740.000;74.970;0.0850;623.689;323.610;24.610;1.422.742;1.284.576;62.500
80.745.000;76.210;0.0880;614.990;326.010;25.790;1.588.350;1.518.208;62.500
80.750.000;76.990;0.0860;605.401;321.820;25.910;1.759.900;1.643.127;62.500
80.755.000;76.210;0.0780;597.749;308.210;25.750;1.796.851;1.673.468;62.500
80.760.000;76.480;0.0680;590.197;287.000;26.260;1.698.035;1.629.539;62.500
80.765.000;76.200;0.0680;584.437;265.570;25.950;1.768.045;1.648.110;62.500
80.770.000;76.110;0.0680;578.681;254.700;25.400;1.896.303;1.792.438;62.500
80.775.000;78.910;0.0650;573.742;250.780;25.710;1.809.339;1.710.618;62.500
80.780.000;78.550;0.0600;573.804;248.980;26.300;1.630.796;1.573.592;62.500
80.785.000;76.390;0.0560;573.717;250.860;26.430;1.503.855;1.461.991;62.500
80.790.000;74.550;0.0550;573.064;251.120;26.080;1.390.321;1.370.585;62.500
80.795.000;74.580;0.0570;574.729;247.610;25.660;1.490.129;1.383.584;62.500
80.800.000;77.510;0.0610;578.065;246.670;25.420;1.583.076;1.470.581;62.500
80.805.000;80.160;0.0620;581.646;248.670;25.300;1.721.720;1.576.268;62.500
80.810.000;80.470;0.0620;583.097;232.610;25.380;1.872.996;1.691.779;62.500
80.815.000;80.320;0.0580;581.025;220.340;25.590;1.737.832;1.611.138;62.500
80.820.000;80.410;0.0550;576.027;220.440;25.410;1.663.607;1.548.066;62.500
80.825.000;80.110;0.0570;568.547;203.900;24.960;1.700.639;1.557.829;62.500
80.830.000;79.360;0.0600;563.175;190.160;25.000;1.628.915;1.545.499;62.500
80.835.000;78.170;0.0600;558.644;197.270;26.040;2.011.859;1.822.486;62.500
80.840.000;76.570;0.0570;550.842;174.310;26.560;2.271.347;2.066.704;62.500
80.845.000;76.860;0.0470;539.530;151.930;26.030;2.732.678;2.391.239;62.500
80.850.000;78.270;0.0400;527.860;123.040;25.730;2.884.635;2.546.425;62.500
80.855.000;78.940;0.0360;519.468;100.900;26.310;2.837.858;2.549.218;62.500
80.860.000;74.190;0.0380;514.608;85.510;26.980;3.001.624;2.685.026;62.500
80.865.000;71.890;0.0390;508.873;82.100;27.250;3.527.442;3.092.640;62.500
80.870.000;70.610;0.0340;503.682;78.900;27.200;5.209.552;4.425.052;62.500
80.875.000;70.170;0.0300;501.813;75.930;27.060;6.330.975;5.468.640;62.500
80.880.000;70.170;0.0250;503.655;70.230;27.050;4.087.033;4.087.526;62.500
80.885.000;69.740;0.0210;506.673;64.330;27.060;3.942.857;3.920.607;62.500
80.890.000;69.650;0.0220;508.882;58.220;27.130;3.853.858;3.879.485;62.500
80.895.000;69.320;0.0210;509.656;53.610;27.150;5.419.475;4.712.009;62.500
80.900.000;69.280;0.0200;509.991;50.010;27.080;8.706.419;7.568.470;62.500
80.905.000;68.560;0.0160;510.140;47.430;27.040;2.028.567;13.905.665;62.500
80.910.000;68.050;0.0150;510.834;46.760;27.040;4.253.136;15.338.038;62.500
80.915.000;68.020;0.0140;511.716;46.600;27.030;5.722.589;16.328.901;62.500
80.920.000;67.770;0.0120;512.330;46.960;26.980;6.469.805;16.935.446;62.500
80.925.000;67.450;0.0110;512.850;49.950;26.850;7.248.669;17.654.075;62.500
80.930.000;67.170;0.0120;513.961;56.480;26.810;7.820.043;18.258.113;62.500
80.935.000;67.170;0.0140;515.221;66.540;26.850;7.403.705;18.069.476;62.500
80.940.000;66.760;0.0170;516.121;84.930;26.920;5.521.644;11.661.987;62.500
80.945.000;66.740;0.0210;517.196;106.090;26.940;763.223;8.461.625;62.500
80.950.000;66.740;0.0270;518.886;130.010;27.120;7.463.575;5.797.949;62.500
80.955.000;66.610;0.0420;520.839;178.120;27.370;4.481.297;3.667.372;62.500
80.960.000;66.290;0.0530;522.756;237.230;27.470;2.329.769;2.361.977;62.500
80.965.000;66.020;0.0660;523.399;292.850;27.550;1.279.220;1.411.154;62.500
80.970.000;65.560;0.0800;523.108;327.710;27.670;1.063.417;1.041.910;62.500
80.975.000;65.430;0.0810;521.754;338.510;27.780;1.116.385;1.066.508;62.500
80.980.000;65.560;0.0750;520.901;323.480;27.880;1.309.551;1.194.048;62.500
80.985.000;65.860;0.0660;518.253;292.790;27.900;1.482.482;1.373.575;62.500
80.990.000;65.490;0.0520;514.532;257.570;27.780;1.460.737;1.427.470;62.500
80.995.000;65.450;0.0460;510.746;225.600;27.640;1.659.280;1.542.623;62.500
81.000.000;65.580;0.0480;506.637;198.300;27.530;1.935.969;1.660.899;62.500
81.005.000;65.880;0.0480;503.116;174.090;27.440;2.484.203;2.011.680;62.500
81.010.000;65.880;0.0430;500.970;155.430;27.450;3.187.689;2.699.622;62.500
81.015.000;65.880;0.0350;498.767;143.460;27.630;3.958.624;3.376.571;62.500
81.020.000;65.880;0.0340;499.965;136.360;27.780;2.532.575;2.408.430;62.500
81.025.000;65.880;0.0330;503.338;136.590;27.840;1.558.483;1.548.192;62.500
81.030.000;65.760;0.0390;508.828;151.010;27.670;1.425.705;1.351.183;62.500
81.035.000;64.590;0.0520;516.349;171.770;27.220;1.382.182;1.294.855;62.500
81.040.000;64.610;0.0650;523.688;193.530;27.000;1.266.923;1.236.878;62.500
81.045.000;64.240;0.0720;530.174;212.740;26.780;1.329.423;1.233.100;62.500
81.050.000;64.220;0.0870;535.000;218.690;26.610;1.395.006;1.261.027;62.500
81.055.000;64.560;0.0880;537.451;206.780;26.530;1.275.308;1.215.214;62.500
81.060.000;64.910;0.0900;538.359;185.990;26.590;1.403.950;1.236.510;62.500
81.065.000;65.020;0.0870;537.337;166.000;26.680;1.308.072;1.241.973;62.500
81.070.000;64.940;0.0790;534.576;150.010;26.750;1.243.705;1.182.861;62.500
81.075.000;64.590;0.0690;531.364;137.170;26.830;1.382.273;1.240.923;62.500
81.080.000;64.590;0.0620;527.443;128.120;26.910;1.490.614;1.333.777;62.500
81.085.000;64.590;0.0530;522.677;123.700;26.960;1.634.274;1.544.926;62.500
81.090.000;64.590;0.0400;517.480;120.660;27.030;1.577.106;1.538.437;62.500
81.095.000;64.590;0.0260;513.082;115.520;27.160;1.636.454;1.496.469;62.500
81.100.000;64.590;0.0190;510.490;109.650;27.370;1.922.226;1.667.642;62.500
81.105.000;64.590;0.0200;509.189;97.645;27.560;2.952.538;2.169.324;62.500
81.110.000;64.710;0.0220;508.847;97.948;27.480;4.534.333;3.439.271;62.500
81.115.000;64.730;0.0230;509.236;100.487;27.300;5.549.254;4.479.319;62.500
81.120.000;64.850;0.0230;510.107;105.056;27.260;4.457.855;3.979.953;62.500
81.125.000;65.020;0.0270;511.329;110.242;27.150;4.584.590;4.026.006;62.500
81.130.000;65.020;0.0280;511.870;115.280;27.040;4.852.497;4.119.203;62.500
81.135.000;65.050;0.0270;512.786;121.504;26.970;5.136.530;4.248.149;62.500
81.140.000;65.390;0.0200;514.417;129.869;26.870;6.101.480;4.920.865;62.500
81.145.000;65.450;0.0170;515.655;137.205;26.640;7.152.792;5.252.315;62.500
81.150.000;65.950;0.0150;517.507;138.727;26.560;6.538.950;5.316.155;62.500
81.155.000;65.680;0.0140;519.879;131.641;26.810;7.813.135;5.447.568;62.500
81.160.000;65.450;0.0130;522.177;120.966;26.890;1.917.996;6.448.703;62.500
81.165.000;65.890;0.0120;524.944;114.821;26.850;1.754.041;7.404.164;62.500
81.170.000;66.916;0.0110;526.200;115.622;26.880;6.243.880;7.982.752;62.500
81.175.000;68.454;0.0170;525.969;123.678;27.000;2.525.843;5.397.100;62.500
81.180.000;68.969;0.0260;525.335;139.640;26.750;2.805.615;2.518.210;62.500
81.185.000;68.999;0.0330;523.439;156.987;26.510;4.530.791;3.144.146;62.500
81.190.000;68.187;0.0300;520.599;160.404;26.510;358.898;5.859.729;62.500
81.195.000;67.356;0.0240;517.059;133.487;26.520;456.384;9.759.894;62.500
81.200.000;66.861;0.0140;513.175;97.992;26.700;9.913.890;10.672.710;62.500
81.205.000;66.509;0.0110;511.981;68.095;26.750;8.021.211;10.417.664;62.500
81.210.000;66.309;0.0110;511.177;49.693;26.710;7.484.796;10.037.203;62.500
81.215.000;66.309;0.0100;510.270;41.227;26.700;7.646.466;9.983.767;62.500
81.220.000;66.309;0.0100;509.423;36.500;26.780;7.069.440;10.100.591;62.500
81.225.000;66.309;0.0100;507.689;32.438;26.930;6.239.083;9.866.852;62.500
81.230.000;66.218;0.0100;505.753;30.402;27.000;7.006.501;9.767.864;62.500
81.235.000;65.773;0.0100;504.209;31.922;27.030;9.928.070;9.746.526;62.500
81.240.000;65.451;0.0110;501.588;37.287;27.080;3.101.252;10.400.249;62.500
81.245.000;65.451;0.0110;500.208;39.725;27.210;5.576.010;11.809.305;62.500
81.250.000;65.505;0.0130;500.167;39.913;27.230;2.561.076;11.986.045;62.500
81.255.000;65.877;0.0150;501.126;38.207;27.110;2.023.717;11.435.409;62.500
81.260.000;65.877;0.0170;502.724;33.598;27.020;221.599;9.714.943;62.500
81.265.000;65.608;0.0210;504.973;27.186;26.970;4.796.693;9.189.073;62.500
81.270.000;64.575;0.0250;507.196;21.595;27.000;6.191.190;7.008.641;62.500
81.275.000;63.730;0.0330;509.599;17.843;27.070;3.711.757;5.437.950;62.500
81.280.000;63.305;0.0500;512.092;17.912;27.000;2.224.171;3.401.827;62.500
81.285.000;63.305;0.0530;513.441;22.632;26.760;1.700.650;2.010.859;62.500
81.290.000;62.891;0.0650;513.796;28.339;26.380;1.649.096;1.583.681;62.500
81.295.000;62.475;0.0660;513.963;33.919;26.400;2.199.105;2.129.726;62.500
81.300.000;62.857;0.0600;513.723;38.484;26.820;4.145.009;4.266.394;62.500
81.305.000;62.878;0.0380;513.036;39.027;27.060;658.848;7.992.510;62.500
81.310.000;62.846;0.0230;512.340;35.006;27.020;602.886;11.544.790;62.500
81.315.000;62.377;0.0190;513.477;30.672;26.940;90.455;11.679.175;62.500
81.320.000;62.098;0.0220;518.169;27.978;26.870;8.839.391;11.333.594;62.500
81.325.000;61.682;0.0300;526.415;23.822;26.850;1.973.712;8.835.924;62.500
81.330.000;61.590;0.0450;536.551;18.900;26.790;7.597.912;6.761.958;62.500
81.335.000;61.588;0.0590;545.050;19.961;26.450;4.997.116;5.106.038;62.500
81.340.000;61.588;0.0680;553.139;25.787;25.990;3.339.353;3.816.797;62.500
81.345.000;61.838;0.0760;560.383;32.900;25.600;2.667.321;2.832.362;62.500
81.350.000;61.736;0.0860;565.757;38.045;25.630;2.501.311;2.398.183;62.500
81.355.000;61.588;0.0930;569.485;38.959;25.560;2.620.892;2.301.100;62.500
81.360.000;61.588;0.0980;570.941;37.857;25.530;3.021.440;2.441.188;62.500
81.365.000;61.140;0.1040;572.330;40.099;25.530;2.783.035;2.701.298;62.500
81.370.000;60.844;0.1110;577.309;49.617;25.550;2.313.688;2.383.234;62.500
81.375.000;61.159;0.1310;582.726;67.220;25.750;1.923.494;2.004.189;62.500
81.380.000;61.159;0.1390;589.010;82.399;25.580;1.819.813;1.777.114;62.500
81.385.000;61.159;0.1420;594.774;91.046;25.210;2.051.886;1.755.128;62.500
81.390.000;61.159;0.1400;599.649;92.574;25.140;2.287.879;1.939.573;62.500
81.395.000;61.159;0.1380;603.855;91.209;24.940;2.233.648;2.076.114;62.500
81.400.000;61.159;0.1290;605.726;89.879;25.020;2.119.467;1.986.955;62.500
81.405.000;61.159;0.1240;604.928;90.090;25.100;2.011.144;1.888.142;62.500
81.410.000;61.874;0.1180;602.847;92.065;25.120;1.966.352;1.847.501;62.500
81.415.000;62.017;0.1140;599.594;98.637;25.180;2.101.811;1.846.517;62.500
81.420.000;62.098;0.1100;596.782;107.321;25.250;2.064.419;1.886.039;62.500
81.425.000;61.885;0.1080;594.751;117.454;25.290;1.976.959;1.887.467;62.500
81.430.000;61.780;0.1060;593.593;126.222;25.280;1.893.204;1.813.188;62.500
81.435.000;62.016;0.1050;593.296;132.129;25.270;1.812.998;1.760.665;62.500
81.440.000;62.046;0.1030;594.608;136.061;25.170;1.736.190;1.652.338;62.500
81.445.000;62.248;0.1040;596.585;138.159;25.060;1.662.636;1.579.591;62.500
81.450.000;62.446;0.1070;597.699;140.056;25.030;1.603.859;1.539.332;62.500
81.455.000;62.446;0.1090;597.355;142.575;24.860;1.652.181;1.522.362;62.500
81.460.000;62.445;0.1070;595.248;146.923;24.830;1.701.959;1.551.941;62.500
81.465.000;62.235;0.1010;591.313;155.311;25.020;1.793.594;1.613.824;62.500
81.470.000;61.695;0.0990;587.872;159.370;25.350;1.993.245;1.801.858;62.500
81.475.000;60.493;0.0970;581.971;157.167;25.530;2.215.120;1.964.697;62.500
81.480.000;60.867;0.0930;574.259;152.755;25.670;2.462.292;2.171.147;62.500
81.485.000;61.042;0.0880;566.994;149.077;25.780;2.723.405;2.266.241;62.500
81.490.000;61.489;0.0810;560.147;146.701;26.100;2.652.946;2.410.927;62.500
81.495.000;62.322;0.0770;552.707;138.942;26.440;2.569.367;2.401.243;62.500
81.500.000;62.833;0.0730;544.283;103.879;26.520;3.169.165;2.374.225;62.500
81.505.000;62.630;0.0750;533.692;75.841;26.510;4.015.574;3.045.533;62.500
81.510.000;62.508;0.0740;524.767;63.505;26.760;5.096.922;3.620.964;62.500
81.515.000;63.303;0.0620;518.387;55.661;27.180;6.334.076;4.303.763;62.500
81.520.000;63.119;0.0530;513.091;49.223;27.490;7.644.405;5.191.396;62.500
81.525.000;62.895;0.0380;509.230;47.701;27.430;9.193.961;6.265.162;62.500
81.530.000;63.205;0.0300;507.778;46.656;27.090;802.628;7.259.147;62.500
81.535.000;63.273;0.0260;508.009;46.273;27.050;3.496.868;8.572.554;62.500
81.540.000;63.595;0.0240;509.018;46.796;26.890;7.484.252;10.422.858;62.500
81.545.000;63.734;0.0180;509.500;47.401;26.750;4.943.944;10.213.166;62.500
81.550.000;63.734;0.0150;509.039;48.097;26.790;6.695.275;10.344.574;62.500
81.555.000;63.799;0.0130;508.801;48.660;26.940;5.501.925;10.372.992;62.500
81.560.000;64.037;0.0130;508.598;48.937;27.070;7.096.768;10.359.753;62.500
81.565.000;64.196;0.0120;507.897;48.904;27.090;8.966.891;10.906.348;62.500
81.570.000;64.592;0.0110;507.287;48.514;26.980;475.129;11.196.047;62.500
81.575.000;64.592;0.0110;507.108;47.810;26.840;8.133.293;10.548.583;62.500
81.580.000;64.592;0.0110;506.894;47.017;26.970;5.687.046;10.133.904;62.500
81.585.000;64.681;0.0110;506.709;47.631;27.030;3.471.851;9.708.065;62.500
81.590.000;64.950;0.0130;506.986;54.692;27.070;65.229;8.699.791;62.500
81.595.000;65.029;0.0160;508.213;65.164;27.250;7.518.504;6.015.836;62.500
81.600.000;64.984;0.0200;510.564;79.577;27.300;5.380.591;4.493.145;62.500
81.605.000;64.787;0.0250;513.166;100.549;27.130;3.594.164;3.240.772;62.500
81.610.000;64.589;0.0320;514.623;127.882;26.790;2.586.946;2.467.046;62.500
81.615.000;64.594;0.0340;515.449;156.470;26.690;3.059.330;2.106.024;62.500
81.620.000;64.781;0.0320;515.660;171.646;26.700;4.355.356;2.678.471;62.500
81.625.000;65.505;0.0230;514.683;168.207;26.760;80.225;5.642.302;62.500
81.630.000;65.891;0.0200;512.490;153.530;26.960;414.812;10.111.994;62.500
81.635.000;65.895;0.0160;509.912;127.267;27.050;1.221.981;10.891.682;62.500
81.640.000;65.461;0.0160;507.964;94.236;27.090;6.170.849;10.996.067;62.500
81.645.000;65.416;0.0160;507.799;68.100;27.100;3.393.285;11.006.843;62.500
81.650.000;65.020;0.0170;508.626;54.326;27.070;1.888.294;11.104.034;62.500
81.655.000;64.793;0.0170;509.733;48.020;26.980;2.109.589;11.160.450;62.500
81.660.000;64.236;0.0170;510.546;44.360;26.880;1.995.877;11.146.239;62.500
81.665.000;63.680;0.0160;510.944;42.494;26.840;1.941.340;10.916.896;62.500
81.670.000;63.292;0.0170;510.673;43.033;26.830;1.977.530;11.957.694;62.500
81.675.000;62.990;0.0190;509.628;46.755;26.860;2.117.955;12.411.582;62.500
81.680.000;62.877;0.0210;507.520;54.878;26.880;2.689.845;14.098.075;62.500
81.685.000;62.868;0.0230;504.981;65.360;26.930;4.197.693;15.877.903;62.500
81.690.000;62.580;0.0250;502.946;74.039;27.020;5.628.956;17.841.516;62.500
81.695.000;62.446;0.0280;502.918;82.441;27.300;6.101.376;18.207.189;62.500
81.700.000;62.453;0.0340;504.242;94.153;27.460;3.910.623;17.767.581;62.500
81.705.000;62.868;0.0380;506.877;109.229;27.470;2.162.630;14.293.330;62.500
81.710.000;62.032;0.0460;510.199;129.408;27.020;6.793.855;11.184.343;62.500
81.715.000;61.896;0.0500;513.677;145.975;26.930;4.943.944;10.492.996;62.500
81.720.000;62.108;0.0520;515.663;145.941;26.750;4.138.427;9.882.067;62.500
81.725.000;63.305;0.0540;518.419;129.361;26.770;3.233.395;9.273.905;62.500
81.730.000;63.305;0.0550;519.461;100.780;26.990;2.637.483;8.827.378;62.500
81.735.000;62.831;0.0570;519.267;71.657;27.120;3.230.599;8.778.297;62.500
81.740.000;60.030;0.0560;518.782;56.498;26.990;6.345.262;10.443.729;62.500
81.745.000;60.294;0.0520;518.312;52.131;26.980;646.174;11.763.619;62.500
81.750.000;60.289;0.0520;518.852;56.911;26.980;000.3079;12.412.692;62.500
81.755.000;60.695;0.0540;521.908;65.671;26.870;5.162.892;12.108.892;62.500
81.760.000;61.562;0.0560;523.512;71.259;26.750;2.861.217;11.751.356;62.500
81.765.000;60.765;0.0560;526.681;72.525;26.680;2.109.589;11.500.024;62.500
81.770.000;60.711;0.0570;530.714;72.332;26.590;6.900.607;10.059.595;62.500
81.775.000;61.578;0.0670;533.998;73.174;26.330;9.592.943;8.658.203;62.500
81.780.000;61.260;0.0760;535.830;76.583;26.090;8.114.505;7.014.738;62.500
81.785.000;60.750;0.0790;537.348;79.725;26.040;8.049.125;6.658.062;62.500
81.790.000;60.730;0.0710;536.472;79.135;26.100;2.004.896;7.587.253;62.500
81.795.000;60.730;0.0640;534.491;75.171;26.350;7.596.694;9.056.064;62.500
81.800.000;61.009;0.0600;531.437;71.463;26.510;9.714.515;10.732.668;62.500
81.805.000;61.132;0.0600;528.204;71.938;26.810;8.920.116;13.066.396;62.500
81.810.000;61.564;0.0630;526.925;73.562;26.990;2.561.076;13.379.180;62.500
81.815.000;61.455;0.0610;528.644;73.011;26.940;2.584.837;13.618.875;62.500
81.820.000;61.588;0.0590;530.975;68.162;26.870;2.577.805;13.157.445;62.500
81.825.000;60.765;0.0590;534.445;60.315;26.580;2.029.252;12.881.703;62.500
81.830.000;60.711;0.0590;537.672;53.330;26.250;2.034.036;12.280.225;62.500
81.835.000;61.554;0.0570;539.463;50.219;26.160;2.399.867;12.715.455;62.500
81.840.000;61.172;0.0550;539.702;50.768;26.120;2.986.092;13.950.134;62.500
81.845.000;61.160;0.0550;538.997;55.427;26.290;3.252.515;15.001.249;62.500
81.850.000;61.130;0.0530;536.865;65.306;26.590;3.409.997;15.496.199;62.500
81.855.000;60.735;0.0530;535.367;76.639;26.900;3.256.121;15.758.809;62.500
81.860.000;60.730;0.0600;535.684;85.283;26.780;2.090.197;14.537.388;62.500
81.865.000;60.730;0.0730;537.522;92.735;26.450;646.174;13.432.417;62.500
81.870.000;61.395;0.0780;540.223;103.620;26.210;6.850.170;11.486.981;62.500
81.875.000;60.728;0.0820;542.305;121.493;26.050;7.323.529;11.368.394;62.500
81.880.000;61.149;0.0820;542.681;139.936;26.010;8.310.514;11.473.033;62.500
81.885.000;61.164;0.0770;543.491;147.494;26.080;9.353.732;11.959.030;62.500
81.890.000;60.731;0.0710;542.538;146.688;26.350;456.384;13.876.129;62.500
81.895.000;61.068;0.0630;540.301;145.516;26.500;7.121.265;14.678.416;62.500
81.900.000;61.107;0.0580;537.746;141.735;26.530;3.614.116;15.868.220;62.500
81.905.000;60.303;0.0540;535.126;127.667;26.530;3.915.831;17.141.337;62.500
81.910.000;60.300;0.0540;534.553;102.355;26.540;4.055.385;17.302.448;62.500
81.915.000;60.369;0.0550;535.682;74.850;26.570;3.024.231;16.821.433;62.500
81.920.000;60.898;0.0580;535.984;56.083;26.800;3.109.189;15.839.829;62.500
81.925.000;60.730;0.0600;536.195;48.152;26.610;3.851.330;15.606.064;62.500
81.930.000;61.159;0.0610;534.448;42.460;26.380;5.649.092;18.107.648;62.500
81.935.000;61.004;0.0610;531.810;33.997;26.340;8.286.030;19.222.023;62.500
81.940.000;60.007;0.0480;528.562;27.235;26.470;2.153.862;19.994.358;62.500
81.945.000;60.301;0.0400;523.762;25.546;26.920;4.760.264;19.760.216;62.500
81.950.000;61.159;0.0390;518.417;26.203;27.000;9.665.695;19.107.206;62.500
81.955.000;61.159;0.0340;513.046;27.749;27.210;7.827.566;19.107.179;62.500
81.960.000;61.158;0.0300;508.124;30.519;27.330;3.912.188;19.107.893;62.500
81.965.000;60.851;0.0270;505.060;34.637;27.200;8.283.635;19.336.533;62.500
81.970.000;61.159;0.0260;502.486;38.974;27.130;2.823.730;19.107.108;62.500
81.975.000;61.555;0.0260;500.790;41.932;27.210;7.887.378;18.820.002;62.500
81.980.000;61.588;0.0250;499.958;43.026;27.300;7.848.843;18.796.436;62.500
81.985.000;61.588;0.0250;500.123;42.857;27.370;7.897.866;18.796.403;62.500
81.990.000;61.590;0.0260;501.227;41.630;27.340;4.435.215;18.794.948;62.500
81.995.000;62.018;0.0280;503.308;42.162;27.280;2.653.555;18.494.945;62.500
82.000.000;62.220;0.0310;506.713;46.131;27.230;9.213.705;18.356.627;62.500
82.005.000;62.021;0.0330;511.437;55.342;27.280;1.039.846;18.492.798;62.500
82.010.000;62.442;0.0390;516.920;72.056;27.310;6.343.295;18.206.934;62.500
82.015.000;62.018;0.0460;522.379;94.320;27.180;4.614.603;18.494.788;62.500
82.020.000;62.069;0.0540;526.597;113.641;26.790;4.283.593;16.940.498;62.500
82.025.000;62.063;0.0600;528.664;119.405;26.350;4.101.738;16.521.104;62.500
82.030.000;61.638;0.0610;529.562;106.638;26.220;3.702.011;15.586.544;62.500
82.035.000;61.638;0.0620;529.413;82.031;26.370;3.226.189;14.553.564;62.500
82.040.000;61.638;0.0640;529.078;58.237;26.540;2.690.817;13.524.781;62.500
82.045.000;61.638;0.0670;528.977;42.612;26.670;2.209.283;12.600.363;62.500
82.050.000;61.618;0.0710;529.398;33.733;26.670;2.159.944;12.583.890;62.500
82.055.000;60.520;0.0690;529.701;28.104;26.660;2.087.920;13.099.479;62.500
82.060.000;59.924;0.0650;530.547;22.299;26.460;3.377.805;12.635.614;62.500
82.065.000;60.342;0.0620;531.455;18.337;26.350;1.242.769;12.231.542;62.500
82.070.000;60.363;0.0580;531.659;17.203;26.580;456.384;12.628.950;62.500
82.075.000;61.022;0.0540;529.941;19.372;26.790;1.226.172;13.208.024;62.500
82.080.000;61.261;0.0530;526.158;24.097;26.740;4.056.539;14.122.858;62.500
82.085.000;61.622;0.0400;520.586;27.620;26.640;4.914.754;18.771.563;62.500
82.090.000;61.208;0.0350;514.982;27.880;26.640;8.900.717;19.070.509;62.500
82.095.000;61.203;0.0290;510.148;27.139;26.880;2.746.121;19.074.154;62.500
82.100.000;61.041;0.0270;505.953;27.709;27.170;3.933.748;19.193.779;62.500
82.105.000;60.793;0.0290;502.324;28.372;27.430;8.147.223;19.379.874;62.500
82.110.000;61.204;0.0340;499.391;25.792;27.500;3.391.246;19.073.344;62.500
82.115.000;61.354;0.0390;498.039;19.596;27.510;2.871.842;18.963.853;62.500
82.120.000;61.638;0.0390;497.590;15.440;27.570;2.880.760;18.759.966;62.500
82.125.000;61.638;0.0410;497.125;16.350;27.640;4.295.835;18.759.934;62.500
82.130.000;61.638;0.0410;496.278;19.335;27.450;6.005.420;18.759.901;62.500
82.135.000;61.663;0.0390;495.220;22.246;27.440;7.923.160;18.742.129;62.500
82.140.000;62.019;0.0370;495.264;26.904;27.620;9.897.421;18.493.108;62.500
82.145.000;62.069;0.0320;496.648;33.138;27.720;3.792.158;18.458.627;62.500
82.150.000;62.069;0.0290;498.347;38.880;27.680;8.089.636;18.458.586;62.500
82.155.000;62.069;0.0280;500.490;41.621;27.290;3.995.161;18.458.546;62.500
82.160.000;62.069;0.0280;502.726;41.470;27.050;9.406.874;18.458.505;62.500
82.165.000;62.038;0.0330;505.008;40.380;27.040;41.572;18.479.805;62.500
82.170.000;61.771;0.0380;506.574;38.988;27.120;6.045.289;18.665.641;62.500
82.175.000;62.069;0.0430;506.393;35.804;27.170;8.076.782;18.458.385;62.500
82.180.000;62.069;0.0420;505.248;29.732;27.160;222.225;18.458.345;62.500
82.185.000;61.883;0.0380;504.511;21.897;27.300;1.754.041;18.587.106;62.500
82.190.000;60.337;0.0350;505.233;13.138;27.480;8.809.012;19.731.554;62.500
82.195.000;60.416;0.0350;508.346;0.6274;27.490;6.648.566;19.669.652;62.500
82.200.000;61.065;0.0400;512.844;0.2266;27.330;5.033.111;17.329.731;62.500
82.205.000;61.254;0.0420;518.182;0.0259;27.040;3.993.997;17.411.608;62.500
82.210.000;61.601;0.0430;523.786;0.0438;26.630;4.656.722;17.737.627;62.500
82.215.000;61.406;0.0430;528.628;0.1735;26.380;3.267.386;17.418.208;62.500
82.220.000;61.606;0.0450;531.617;0.1988;26.370;2.834.915;14.589.548;62.500
82.225.000;61.638;0.0470;531.959;0.2280;26.470;3.052.289;14.613.701;62.500
82.230.000;61.638;0.0540;529.427;0.2684;26.560;3.409.997;16.385.237;62.500
82.235.000;61.641;0.0590;525.866;0.3241;26.560;5.498.996;18.757.074;62.500
82.240.000;61.444;0.0540;523.851;0.3359;26.700;9.592.943;18.898.032;62.500
82.245.000;60.485;0.0460;523.543;0.3359;26.920;618.655;19.615.807;62.500
82.250.000;59.889;0.0450;524.278;0.3363;26.910;7.376.832;20.000.000;62.500
82.255.000;60.119;0.0490;525.516;0.3425;26.680;3.580.979;17.476.738;62.500
82.260.000;61.498;0.0530;526.884;0.3883;26.490;2.732.104;14.278.052;62.500
82.265.000;62.076;0.0560;528.032;0.5535;26.510;3.857.733;15.489.827;62.500
82.270.000;61.996;0.0550;527.400;0.8431;26.600;5.700.073;18.289.655;62.500
82.275.000;61.465;0.0480;523.692;10.195;26.520;8.429.648;18.882.693;62.500
82.280.000;60.564;0.0400;518.602;0.8915;26.640;1.226.770;19.554.537;62.500
82.285.000;60.336;0.0360;513.558;0.5959;27.000;139.489;19.732.200;62.500
82.290.000;60.471;0.0340;510.190;0.3764;27.320;816.604;19.626.597;62.500
82.295.000;61.067;0.0340;508.414;0.3566;27.350;8.108.562;19.173.601;62.500
82.300.000;61.300;0.0360;506.903;0.4868;27.300;6.163.040;19.002.119;62.500
82.305.000;61.638;0.0410;506.198;0.9517;27.200;3.312.331;16.298.779;62.500
82.310.000;61.638;0.0490;506.137;19.066;27.220;2.148.915;12.628.407;62.500
82.315.000;61.638;0.0530;505.754;30.615;27.320;2.355.731;15.206.042;62.500
82.320.000;61.606;0.0510;504.868;38.364;27.320;2.641.547;18.122.209;62.500
82.325.000;61.204;0.0450;503.420;39.233;27.240;3.969.929;19.072.266;62.500
82.330.000;60.440;0.0370;502.168;34.352;27.260;6.463.352;19.650.665;62.500
82.335.000;60.547;0.0330;503.297;27.338;27.300;543.876;19.567.542;62.500
82.340.000;61.207;0.0350;507.030;21.799;27.200;7.560.117;19.069.987;62.500
82.345.000;61.321;0.0390;511.914;19.573;27.150;332.026;18.986.571;62.500
82.350.000;61.647;0.0510;517.463;20.335;26.930;5.142.794;18.752.051;62.500
82.355.000;61.566;0.0640;522.080;23.182;26.590;2.783.035;15.505.891;62.500
82.360.000;61.313;0.0750;525.485;27.599;26.200;3.085.695;14.775.970;62.500
82.365.000;60.859;0.0750;528.618;31.550;26.180;3.751.716;16.738.146;62.500
82.370.000;59.967;0.0700;530.906;32.990;26.460;5.025.777;19.126.747;62.500
82.375.000;59.890;0.0610;532.124;32.728;26.690;4.911.074;19.403.849;62.500
82.380.000;59.477;0.0610;533.050;31.387;26.640;3.740.254;17.633.242;62.500
82.385.000;59.509;0.0640;533.808;29.722;26.460;2.777.130;15.336.282;62.500
82.390.000;59.858;0.0640;535.786;29.593;26.280;2.358.561;13.506.294;62.500
82.395.000;60.326;0.0640;538.090;30.802;26.130;2.326.168;13.183.459;62.500
82.400.000;60.130;0.0700;539.480;31.521;26.150;2.313.688;13.955.731;62.500
82.405.000;59.914;0.0720;539.642;30.759;26.090;2.885.339;16.106.494;62.500
82.410.000;59.914;0.0720;539.247;27.656;26.110;3.683.494;16.708.981;62.500
82.415.000;59.914;0.0700;538.964;24.243;26.260;3.593.405;16.220.627;62.500
82.420.000;59.914;0.0660;539.149;22.302;26.380;3.040.101;14.566.633;62.500
82.425.000;59.927;0.0660;541.671;22.724;26.360;2.143.259;13.266.582;62.500
82.430.000;60.035;0.0730;544.761;26.305;26.230;1.821.166;11.986.849;62.500
82.435.000;60.061;0.0740;548.773;35.320;26.140;2.392.488;11.813.622;62.500
82.440.000;59.914;0.0690;554.757;48.352;25.960;494.800;11.362.513;62.500
82.445.000;59.914;0.0680;560.339;63.903;25.950;8.651.851;11.136.461;62.500
82.450.000;59.914;0.0690;565.372;80.166;25.820;8.142.195;14.920.166;62.500
82.455.000;60.199;0.0720;568.399;93.259;25.480;7.323.529;18.011.510;62.500
82.460.000;60.959;0.1060;568.281;95.658;25.270;7.323.529;18.288.203;62.500
82.465.000;61.095;0.1030;566.621;84.182;25.320;82.024;18.442.089;62.500
82.470.000;60.438;0.0910;562.881;56.734;25.540;4.938.850;18.596.119;62.500
82.475.000;59.963;0.0710;556.744;32.158;25.820;8.744.229;17.982.644;62.500
82.480.000;60.048;0.0570;550.786;23.326;26.070;4.933.803;16.411.573;62.500
82.485.000;60.178;0.0470;545.930;24.430;26.290;5.214.900;14.488.048;62.500
82.490.000;60.326;0.0460;543.715;26.221;26.490;4.466.836;12.750.920;62.500
82.495.000;60.454;0.0480;543.175;25.706;26.360;3.023.178;11.501.414;62.500
82.500.000;60.513;0.0500;543.675;23.677;26.260;2.080.423;10.858.922;62.500
82.505.000;60.375;0.0560;545.007;21.071;26.260;1.882.493;10.623.727;62.500
82.510.000;60.345;0.0590;546.931;17.986;26.290;6.845.939;10.721.794;62.500
82.515.000;60.345;0.0620;547.809;14.740;26.380;7.228.676;11.032.582;62.500
82.520.000;60.141;0.0620;547.610;13.931;26.330;7.382.289;11.557.217;62.500
82.525.000;59.904;0.0580;546.678;15.307;26.310;9.714.515;12.291.635;62.500
82.530.000;60.536;0.0550;545.287;16.928;26.400;8.975.835;13.384.990;62.500
82.535.000;61.225;0.0540;543.890;18.572;26.480;2.757.452;13.925.233;62.500
82.540.000;61.024;0.0530;541.954;20.279;26.360;2.878.296;14.492.280;62.500
82.545.000;60.679;0.0510;540.077;22.836;26.320;2.996.431;14.899.034;62.500
82.550.000;60.225;0.0510;538.246;25.566;26.530;2.549.277;14.312.645;62.500
82.555.000;59.923;0.0510;536.275;26.739;26.750;2.313.688;13.541.636;62.500
82.560.000;60.221;0.0550;534.072;26.666;26.680;2.445.507;13.584.504;62.500
82.565.000;60.798;0.0570;531.525;26.189;26.710;2.491.095;11.633.938;62.500
82.570.000;60.586;0.0570;529.242;24.999;26.760;268.340;11.505.897;62.500
82.575.000;59.483;0.0560;527.353;23.451;26.730;7.646.466;11.190.479;62.500
82.580.000;59.483;0.0510;525.030;22.722;26.770;6.978.604;11.105.200;62.500
82.585.000;59.483;0.0480;522.578;24.302;26.880;6.389.745;10.966.658;62.500
82.590.000;59.509;0.0480;520.096;28.276;27.010;7.843.112;12.103.855;62.500
82.595.000;59.778;0.0470;517.403;32.505;27.150;268.340;12.817.952;62.500
82.600.000;60.263;0.0450;515.284;36.012;27.240;2.109.589;12.698.297;62.500
82.605.000;60.267;0.0430;514.101;39.189;27.300;2.250.467;12.606.096;62.500
82.610.000;59.906;0.0450;514.516;41.423;27.340;1.977.530;11.185.573;62.500
82.615.000;59.766;0.0450;517.110;42.213;27.220;9.175.823;9.339.166;62.500
82.620.000;59.476;0.0520;521.180;42.654;27.130;299.929;7.445.287;62.500
82.625.000;59.341;0.0600;525.988;44.180;26.890;8.123.802;6.419.720;62.500
82.630.000;59.342;0.0630;530.719;47.502;26.540;8.275.243;6.700.915;62.500
82.635.000;59.913;0.0660;533.755;51.538;26.360;9.544.342;7.734.268;62.500
82.640.000;59.802;0.0660;535.784;55.249;26.380;1.340.139;8.847.180;62.500
82.645.000;59.482;0.0620;536.707;58.062;26.450;4.134.272;10.047.018;62.500
82.650.000;59.106;0.0540;537.381;58.832;26.620;7.006.501;10.912.023;62.500
82.655.000;59.130;0.0520;540.452;57.081;26.670;6.390.964;9.893.005;62.500
82.660.000;59.256;0.0530;543.672;53.030;26.620;2.837.031;8.704.473;62.500
82.665.000;59.799;0.0580;544.594;49.691;26.300;857.299;7.587.759;62.500
82.670.000;60.317;0.0590;545.974;47.241;26.060;9.862.430;7.378.815;62.500
82.675.000;59.955;0.0610;548.401;45.350;26.000;996.459;8.446.215;62.500
82.680.000;59.914;0.0620;549.139;46.243;26.080;3.071.040;9.553.986;62.500
82.685.000;59.501;0.0640;547.769;47.593;26.240;5.363.754;10.759.418;62.500
82.690.000;59.483;0.0620;543.761;44.948;26.420;7.164.283;12.223.715;62.500
82.695.000;59.483;0.0580;540.296;39.223;26.650;2.188.974;12.547.040;62.500
82.700.000;59.483;0.0570;540.306;34.158;26.650;2.325.738;13.096.390;62.500
82.705.000;59.483;0.0600;541.001;30.271;26.460;2.335.154;12.297.930;62.500
82.710.000;59.483;0.0620;540.771;28.093;26.260;1.977.530;11.825.653;62.500
82.715.000;59.483;0.0650;541.885;28.681;26.130;7.315.531;11.092.932;62.500
82.720.000;59.483;0.0660;543.686;28.610;26.150;5.079.125;10.380.691;62.500
82.725.000;59.841;0.0680;545.820;28.416;26.180;3.418.909;9.699.406;62.500
82.730.000;59.914;0.0690;547.564;30.449;26.260;2.644.309;8.986.086;62.500
82.735.000;59.914;0.0680;548.223;33.008;26.330;2.116.084;8.363.501;62.500
82.740.000;59.914;0.0660;548.038;34.227;26.220;1.755.717;8.657.187;62.500
82.745.000;59.914;0.0640;547.396;34.452;26.120;3.032.886;9.196.584;62.500
82.750.000;59.607;0.0630;546.315;34.465;26.260;4.016.072;9.812.708;62.500
82.755.000;59.535;0.0600;545.566;34.480;26.460;5.082.590;9.668.709;62.500
82.760.000;60.459;0.0590;546.333;34.655;26.540;2.758.158;8.838.849;62.500
82.765.000;60.558;0.0640;548.532;35.591;26.680;316.448;7.664.912;62.500
82.770.000;60.121;0.0680;551.655;37.978;26.570;8.342.043;6.548.431;62.500
82.775.000;60.045;0.0690;555.217;40.625;26.120;7.271.617;5.742.558;62.500
82.780.000;60.269;0.0770;558.697;40.942;25.820;7.513.962;6.049.624;62.500
82.785.000;60.071;0.0770;561.986;38.504;25.860;7.845.471;6.412.261;62.500
82.790.000;60.107;0.0750;564.160;34.841;26.000;8.191.605;6.513.126;62.500
82.795.000;60.531;0.0740;564.156;31.249;26.030;8.586.646;6.580.865;62.500
82.800.000;60.950;0.0690;562.579;28.424;26.060;8.586.646;6.441.428;62.500
82.805.000;61.167;0.0690;560.347;27.730;26.080;8.136.567;6.124.327;62.500
82.810.000;60.828;0.0690;557.707;28.969;26.060;7.728.614;5.986.429;62.500
82.815.000;60.264;0.0690;553.825;29.740;26.080;7.339.081;6.310.563;62.500
82.820.000;59.579;0.0700;548.778;28.918;26.210;7.407.172;7.620.329;62.500
82.825.000;59.087;0.0690;542.921;29.235;26.330;8.451.917;8.611.223;62.500
82.830.000;59.126;0.0670;536.722;32.407;26.620;9.685.131;10.089.553;62.500
82.835.000;59.089;0.0590;530.729;37.100;26.830;1.190.084;13.205.016;62.500
82.840.000;59.193;0.0560;524.979;42.962;26.930;2.879.728;15.093.994;62.500
82.845.000;59.272;0.0510;519.051;49.247;27.010;2.084.237;16.109.591;62.500
82.850.000;59.462;0.0520;513.686;54.084;27.160;4.535.607;17.184.944;62.500
82.855.000;59.354;0.0520;508.725;58.046;27.320;7.484.252;18.205.216;62.500
82.860.000;59.636;0.0480;504.396;63.867;27.360;4.159.463;19.369.247;62.500
82.865.000;61.171;0.0400;500.617;69.701;27.420;2.234.874;19.093.906;62.500
82.870.000;61.002;0.0390;497.704;69.942;27.650;6.272.778;19.219.547;62.500
82.875.000;60.440;0.0380;496.335;63.490;27.760;5.708.126;19.649.604;62.500
82.880.000;61.370;0.0380;496.888;52.802;27.780;4.933.803;18.831.837;62.500
82.885.000;61.554;0.0410;498.874;42.226;27.620;5.166.962;18.314.344;62.500
82.890.000;61.258;0.0450;502.394;35.100;27.370;4.256.580;17.047.441;62.500
82.895.000;61.556;0.0460;507.494;33.016;27.100;3.455.268;15.212.156;62.500
82.900.000;61.544;0.0470;512.627;35.578;27.000;2.804.805;13.635.100;62.500
82.905.000;61.229;0.0510;517.907;39.502;26.960;2.349.833;12.705.854;62.500
82.910.000;60.945;0.0610;522.424;42.225;26.740;2.051.945;12.467.778;62.500
82.915.000;60.393;0.0700;525.388;43.896;26.450;2.437.966;13.725.934;62.500
82.920.000;60.828;0.0750;528.521;46.381;26.290;2.859.515;14.587.756;62.500
82.925.000;61.099;0.0750;530.236;48.236;26.340;3.353.954;15.058.715;62.500
82.930.000;60.616;0.0720;529.990;46.638;26.450;3.933.886;16.945.582;62.500
82.935.000;60.117;0.0610;529.196;41.737;26.500;4.614.094;19.311.846;62.500
82.940.000;59.889;0.0550;527.112;36.924;26.550;5.411.917;20.000.000;62.500
82.945.000;60.355;0.0510;524.437;34.771;26.620;6.347.692;19.716.224;62.500
82.950.000;60.566;0.0510;522.055;34.468;26.700;7.445.272;19.551.331;62.500
82.955.000;60.345;0.0510;519.124;34.525;26.770;8.746.714;19.724.092;62.500
82.960.000;61.126;0.0470;517.247;35.011;27.010;9.160.062;19.126.758;62.500
82.965.000;61.638;0.0450;517.107;37.262;27.040;6.163.523;18.754.390;62.500
82.970.000;61.638;0.0460;518.571;43.565;27.030;4.628.997;17.578.977;62.500
82.975.000;61.936;0.0470;520.376;54.689;26.920;3.476.521;15.198.793;62.500
82.980.000;62.069;0.0480;520.809;67.727;26.730;3.024.231;14.712.650;62.500
82.985.000;62.069;0.0520;522.810;79.706;26.660;3.061.605;14.746.111;62.500
82.990.000;61.421;0.0540;523.238;91.213;26.860;3.167.149;15.153.008;62.500
82.995.000;61.211;0.0540;522.300;102.319;27.040;4.228.683;16.565.831;62.500
83.000.000;61.207;0.0470;520.305;107.511;27.010;5.791.326;18.932.328;62.500
83.005.000;61.207;0.0380;517.307;100.013;26.900;7.204.774;19.066.646;62.500
83.010.000;60.504;0.0370;516.201;82.261;27.010;5.126.656;19.599.363;62.500
83.015.000;60.689;0.0390;518.097;66.992;27.170;4.215.992;19.042.163;62.500
83.020.000;61.138;0.0400;518.572;64.778;27.100;3.916.647;17.577.003;62.500
83.025.000;61.229;0.0420;519.738;75.560;26.720;3.952.985;16.880.005;62.500
83.030.000;60.897;0.0430;520.470;99.373;26.440;2.987.126;15.634.806;62.500
83.035.000;60.169;0.0440;521.625;131.497;26.470;2.221.178;14.498.431;62.500
83.040.000;60.758;0.0460;523.469;152.517;26.850;1.802.125;12.521.433;62.500
83.045.000;60.776;0.0510;525.367;144.700;27.140;8.722.606;11.485.435;62.500
83.050.000;60.776;0.0590;527.210;109.276;27.130;7.393.662;10.722.164;62.500
83.055.000;60.784;0.0600;529.204;69.233;26.790;7.810.186;10.757.266;62.500
83.060.000;61.206;0.0600;531.502;48.552;26.460;82.024;11.116.434;62.500
83.065.000;61.207;0.0580;533.297;42.614;26.270;2.033.083;11.945.231;62.500
83.070.000;61.207;0.0560;533.288;40.576;26.330;2.819.866;14.233.378;62.500
83.075.000;61.207;0.0550;530.234;37.533;26.520;3.650.260;16.776.652;62.500
83.080.000;61.202;0.0530;524.637;34.932;26.770;4.911.679;19.069.955;62.500
83.085.000;60.820;0.0470;517.655;34.278;27.010;7.544.788;19.355.991;62.500
83.090.000;61.112;0.0440;510.569;33.312;27.200;1.536.805;19.136.541;62.500
83.095.000;61.201;0.0390;504.874;30.646;27.380;5.410.361;19.070.618;62.500
83.100.000;61.228;0.0390;501.430;26.468;27.510;6.541.804;19.050.693;62.500
83.105.000;61.661;0.0410;501.234;22.118;27.480;6.737.872;18.737.068;62.500
83.110.000;62.069;0.0470;504.166;19.459;27.200;3.809.626;17.568.374;62.500
83.115.000;62.069;0.0590;508.644;19.683;26.880;2.731.222;13.731.731;62.500
83.120.000;62.060;0.0680;513.442;22.560;26.600;2.468.196;13.284.288;62.500
83.125.000;61.871;0.0800;517.579;28.928;26.380;2.977.858;15.063.309;62.500
83.130.000;61.602;0.0800;518.290;36.196;26.390;4.523.006;17.811.749;62.500
83.135.000;61.216;0.0720;515.848;39.228;26.510;6.907.090;19.059.354;62.500
83.140.000;61.385;0.0640;511.411;37.679;26.970;454.026;18.935.553;62.500
83.145.000;61.679;0.0550;506.149;36.849;27.790;4.460.001;18.723.984;62.500
83.150.000;62.018;0.0460;501.286;39.442;28.190;4.042.264;18.485.822;62.500
83.155.000;61.638;0.0410;496.729;42.301;28.020;2.717.509;18.753.138;62.500
83.160.000;61.638;0.0400;492.607;45.157;27.710;1.013.433;18.753.104;62.500
83.165.000;61.654;0.0380;490.895;52.032;27.530;9.771.771;18.741.656;62.500
83.170.000;61.735;0.0370;490.743;62.449;27.660;9.993.538;18.684.053;62.500
83.175.000;61.638;0.0360;490.653;69.803;27.820;614.199;18.753.007;62.500
83.180.000;61.638;0.0350;490.209;68.805;27.790;1.309.714;18.752.972;62.500
83.185.000;61.657;0.0340;489.739;58.960;27.660;2.423.711;18.739.385;62.500
83.190.000;61.952;0.0310;490.144;43.420;27.530;172.941;18.531.400;62.500
83.195.000;62.578;0.0310;491.014;29.803;27.410;8.194.631;18.105.010;62.500
83.200.000;62.906;0.0320;491.708;22.640;27.330;5.809.933;17.889.308;62.500
83.205.000;62.668;0.0340;492.564;21.785;27.210;4.560.482;17.424.286;62.500
83.210.000;62.512;0.0370;493.803;26.303;27.310;4.295.576;17.009.170;62.500
83.215.000;62.941;0.0370;494.882;32.687;27.520;3.668.632;16.482.615;62.500
83.220.000;62.780;0.0380;495.946;39.249;27.480;3.150.283;15.449.624;62.500
83.225.000;62.345;0.0400;496.953;43.849;27.330;2.961.477;14.676.769;62.500
83.230.000;62.500;0.0390;498.340;44.993;27.400;2.787.535;13.950.742;62.500
83.235.000;62.384;0.0400;500.502;38.987;27.410;2.625.513;13.383.422;62.500
83.240.000;62.069;0.0410;502.324;32.145;27.360;2.515.329;13.453.278;62.500
83.245.000;61.944;0.0430;502.994;30.242;27.300;2.683.729;13.731.904;62.500
83.250.000;61.638;0.0430;503.748;33.534;27.130;2.877.531;14.100.873;62.500
83.255.000;61.638;0.0450;504.733;36.070;27.170;3.072.177;14.753.903;62.500
83.260.000;61.638;0.0460;505.727;37.088;27.440;3.378.651;15.313.711;62.500
83.265.000;61.495;0.0470;506.863;43.059;27.420;3.022.779;15.296.753;62.500
83.270.000;61.207;0.0480;508.862;49.622;27.280;2.209.283;13.949.406;62.500
83.275.000;61.207;0.0470;512.191;53.083;27.230;8.483.580;10.514.329;62.500
83.280.000;61.207;0.0470;517.068;59.904;27.240;3.057.367;8.879.995;62.500
83.285.000;61.207;0.0520;522.495;74.809;26.960;187.043;7.927.795;62.500
83.290.000;61.207;0.0570;526.058;99.177;26.720;9.106.082;6.935.984;62.500
83.295.000;61.207;0.0600;528.394;126.687;26.580;8.199.173;6.201.171;62.500
83.300.000;61.207;0.0670;529.260;137.493;26.540;7.455.898;5.459.255;62.500
83.305.000;61.373;0.0690;527.804;116.041;26.530;6.753.757;5.387.194;62.500
83.310.000;61.431;0.0740;524.785;87.513;26.760;7.712.216;6.505.696;62.500
83.315.000;61.207;0.0760;519.480;64.345;27.010;9.533.290;8.381.119;62.500
83.320.000;61.207;0.0770;512.784;50.624;26.960;9.064.969;10.580.919;62.500
83.325.000;61.207;0.0670;506.978;42.294;27.030;4.335.429;15.843.788;62.500
83.330.000;61.207;0.0580;501.918;36.642;27.340;5.263.282;18.865.294;62.500
83.335.000;61.207;0.0490;499.223;32.817;27.630;5.166.962;18.825.736;62.500
83.340.000;61.376;0.0470;498.156;31.108;27.840;3.824.518;18.432.715;62.500
83.345.000;61.638;0.0460;497.915;31.207;27.840;2.338.408;16.518.215;62.500
83.350.000;61.638;0.0470;499.980;32.427;27.370;2.009.931;11.382.537;62.500
83.355.000;61.743;0.0480;503.397;34.325;27.240;7.646.466;10.842.997;62.500
83.360.000;61.931;0.0530;506.717;35.935;27.300;456.384;11.584.039;62.500
83.365.000;61.940;0.0600;509.166;36.325;27.100;538.547;12.859.277;62.500
83.370.000;61.951;0.0620;509.626;35.017;26.930;3.571.145;15.555.187;62.500
83.375.000;61.638;0.0610;508.630;32.413;26.880;4.026.674;16.393.275;62.500
83.380.000;61.638;0.0580;507.215;29.778;26.920;4.216.965;16.778.110;62.500
83.385.000;61.638;0.0520;505.378;27.707;27.010;3.688.945;16.399.924;62.500
83.390.000;61.692;0.0520;504.225;25.844;27.200;1.977.530;15.946.938;62.500
83.395.000;62.061;0.0540;504.612;24.661;27.300;7.582.405;10.724.901;62.500
83.400.000;61.670;0.0550;506.374;24.856;27.260;9.551.957;6.732.995;62.500
83.405.000;61.638;0.0570;509.133;26.474;27.050;7.293.677;5.523.391;62.500
83.410.000;61.638;0.0690;512.112;28.044;27.000;6.816.417;5.371.594;62.500
83.415.000;61.638;0.0770;514.966;30.681;26.770;7.694.570;6.353.818;62.500
83.420.000;61.638;0.0810;516.017;33.677;26.660;8.991.630;7.851.756;62.500
83.425.000;61.638;0.0750;514.893;35.769;26.660;160.930;9.428.751;62.500
83.430.000;61.638;0.0650;512.131;36.715;26.780;1.959.025;12.377.585;62.500
83.435.000;61.638;0.0590;507.168;37.505;27.160;2.311.357;12.505.634;62.500
83.440.000;61.638;0.0560;501.675;39.050;27.350;2.146.530;12.377.196;62.500
83.445.000;61.638;0.0550;496.660;39.725;27.510;2.229.780;12.451.687;62.500
83.450.000;61.638;0.0550;491.540;39.909;27.900;2.423.027;13.201.433;62.500
83.455.000;61.985;0.0540;487.106;40.488;27.860;2.732.104;13.314.446;62.500
83.460.000;62.138;0.0530;483.361;42.286;27.740;2.824.699;14.001.761;62.500
83.465.000;62.077;0.0520;480.626;45.563;27.850;2.026.190;13.575.309;62.500
83.470.000;62.282;0.0510;479.170;49.613;28.140;5.989.106;9.939.706;62.500
83.475.000;62.471;0.0510;478.395;52.657;28.230;1.626.560;8.382.368;62.500
83.480.000;62.419;0.0510;478.626;55.775;28.140;8.123.802;6.680.967;62.500
83.485.000;62.341;0.0580;479.757;60.387;28.130;9.576.302;7.169.246;62.500
83.490.000;62.447;0.0610;481.952;66.676;27.930;1.571.804;8.611.910;62.500
83.495.000;62.073;0.0630;484.140;74.136;27.600;3.983.126;10.009.666;62.500
83.500.000;62.066;0.0690;489.154;82.056;27.550;7.768.293;10.987.050;62.500
83.505.000;61.755;0.0840;501.150;90.339;27.740;5.553.982;9.791.206;62.500
83.510.000;61.630;0.0890;514.270;100.659;27.930;2.308.597;8.316.995;62.500
83.515.000;62.115;0.1110;525.848;114.680;27.130;1.327.769;8.166.276;62.500
83.520.000;62.439;0.1220;535.916;132.202;26.100;2.344.797;8.321.607;62.500
83.525.000;62.500;0.1230;543.036;151.409;25.650;4.064.434;9.023.061;62.500
83.530.000;61.638;0.1220;548.021;169.251;25.610;6.995.083;10.198.201;62.500
83.535.000;61.638;0.1170;547.817;181.666;25.900;9.353.732;11.502.043;62.500
83.540.000;61.638;0.1100;540.846;175.209;26.360;9.195.079;11.318.987;62.500
83.545.000;61.638;0.1060;533.281;135.246;26.780;8.324.739;11.096.774;62.500
83.550.000;61.638;0.0993;526.751;82.829;27.010;8.318.759;12.085.297;62.500
83.555.000;61.638;0.0938;522.192;47.619;26.890;9.305.654;13.430.388;62.500
83.560.000;61.637;0.0902;518.363;32.201;26.820;5.025.777;17.644.089;62.500
83.565.000;61.233;0.0856;514.014;27.616;26.840;6.865.695;19.044.629;62.500
83.570.000;61.723;0.0796;509.391;26.090;26.650;8.275.243;18.689.803;62.500
83.575.000;61.659;0.0686;504.272;25.198;26.980;6.228.842;18.735.356;62.500
83.580.000;61.519;0.0594;498.897;24.533;27.450;2.033.083;18.385.142;62.500
83.585.000;61.612;0.0517;493.718;25.907;27.690;3.031.333;15.606.737;62.500
83.590.000;61.941;0.0506;488.253;30.191;27.620;6.414.307;11.295.444;62.500
83.595.000;62.069;0.0495;484.660;35.592;27.680;9.175.823;7.721.440;62.500
83.600.000;62.069;0.0485;484.209;41.808;27.820;4.754.874;5.377.328;62.500
83.605.000;62.069;0.0477;485.722;48.708;28.235;3.916.647;4.503.438;62.500
83.610.000;62.381;0.0525;487.295;57.565;27.960;4.026.674;4.490.584;62.500
83.615.000;62.116;0.0580;488.610;68.249;27.608;4.178.201;5.037.711;62.500
83.620.000;62.069;0.0613;489.582;81.597;27.469;4.498.574;5.969.808;62.500
83.625.000;62.069;0.0574;489.828;98.843;27.616;5.895.964;7.250.668;62.500
83.630.000;62.254;0.0529;489.343;117.205;27.802;8.680.728;8.879.068;62.500
83.635.000;62.413;0.0483;487.693;142.130;27.669;456.384;10.464.476;62.500
83.640.000;62.100;0.0442;485.256;163.201;27.802;2.014.394;15.238.124;62.500
83.645.000;62.069;0.0405;483.158;187.851;28.029;3.951.114;18.446.527;62.500
83.650.000;62.069;0.0366;481.987;212.768;28.039;816.604;18.446.486;62.500
83.655.000;62.096;0.0371;481.813;237.560;27.964;8.788.818;18.427.769;62.500
83.660.000;62.463;0.0399;482.770;260.337;27.978;6.069.904;18.177.521;62.500
83.665.000;62.499;0.0427;484.626;227.806;27.973;4.273.221;17.975.042;62.500
83.670.000;62.512;0.0455;487.407;189.147;27.795;3.672.009;16.634.746;62.500
83.675.000;62.502;0.0490;491.326;149.724;27.611;2.981.938;15.793.059;62.500
83.680.000;62.495;0.0530;496.460;120.051;27.687;1.941.340;14.690.592;62.500
83.685.000;62.870;0.0547;504.638;100.511;27.234;9.353.732;13.278.176;62.500
83.690.000;62.574;0.0532;514.840;87.417;27.152;4.119.041;11.264.844;62.500
83.695.000;62.538;0.0517;527.543;74.167;27.350;8.909.766;8.576.890;62.500
83.700.000;62.142;0.0542;537.558;62.934;27.260;7.982.502;6.726.445;62.500
83.705.000;-9.990.000;0.0612;540.644;74.523;27.207;7.615.256;6.361.473;62.500
83.710.000;-9.990.000;0.0681;541.284;84.826;26.948;8.567.635;7.117.600;62.500
83.715.000;-9.990.000;0.0751;539.298;96.398;26.826;521.044;8.655.971;62.500
83.720.000;-9.990.000;0.0805;533.129;116.306;27.241;135.510;8.353.553;62.500
83.725.000;-9.990.000;0.0749;524.474;137.377;27.463;9.504.761;7.857.546;62.500
83.730.000;-9.990.000;0.0702;513.669;163.661;27.541;1.048.518;9.068.788;62.500
83.735.000;-9.990.000;0.0675;506.682;191.133;27.438;3.253.367;10.784.333;62.500
83.740.000;-9.990.000;0.0642;505.943;218.697;27.575;5.222.523;12.304.248;62.500
83.745.000;-9.990.000;0.0585;505.908;246.227;27.587;2.109.170;9.895.981;62.500
83.750.000;-9.990.000;0.0528;507.355;273.455;27.502;000.0000;8.247.059;62.500
83.755.000;-9.990.000;0.0470;510.070;283.185;27.347;8.258.204;6.872.325;62.500
83.760.000;-9.990.000;0.0413;514.245;265.484;27.490;6.569.213;5.525.495;62.500
83.765.000;-9.990.000;0.0356;518.863;247.945;27.362;6.943.486;5.825.264;62.500
83.770.000;-9.990.000;0.0313;523.371;244.542;27.150;6.272.778;5.287.458;62.500
83.775.000;-9.990.000;0.0280;527.268;248.159;26.932;4.433.272;3.804.060;62.500
83.780.000;-9.990.000;0.0247;530.735;251.936;26.916;3.157.155;2.767.661;62.500
83.785.000;-9.990.000;0.0260;532.367;255.718;26.975;1.951.479;17.429.065;62.500
83.790.000;-9.990.000;0.0284;532.146;259.373;26.894;6.236.084;13.082.435;62.500
83.795.000;-9.990.000;0.0308;532.044;258.751;27.039;3.625.684;11.072.362;62.500
83.800.000;-9.990.000;0.0332;532.161;247.917;27.157;3.308.558;10.826.892;62.500
83.805.000;-9.990.000;0.0356;531.421;237.269;27.215;3.253.367;10.784.130;62.500
83.810.000;-9.990.000;0.0381;530.705;226.607;26.916;4.528.225;11.769.325;62.500
83.815.000;-9.990.000;0.0401;529.657;215.952;26.688;4.943.944;12.089.611;62.500
83.820.000;-9.990.000;0.0374;528.221;205.296;26.649;3.879.688;11.268.677;62.500
83.825.000;-9.990.000;0.0338;527.105;194.641;26.676;4.996.479;12.130.024;62.500
83.830.000;-9.990.000;0.0317;524.008;183.985;26.870;5.650.157;12.632.653;62.500
83.835.000;-9.990.000;0.0318;520.093;173.330;27.027;2.356.819;2.103.698;62.500
83.840.000;-9.990.000;0.0314;517.205;162.665;26.999;2.858.576;2.521.393;62.500
83.845.000;-9.990.000;0.0274;515.125;152.035;27.392;3.441.634;3.000.739;62.500
83.850.000;-9.990.000;0.0234;513.386;141.077;27.340;3.505.792;3.053.131;62.500
83.855.000;-9.990.000;0.0194;511.338;146.995;27.062;2.628.271;2.330.313;62.500
83.860.000;-9.990.000;0.0172;508.094;159.681;26.796;1.995.877;1.799.647;62.500
83.865.000;-9.990.000;0.0191;504.342;163.831;26.962;2.084.735;1.874.800;62.500
83.870.000;-9.990.000;0.0236;499.985;157.020;27.192;2.229.780;1.997.034;62.500
83.875.000;-9.990.000;0.0290;494.401;163.672;27.462;2.313.688;2.067.507;62.500
83.880.000;-9.990.000;0.0343;488.395;181.192;27.748;7.279.248;13.880.601;62.500
83.885.000;-9.990.000;0.0396;483.267;198.849;28.035;951.145;8.992.278;62.500
83.890.000;-9.990.000;0.0426;480.081;216.618;28.319;6.940.555;5.822.729;62.500
83.895.000;-9.990.000;0.0435;479.220;233.327;28.438;5.512.012;4.673.883;62.500
83.900.000;-9.990.000;0.0478;478.509;228.060;28.409;5.263.282;4.472.463;62.500
83.905.000;-9.990.000;0.0533;477.332;221.822;28.252;6.202.787;5.230.997;62.500
83.910.000;-9.990.000;0.0589;475.788;212.808;28.036;8.509.285;7.071.024;62.500
83.915.000;-9.990.000;0.0625;474.110;203.854;28.305;1.673.450;9.556.175;62.500
83.920.000;-9.990.000;0.0616;472.258;194.883;28.564;6.014.204;12.911.805;62.500
83.925.000;-9.990.000;0.0605;471.003;185.946;28.735;8.310.514;14.667.379;62.500
83.930.000;-9.990.000;0.0576;470.053;178.781;28.644;9.897.421;15.873.917;62.500
83.935.000;-9.990.000;0.0545;473.061;188.522;28.736;9.897.421;15.873.894;62.500
83.940.000;-9.990.000;0.0513;477.981;198.234;28.367;82.024;16.013.901;62.500
83.945.000;-9.990.000;0.0481;479.618;207.733;28.207;1.031.050;16.732.716;62.500
83.950.000;-9.990.000;0.0473;478.923;211.933;28.055;2.561.076;2.274.288;62.500
83.955.000;-9.990.000;0.0504;483.059;197.578;27.941;3.393.034;2.960.889;62.500
83.960.000;-9.990.000;0.0538;486.034;187.587;28.172;4.050.408;3.495.310;62.500
83.965.000;-9.990.000;0.0548;486.293;199.153;28.346;3.332.520;2.911.351;62.500
83.970.000;-9.990.000;0.0521;483.694;210.381;28.239;2.533.909;2.251.625;62.500
83.975.000;-9.990.000;0.0475;479.794;221.537;28.420;2.109.589;1.895.713;62.500
83.980.000;-9.990.000;0.0458;478.082;231.150;28.225;2.500.257;2.223.542;62.500
83.985.000;-9.990.000;0.0506;477.603;235.495;28.138;2.900.324;2.555.788;62.500
83.990.000;-9.990.000;0.0553;472.751;232.222;28.294;3.138.035;2.751.739;62.500
83.995.000;-9.990.000;0.0562;469.356;219.576;28.217;2.921.141;2.572.981;62.500
84.000.000;-9.990.000;0.0530;468.196;207.370;28.125;2.635.725;2.336.396;62.500
